Zini     MH   logAge Mini        int_IMF         Mass   logL    logTe  logg  label   McoreTP C_O  period0  period1  period2  period3  period4  pmode  Mloss  tau1m   X   Y   Xc  Xn  Xo  Cexcess  Z 	 mbolmag  Umag    Bmag    Vmag    Rmag    Imag    Jmag    Hmag    Kmag
0.01471 0.00000 7.60206 0.0900000036 1.0816895962    0.090 -2.470  3.4055  4.436    0  0.000  0.545     0.00     0.00     0.00     0.00     0.00 -1 -8.71e-16      0.00 7.107e-01 2.745e-01 2.655e-03 7.163e-04 6.496e-03 -1.000 1.476e-02 10.944 18.895 17.055 15.466 13.525 11.372 8.888 8.301 7.943
0.01471 0.00000 7.60206 0.0930593014 1.1103651524    0.093 -2.448  3.4081  4.439    0  0.000  0.545     0.00     0.00     0.00     0.00     0.00 -1 -8.98e-16      0.00 7.107e-01 2.745e-01 2.655e-03 7.163e-04 6.496e-03 -1.000 1.476e-02 10.889 18.844 17.001 15.412 13.470 11.317 8.833 8.246 7.888
0.01471 0.00000 7.60206 0.1000000015 1.1711064577    0.100 -2.397  3.4140  4.443    0  0.000  0.545     0.00     0.00     0.00     0.00     0.00 -1 -9.69e-16      0.00 7.107e-01 2.745e-01 2.655e-03 7.163e-04 6.496e-03 -1.000 1.476e-02 10.762 18.724 16.877 15.287 13.344 11.190 8.706 8.119 7.761
0.01471 0.00000 7.60206 0.1067323610 1.2250034809    0.107 -2.353  3.4190  4.447    0  0.000  0.545     0.00     0.00     0.00     0.00     0.00 -1 -1.03e-15      0.00 7.107e-01 2.745e-01 2.655e-03 7.163e-04 6.496e-03 -1.000 1.476e-02 10.653 18.528 16.700 15.112 13.189 11.052 8.601 8.013 7.657
0.01471 0.00000 7.60206 0.1200000048 1.3193155527    0.120 -2.271  3.4284  4.454    0  0.000  0.545     0.00     0.00     0.00     0.00     0.00 -1 -1.17e-15      0.00 7.107e-01 2.745e-01 2.655e-03 7.163e-04 6.496e-03 -1.000 1.476e-02 10.448 17.917 16.183 14.608 12.781 10.717 8.415 7.824 7.474
0.01471 0.00000 7.60206 0.1390170902 1.4331268072    0.139 -2.170  3.4399  4.463    0  0.000  0.545     0.00     0.00     0.00     0.00     0.00 -1 -1.35e-15      0.00 7.107e-01 2.745e-01 2.655e-03 7.163e-04 6.496e-03 -1.000 1.476e-02 10.196 17.202 15.568 14.021 12.302 10.322 8.186 7.592 7.252
0.01471 0.00000 7.60206 0.1400000006 1.4384527206    0.140 -2.165  3.4404  4.463    0  0.000  0.545     0.00     0.00     0.00     0.00     0.00 -1 -1.36e-15      0.00 7.107e-01 2.745e-01 2.655e-03 7.163e-04 6.496e-03 -1.000 1.476e-02 10.184 17.169 15.539 13.993 12.279 10.303 8.175 7.581 7.241
0.01471 0.00000 7.60206 0.1599999964 1.5372931957    0.160 -2.076  3.4504  4.472    0  0.000  0.545     0.00     0.00     0.00     0.00     0.00 -1 -1.55e-15      0.00 7.107e-01 2.745e-01 2.655e-03 7.163e-04 6.496e-03 -1.000 1.476e-02 9.961 16.574 15.018 13.495 11.870 9.967 7.973 7.376 7.046
0.01471 0.00000 7.60206 0.2212936878 1.7614940405    0.221 -1.864  3.4729  4.491    0  0.000  0.545     0.00     0.00     0.00     0.00     0.00 -1  -2.1e-15      0.00 7.107e-01 2.745e-01 2.655e-03 7.163e-04 6.496e-03 -1.000 1.476e-02 9.430 15.303 13.879 12.387 10.946 9.223 7.491 6.886 6.580
0.01471 0.00000 7.60206 0.2491019368 1.8380409479    0.249 -1.787  3.4808  4.497    0  0.000  0.545     0.00     0.00     0.00     0.00     0.00 -1 -2.34e-15      0.00 7.107e-01 2.745e-01 2.655e-03 7.163e-04 6.496e-03 -1.000 1.476e-02 9.238 14.880 13.491 12.009 10.626 8.968 7.316 6.708 6.411
0.01471 0.00000 7.60206 0.2729226649 1.8952687979    0.273 -1.730  3.4866  4.503    0  0.000  0.545     0.00     0.00     0.00     0.00     0.00 -1 -2.53e-15      0.00 7.107e-01 2.745e-01 2.655e-03 7.163e-04 6.496e-03 -1.000 1.476e-02 9.095 14.581 13.210 11.728 10.384 8.781 7.189 6.577 6.287
0.01471 0.00000 7.60206 0.2825183868 1.9165164232    0.282 -1.709  3.4889  4.505    0  0.000  0.545     0.00     0.00     0.00     0.00     0.00 -1 -2.61e-15      0.00 7.107e-01 2.745e-01 2.655e-03 7.163e-04 6.496e-03 -1.000 1.476e-02 9.042 14.468 13.104 11.621 10.292 8.712 7.142 6.528 6.240
0.01471 0.00000 7.60206 0.2941071987 1.9409599304    0.294 -1.682  3.4915  4.506    0  0.000  0.545     0.00     0.00     0.00     0.00     0.00 -1 -2.72e-15      0.00 7.107e-01 2.745e-01 2.655e-03 7.163e-04 6.496e-03 -1.000 1.476e-02 8.974 14.334 12.979 11.500 10.187 8.627 7.080 6.465 6.180
0.01471 0.00000 7.60206 0.3000000119 1.9529139996    0.300 -1.669  3.4928  4.507    0  0.000  0.545     0.00     0.00     0.00     0.00     0.00 -1 -2.78e-15      0.00 7.107e-01 2.745e-01 2.655e-03 7.163e-04 6.496e-03 -1.000 1.476e-02 8.941 14.272 12.920 11.443 10.138 8.586 7.050 6.434 6.151
0.01471 0.00000 7.60206 0.3167013228 1.9851998091    0.317 -1.634  3.4961  4.509    0  0.000  0.545     0.00     0.00     0.00     0.00     0.00 -1 -2.92e-15      0.00 7.107e-01 2.745e-01 2.655e-03 7.163e-04 6.496e-03 -1.000 1.476e-02 8.855 14.110 12.767 11.298 10.011 8.481 6.971 6.352 6.073
0.01471 0.00000 7.60206 0.3500000238 2.0434176922    0.350 -1.571  3.5022  4.513    0  0.000  0.545     0.00     0.00     0.00     0.00     0.00 -1  -3.2e-15      0.00 7.107e-01 2.745e-01 2.655e-03 7.163e-04 6.496e-03 -1.000 1.476e-02 8.696 13.818 12.489 11.033 9.780 8.289 6.825 6.202 5.930
0.01471 0.00000 7.60206 0.3815232515 2.0922529697    0.381 -1.514  3.5079  4.517    0  0.000  0.545     0.00     0.00     0.00     0.00     0.00 -1 -3.48e-15      0.00 7.107e-01 2.745e-01 2.655e-03 7.163e-04 6.496e-03 -1.000 1.476e-02 8.554 13.560 12.242 10.797 9.574 8.119 6.696 6.068 5.803
0.01471 0.00000 7.60206 0.4000000358 2.1185026169    0.400 -1.483  3.5110  4.519    0  0.000  0.545     0.00     0.00     0.00     0.00     0.00 -1 -3.64e-15      0.00 7.107e-01 2.745e-01 2.655e-03 7.163e-04 6.496e-03 -1.000 1.476e-02 8.477 13.423 12.110 10.670 9.463 8.027 6.626 5.995 5.733
0.01471 0.00000 7.60206 0.4500000179 2.1822810173    0.450 -1.398  3.5198  4.520    0  0.000  0.545     0.00     0.00     0.00     0.00     0.00 -1 -4.17e-15      0.00 7.107e-01 2.745e-01 2.655e-03 7.163e-04 6.496e-03 -1.000 1.476e-02 8.264 13.051 11.747 10.321 9.155 7.776 6.434 5.794 5.541
0.01471 0.00000 7.60206 0.4810310304 2.2174031734    0.481 -1.347  3.5257  4.522    0  0.000  0.545     0.00     0.00     0.00     0.00     0.00 -1 -4.53e-15      0.00 7.107e-01 2.745e-01 2.655e-03 7.163e-04 6.496e-03 -1.000 1.476e-02 8.137 12.832 11.528 10.109 8.968 7.627 6.322 5.676 5.429
0.01471 0.00000 7.60206 0.5000000000 2.2374541759    0.500 -1.317  3.5288  4.522    0  0.000  0.545     0.00     0.00     0.00     0.00     0.00 -1 -4.75e-15      0.00 7.107e-01 2.745e-01 2.655e-03 7.163e-04 6.496e-03 -1.000 1.476e-02 8.063 12.708 11.405 9.989 8.862 7.542 6.256 5.608 5.363
0.01471 0.00000 7.60206 0.5101201534 2.2476491928    0.510 -1.302  3.5308  4.523    0  0.000  0.545     0.00     0.00     0.00     0.00     0.00 -1 -4.87e-15      0.00 7.107e-01 2.745e-01 2.655e-03 7.163e-04 6.496e-03 -1.000 1.476e-02 8.025 12.640 11.336 9.922 8.804 7.496 6.222 5.572 5.329
0.01471 0.00000 7.60206 0.5457397103 2.2800993919    0.545 -1.239  3.5378  4.517    0  0.000  0.545     0.00     0.00     0.00     0.00     0.00 -1 -5.47e-15      0.00 7.107e-01 2.745e-01 2.655e-03 7.163e-04 6.496e-03 -1.000 1.476e-02 7.868 12.383 11.076 9.672 8.581 7.317 6.083 5.427 5.189
0.01471 0.00000 7.60206 0.5500000119 2.2836582661    0.550 -1.232  3.5387  4.516    0  0.000  0.545     0.00     0.00     0.00     0.00     0.00 -1 -5.55e-15      0.00 7.107e-01 2.745e-01 2.655e-03 7.163e-04 6.496e-03 -1.000 1.476e-02 7.849 12.352 11.044 9.642 8.553 7.295 6.066 5.409 5.172
0.01471 0.00000 7.60206 0.5661012530 2.2965543270    0.566 -1.204  3.5424  4.516    0  0.000  0.545     0.00     0.00     0.00     0.00     0.00 -1 -5.83e-15      0.00 7.107e-01 2.745e-01 2.655e-03 7.163e-04 6.496e-03 -1.000 1.476e-02 7.780 12.234 10.923 9.523 8.449 7.215 6.007 5.347 5.113
0.01471 0.00000 7.60206 0.6000000238 2.3211214542    0.600 -1.134  3.5514  4.508    0  0.000  0.545     0.00     0.00     0.00     0.00     0.00 -1  -6.7e-15      0.00 7.107e-01 2.745e-01 2.655e-03 7.163e-04 6.496e-03 -1.000 1.476e-02 7.606 11.947 10.625 9.233 8.190 7.016 5.857 5.189 4.963
0.01471 0.00000 7.60206 0.6162516475 2.3318030834    0.616 -1.104  3.5564  4.509    0  0.000  0.545     0.00     0.00     0.00     0.00     0.00 -1 -7.07e-15      0.00 7.107e-01 2.745e-01 2.655e-03 7.163e-04 6.496e-03 -1.000 1.476e-02 7.530 11.814 10.483 9.093 8.066 6.928 5.795 5.123 4.902
0.01471 0.00000 7.60206 0.6327901483 2.3420281410    0.633 -1.070  3.5620  4.509    0  0.000  0.545     0.00     0.00     0.00     0.00     0.00 -1 -7.51e-15      0.00 7.107e-01 2.745e-01 2.655e-03 7.163e-04 6.496e-03 -1.000 1.476e-02 7.445 11.666 10.326 8.938 7.927 6.829 5.725 5.048 4.832
0.01471 0.00000 7.60206 0.6499999762 2.3520355225    0.650 -1.025  3.5691  4.505    0  0.000  0.545     0.00     0.00     0.00     0.00     0.00 -1 -8.24e-15      0.00 7.107e-01 2.745e-01 2.655e-03 7.162e-04 6.496e-03 -1.000 1.476e-02 7.333 11.479 10.124 8.739 7.749 6.703 5.633 4.951 4.743
0.01471 0.00000 7.60206 0.6554201841 2.3550622463    0.655 -1.011  3.5717  4.504    0  0.000  0.545     0.00     0.00     0.00     0.00     0.00 -1 -8.48e-15      0.00 7.107e-01 2.745e-01 2.655e-03 7.162e-04 6.495e-03 -1.000 1.476e-02 7.298 11.418 10.058 8.675 7.691 6.663 5.605 4.920 4.715
0.01471 0.00000 7.60206 0.6892147660 2.3727066517    0.689 -0.912  3.5904  4.502    0  0.000  0.545     0.00     0.00     0.00     0.00     0.00 -1 -1.04e-14      0.00 7.107e-01 2.745e-01 2.655e-03 7.162e-04 6.495e-03 -1.000 1.476e-02 7.050 10.987 9.590 8.226 7.287 6.387 5.407 4.705 4.527
0.01471 0.00000 7.60206 0.7000000477 2.3779268265    0.700 -0.876  3.5976  4.501    0  0.000  0.545     0.00     0.00     0.00     0.00     0.00 -1 -1.12e-14      0.00 7.107e-01 2.745e-01 2.655e-03 7.162e-04 6.495e-03 -1.000 1.476e-02 6.960 10.831 9.418 8.068 7.146 6.289 5.334 4.626 4.461
0.01471 0.00000 7.60206 0.7132546306 2.3840942383    0.713 -0.817  3.6156  4.523    0  0.000  0.543     0.00     0.00     0.00     0.00     0.00 -1 -1.24e-14      0.00 7.107e-01 2.745e-01 2.645e-03 7.159e-04 6.496e-03 -1.000 1.476e-02 6.813 10.500 9.058 7.757 6.879 6.124 5.228 4.524 4.386
0.01471 0.00000 7.60206 0.7307584882 2.3918459415    0.731 -0.739  3.6386  4.547    0  0.000  0.540     0.00     0.00     0.00     0.00     0.00 -1 -1.42e-14      0.00 7.107e-01 2.745e-01 2.633e-03 7.156e-04 6.496e-03 -1.000 1.476e-02 6.617 9.975 8.561 7.352 6.539 5.912 5.090 4.409 4.304
0.01471 0.00000 7.60206 0.7445579171 2.3976626396    0.745 -0.677  3.6558  4.562    0  0.000  0.538     0.00     0.00     0.00     0.00     0.00 -1  -1.6e-14      0.00 7.107e-01 2.745e-01 2.623e-03 7.154e-04 6.496e-03 -1.000 1.476e-02 6.462 9.447 8.173 7.045 6.292 5.744 4.983 4.348 4.256
0.01471 0.00000 7.60206 0.7500000000 2.3998889923    0.750 -0.653  3.6623  4.567    0  0.000  0.538     0.00     0.00     0.00     0.00     0.00 -1 -1.68e-14      0.00 7.107e-01 2.745e-01 2.619e-03 7.153e-04 6.496e-03 -1.000 1.476e-02 6.402 9.233 8.026 6.931 6.203 5.678 4.941 4.327 4.240
0.01471 0.00000 7.60206 0.7640379071 2.4054639339    0.764 -0.603  3.6709  4.560    0  0.000  0.538     0.00     0.00     0.00     0.00     0.00 -1 -1.88e-14      0.00 7.107e-01 2.745e-01 2.619e-03 7.152e-04 6.496e-03 -1.000 1.476e-02 6.278 8.912 7.794 6.742 6.048 5.549 4.843 4.255 4.174
0.01471 0.00000 7.60206 0.7885180712 2.4146416187    0.788 -0.517  3.6865  4.550    0  0.000  0.538     0.00     0.00     0.00     0.00     0.00 -1 -2.28e-14      0.00 7.107e-01 2.745e-01 2.619e-03 7.152e-04 6.496e-03 -1.000 1.476e-02 6.063 8.347 7.398 6.419 5.788 5.327 4.677 4.141 4.067
0.01471 0.00000 7.60206 0.8000000119 2.4187245369    0.800 -0.478  3.6939  4.546    0  0.000  0.538     0.00     0.00     0.00     0.00     0.00 -1 -2.49e-14      0.00 7.107e-01 2.745e-01 2.619e-03 7.152e-04 6.496e-03 -1.000 1.476e-02 5.964 8.098 7.223 6.277 5.673 5.228 4.603 4.089 4.018
0.01471 0.00000 7.60206 0.8177015185 2.4247612953    0.817 -0.418  3.7051  4.541    0  0.000  0.538     0.00     0.00     0.00     0.00     0.00 -1 -2.84e-14      0.00 7.107e-01 2.745e-01 2.619e-03 7.152e-04 6.496e-03 -1.000 1.476e-02 5.816 7.723 6.966 6.067 5.503 5.080 4.493 4.013 3.947
0.01471 0.00000 7.60206 0.8264109492 2.4276225567    0.826 -0.390  3.7106  4.539    0  0.000  0.538     0.00     0.00     0.00     0.00     0.00 -1 -3.03e-14      0.00 7.107e-01 2.745e-01 2.619e-03 7.152e-04 6.496e-03 -1.000 1.476e-02 5.745 7.549 6.847 5.970 5.423 5.011 4.441 3.978 3.913
0.01471 0.00000 7.60206 0.8500000238 2.4350347519    0.850 -0.338  3.7207  4.540    0  0.000  0.538     0.00     0.00     0.00     0.00     0.00 -1 -3.36e-14      0.00 7.107e-01 2.745e-01 2.619e-03 7.152e-04 6.496e-03 -1.000 1.475e-02 5.616 7.235 6.633 5.796 5.281 4.886 4.350 3.913 3.854
0.01471 0.00000 7.60206 0.8897796869 2.4465165138    0.889 -0.266  3.7359  4.548    0  0.000  0.538     0.00     0.00     0.00     0.00     0.00 -1 -3.87e-14      0.00 7.107e-01 2.745e-01 2.619e-03 7.152e-04 6.495e-03 -1.000 1.475e-02 5.435 6.802 6.339 5.559 5.086 4.716 4.227 3.831 3.777
0.01471 0.00000 7.60206 0.8999999762 2.4492788315    0.899 -0.253  3.7388  4.552    0  0.000  0.538     0.00     0.00     0.00     0.00     0.00 -1 -3.95e-14      0.00 7.107e-01 2.745e-01 2.619e-03 7.152e-04 6.495e-03 -1.000 1.476e-02 5.403 6.722 6.285 5.517 5.051 4.687 4.207 3.819 3.766
0.01471 0.00000 7.60206 0.9155372381 2.4533421993    0.915 -0.235  3.7429  4.558    0  0.000  0.538     0.00     0.00     0.00     0.00     0.00 -1 -4.06e-14      0.00 7.108e-01 2.745e-01 2.619e-03 7.151e-04 6.495e-03 -1.000 1.476e-02 5.358 6.609 6.211 5.460 5.006 4.648 4.180 3.801 3.750
0.01471 0.00000 7.60206 0.9499999881 2.4618122578    0.950 -0.190  3.7503  4.559    0  0.000  0.538     0.00     0.00     0.00     0.00     0.00 -1 -4.41e-14      0.00 7.108e-01 2.744e-01 2.619e-03 7.151e-04 6.495e-03 -1.000 1.476e-02 5.246 6.367 6.047 5.327 4.894 4.548 4.101 3.740 3.693
0.01471 0.00000 7.60206 0.9670973420 2.4657576084    0.967 -0.171  3.7533  4.560    0  0.000  0.538     0.00     0.00     0.00     0.00     0.00 -1 -4.57e-14      0.00 7.108e-01 2.744e-01 2.619e-03 7.151e-04 6.495e-03 -1.000 1.476e-02 5.198 6.272 5.979 5.271 4.847 4.505 4.066 3.712 3.666
0.01471 0.00000 7.60206 1.0000000000 2.4729156494    1.000 -0.120  3.7600  4.550    0  0.000  0.538     0.00     0.00     0.00     0.00     0.00 -1 -5.09e-14      0.00 7.108e-01 2.744e-01 2.619e-03 7.150e-04 6.495e-03 -1.000 1.476e-02 5.070 6.041 5.810 5.128 4.721 4.390 3.969 3.629 3.587
0.01471 0.00000 7.60206 1.0200183392 2.4770116806    1.020 -0.089  3.7637  4.542    0  0.000  0.538     0.00     0.00     0.00     0.00     0.00 -1 -5.29e-14      0.00 7.108e-01 2.744e-01 2.618e-03 7.150e-04 6.494e-03 -1.000 1.476e-02 4.992 5.909 5.708 5.042 4.645 4.319 3.908 3.577 3.536
0.01471 0.00000 7.60206 1.0499999523 2.4828116894    1.050 -0.031  3.7706  4.524    0  0.000  0.538     0.00     0.00     0.00     0.00     0.00 -1 -5.83e-14      0.00 7.108e-01 2.744e-01 2.618e-03 7.149e-04 6.493e-03 -1.000 1.476e-02 4.847 5.669 5.521 4.885 4.505 4.190 3.798 3.481 3.443
0.01471 0.00000 7.60206 1.1000000238 2.4916803837    1.099  0.064  3.7811  4.491    0  0.000  0.538     0.00     0.00     0.00     0.00     0.00 -1 -6.79e-14      0.00 7.109e-01 2.743e-01 2.618e-03 7.148e-04 6.492e-03 -1.000 1.476e-02 4.609 5.295 5.219 4.630 4.276 3.979 3.613 3.318 3.286
0.01471 0.00000 7.60206 1.1223194599 2.4953470230    1.122  0.107  3.7856  4.475    0  0.000  0.538     0.00     0.00     0.00     0.00     0.00 -1 -7.25e-14      0.00 7.110e-01 2.743e-01 2.618e-03 7.147e-04 6.491e-03 -1.000 1.476e-02 4.502 5.140 5.088 4.518 4.175 3.884 3.529 3.243 3.213
0.01471 0.00000 7.60206 1.1499999762 2.4996678829    1.149  0.161  3.7918  4.457    0  0.000  0.538     0.00     0.00     0.00     0.00     0.00 -1 -7.89e-14      0.00 7.110e-01 2.742e-01 2.617e-03 7.146e-04 6.490e-03 -1.000 1.472e-02 4.368 4.943 4.921 4.377 4.048 3.767 3.427 3.153 3.126
0.01471 0.00000 7.60206 1.2000000477 2.5068950653    1.200  0.255  3.8024  4.424    0  0.000  0.538     0.00     0.00     0.00     0.00     0.00 -1 -9.03e-14      0.00 7.111e-01 2.742e-01 2.617e-03 7.145e-04 6.490e-03 -1.000 1.476e-02 4.132 4.612 4.630 4.132 3.826 3.562 3.247 2.994 2.971
0.01471 0.00000 7.60206 1.2500000000 2.5134611130    1.250  0.346  3.8129  4.392    0  0.000  0.538     0.00     0.00     0.00     0.00     0.00 -1 -1.02e-13      0.00 7.111e-01 2.742e-01 2.617e-03 7.144e-04 6.489e-03 -1.000 1.476e-02 3.905 4.308 4.354 3.898 3.614 3.367 3.076 2.843 2.824
0.01471 0.00000 7.60206 1.2633006573 2.5151076317    1.263  0.371  3.8160  4.385    0  0.000  0.538     0.00     0.00     0.00     0.00     0.00 -1 -1.05e-13      0.00 7.111e-01 2.741e-01 2.617e-03 7.144e-04 6.489e-03 -1.000 1.476e-02 3.843 4.230 4.278 3.833 3.556 3.314 3.030 2.804 2.785
0.01471 0.00000 7.60206 1.2999999523 2.5194499493    1.300  0.430  3.8226  4.365    0  0.000  0.538     0.00     0.00     0.00     0.00     0.00 -1 -1.11e-13      0.00 7.111e-01 2.741e-01 2.617e-03 7.144e-04 6.489e-03 -1.000 1.476e-02 3.695 4.049 4.102 3.681 3.416 3.184 2.916 2.703 2.686
0.01471 0.00000 7.60206 1.3499999046 2.5249314308    1.350  0.507  3.8322  4.342    0  0.000  0.538     0.00     0.00     0.00     0.00     0.00 -1 -1.17e-13      0.00 7.112e-01 2.741e-01 2.616e-03 7.144e-04 6.488e-03 -1.000 1.473e-02 3.502 3.814 3.870 3.481 3.235 3.019 2.774 2.579 2.564
0.01471 0.00000 7.60206 1.3999999762 2.5299651623    1.400  0.580  3.8420  4.324    0  0.000  0.538     0.00     0.00     0.00     0.00     0.00 -1 -1.19e-13      0.00 7.112e-01 2.741e-01 2.616e-03 7.144e-04 6.488e-03 -1.000 1.468e-02 3.320 3.600 3.651 3.293 3.066 2.867 2.643 2.468 2.454
0.01471 0.00000 7.60206 1.4500000477 2.5346016884    1.450  0.648  3.8530  4.316    0  0.000  0.538     0.00     0.00     0.00     0.00     0.00 -1 -1.15e-13      0.00 7.112e-01 2.741e-01 2.616e-03 7.143e-04 6.488e-03 -1.000 1.476e-02 3.151 3.401 3.444 3.119 2.913 2.733 2.534 2.380 2.367
0.01471 0.00000 7.60206 1.5000000000 2.5388846397    1.500  0.713  3.8655  4.315    0  0.000  0.538     0.00     0.00     0.00     0.00     0.00 -1 -1.06e-13      0.00 7.112e-01 2.740e-01 2.615e-03 7.143e-04 6.487e-03 -1.000 1.475e-02 2.988 3.212 3.242 2.950 2.769 2.611 2.439 2.308 2.297
0.01471 0.00000 7.60206 1.5500000715 2.5428512096    1.550  0.775  3.8789  4.321    0  0.000  0.538     0.00     0.00     0.00     0.00     0.00 -1 -8.94e-14      0.00 7.112e-01 2.740e-01 2.616e-03 7.142e-04 6.487e-03 -1.000 1.476e-02 2.833 3.035 3.049 2.792 2.638 2.504 2.360 2.253 2.243
0.01471 0.00000 7.60206 1.6000000238 2.5465342999    1.600  0.836  3.8923  4.327    0  0.000  0.538     0.00     0.00     0.00     0.00     0.00 -1 -6.71e-14      0.00 7.113e-01 2.739e-01 2.615e-03 7.141e-04 6.486e-03 -1.000 1.475e-02 2.681 2.867 2.864 2.640 2.512 2.403 2.285 2.200 2.192
0.01471 0.00000 7.60206 1.6500000954 2.5499615669    1.649  0.893  3.9047  4.334    0  0.000  0.538     0.00     0.00     0.00     0.00     0.00 -1 -3.74e-14      0.00 7.113e-01 2.739e-01 2.615e-03 7.141e-04 6.486e-03 -1.000 1.475e-02 2.539 2.712 2.694 2.503 2.399 2.311 2.217 2.152 2.144
0.01471 0.00000 7.60206 1.7000000477 2.5531582832    1.699  0.948  3.9167  4.339    0  0.000  0.538     0.00     0.00     0.00     0.00     0.00 -1    -1e-30      0.00 7.113e-01 2.739e-01 2.615e-03 7.140e-04 6.485e-03 -1.000 1.474e-02 2.399 2.562 2.532 2.372 2.292 2.224 2.151 2.102 2.095
0.01471 0.00000 7.60206 1.7500000000 2.5561456680    1.749  1.002  3.9280  4.343    0  0.000  0.538     0.00     0.00     0.00     0.00     0.00 -1    -1e-30      0.00 7.113e-01 2.739e-01 2.614e-03 7.140e-04 6.485e-03 -1.000 1.475e-02 2.266 2.420 2.382 2.253 2.193 2.143 2.089 2.054 2.048
0.01471 0.00000 7.60206 1.7999999523 2.5589430332    1.799  1.054  3.9388  4.347    0  0.000  0.538     0.00     0.00     0.00     0.00     0.00 -1    -1e-30      0.00 7.114e-01 2.739e-01 2.614e-03 7.139e-04 6.485e-03 -1.000 1.474e-02 2.136 2.282 2.245 2.145 2.102 2.066 2.029 2.005 2.000
0.01471 0.00000 7.60206 1.8499999046 2.5615673065    1.849  1.102  3.9487  4.350    0  0.000  0.538     0.00     0.00     0.00     0.00     0.00 -1    -1e-30      0.00 7.114e-01 2.739e-01 2.614e-03 7.139e-04 6.484e-03 -1.000 1.473e-02 2.015 2.152 2.126 2.048 2.019 1.996 1.973 1.958 1.954
0.01471 0.00000 7.60206 1.8999999762 2.5640332699    1.899  1.150  3.9583  4.352    0  0.000  0.538     0.00     0.00     0.00     0.00     0.00 -1    -1e-30      0.00 7.114e-01 2.738e-01 2.614e-03 7.138e-04 6.484e-03 -1.000 1.473e-02 1.895 2.027 2.016 1.958 1.940 1.927 1.918 1.910 1.908
0.01471 0.00000 7.60206 1.9500000477 2.5663545132    1.950  1.196  3.9675  4.354    0  0.000  0.538     0.00     0.00     0.00     0.00     0.00 -1    -1e-30      0.00 7.115e-01 2.738e-01 2.614e-03 7.138e-04 6.483e-03 -1.000 1.472e-02 1.779 1.908 1.914 1.874 1.865 1.861 1.864 1.862 1.862
0.01471 0.00000 7.60206 2.0000000000 2.5685424805    2.000  1.241  3.9763  4.355    1  0.000  0.538     0.00     0.00     0.00     0.00     0.00 -1    -1e-30      0.00 7.114e-01 2.738e-01 2.614e-03 7.138e-04 6.483e-03 -1.000 1.476e-02 1.667 1.796 1.821 1.797 1.796 1.799 1.812 1.815 1.817
0.01471 0.00000 7.60206 2.0499999523 2.5706083775    2.050  1.284  3.9845  4.355    1  0.000  0.538     0.00     0.00     0.00     0.00     0.00 -1    -1e-30      0.00 7.115e-01 2.738e-01 2.614e-03 7.137e-04 6.483e-03 -1.000 1.475e-02 1.560 1.690 1.734 1.723 1.729 1.738 1.762 1.769 1.772
0.01471 0.00000 7.60206 2.0999999046 2.5725615025    2.099  1.326  3.9923  4.355    1  0.000  0.538     0.00     0.00     0.00     0.00     0.00 -1    -1e-30      0.00 7.115e-01 2.738e-01 2.614e-03 7.137e-04 6.483e-03 -1.000 1.471e-02 1.454 1.586 1.651 1.652 1.663 1.678 1.710 1.721 1.727
0.01471 0.00000 7.60206 2.1500000954 2.5744106770    2.149  1.367  4.0001  4.355    1  0.000  0.538     0.00     0.00     0.00     0.00     0.00 -1    -1e-30      0.00 7.115e-01 2.737e-01 2.613e-03 7.137e-04 6.482e-03 -1.000 1.473e-02 1.351 1.487 1.572 1.585 1.600 1.621 1.662 1.676 1.684
0.01471 0.00000 7.60206 2.2000000477 2.5761635303    2.199  1.408  4.0073  4.354    1  0.000  0.538     0.00     0.00     0.00     0.00     0.00 -1    -1e-30      0.00 7.115e-01 2.737e-01 2.614e-03 7.136e-04 6.482e-03 -1.000 1.476e-02 1.251 1.391 1.497 1.519 1.538 1.563 1.612 1.629 1.639
0.01471 0.00000 7.60206 2.2500000000 2.5778269768    2.249  1.446  4.0145  4.354    1  0.000  0.538     0.00     0.00     0.00     0.00     0.00 -1    -1e-30      0.00 7.115e-01 2.737e-01 2.613e-03 7.136e-04 6.482e-03 -1.000 1.476e-02 1.154 1.298 1.426 1.457 1.479 1.508 1.565 1.585 1.597
0.01471 0.00000 7.60206 2.2999999523 2.5794074535    2.299  1.484  4.0213  4.352    1  0.000  0.538     0.00     0.00     0.00     0.00     0.00 -1    -1e-30      0.00 7.115e-01 2.737e-01 2.613e-03 7.136e-04 6.482e-03 -1.000 1.476e-02 1.059 1.208 1.356 1.395 1.420 1.452 1.517 1.539 1.553
0.01471 0.00000 7.60206 2.4000000954 2.5823426247    2.399  1.558  4.0340  4.349    1  0.000  0.538     0.00     0.00     0.00     0.00     0.00 -1    -1e-30      0.00 7.115e-01 2.737e-01 2.613e-03 7.136e-04 6.481e-03 -1.000 1.473e-02 0.876 1.037 1.224 1.277 1.307 1.345 1.423 1.449 1.467
0.01471 0.00000 7.60206 2.4229218960 2.5829761028    2.422  1.574  4.0368  4.348    1  0.000  0.538     0.00     0.00     0.00     0.00     0.00 -1    -1e-30      0.00 7.115e-01 2.738e-01 2.614e-03 7.137e-04 6.483e-03 -1.000 1.474e-02 0.836 0.999 1.194 1.250 1.281 1.320 1.402 1.429 1.447
0.01471 0.00000 7.60206 2.5999999046 2.5874414444    2.600  1.695  4.0574  4.340    1  0.000  0.538     0.00     0.00     0.00     0.00     0.00 -1    -1e-30      0.00 7.107e-01 2.745e-01 2.620e-03 7.154e-04 6.497e-03 -1.000 1.476e-02 0.533 0.719 0.980 1.054 1.091 1.138 1.240 1.274 1.298
0.01471 0.00000 7.60206 2.7999999523 2.5917119980    2.800  1.822  4.0783  4.328    1  0.000  0.538     0.00     0.00     0.00     0.00     0.00 -1    -1e-30      0.00 7.107e-01 2.745e-01 2.620e-03 7.154e-04 6.497e-03 -1.000 1.476e-02 0.215 0.431 0.758 0.847 0.888 0.944 1.066 1.105 1.134
0.01471 0.00000 7.60206 3.0000000000 2.5953342915    3.000  1.940  4.0973  4.316    1  0.000  0.538     0.00     0.00     0.00     0.00     0.00 -1    -1e-30      0.00 7.107e-01 2.745e-01 2.620e-03 7.154e-04 6.497e-03 -1.000 1.476e-02 -0.080 0.169 0.554 0.654 0.700 0.762 0.902 0.945 0.979
0.01471 0.00000 7.60206 3.1835815907 2.5982029438    3.183  2.042  4.1134  4.304    1  0.000  0.538     0.00     0.00     0.00     0.00     0.00 -1    -1e-30      0.00 7.107e-01 2.745e-01 2.620e-03 7.154e-04 6.497e-03 -1.000 1.476e-02 -0.335 -0.051 0.379 0.489 0.538 0.605 0.759 0.806 0.842
0.01471 0.00000 7.60206 3.2000000477 2.5984411240    3.199  2.051  4.1148  4.303    1  0.000  0.538     0.00     0.00     0.00     0.00     0.00 -1    -1e-30      0.00 7.107e-01 2.745e-01 2.620e-03 7.154e-04 6.497e-03 -1.000 1.476e-02 -0.357 -0.070 0.364 0.474 0.524 0.591 0.746 0.794 0.830
0.01471 0.00000 7.60206 3.3493523598 2.6004848480    3.348  2.129  4.1269  4.293    1  0.000  0.538     0.00     0.00     0.00     0.00     0.00 -1    -1e-30      0.00 7.107e-01 2.745e-01 2.620e-03 7.154e-04 6.497e-03 -1.000 1.476e-02 -0.553 -0.236 0.230 0.347 0.399 0.471 0.635 0.685 0.724
0.01471 0.00000 7.60206 3.4000000954 2.6011312008    3.398  2.155  4.1309  4.290    1  0.000  0.538     0.00     0.00     0.00     0.00     0.00 -1    -1e-30      0.00 7.107e-01 2.745e-01 2.620e-03 7.154e-04 6.497e-03 -1.000 1.476e-02 -0.618 -0.291 0.186 0.305 0.358 0.430 0.598 0.649 0.689
0.01471 0.00000 7.60206 3.5751318932 2.6032049656    3.573  2.242  4.1442  4.278    1  0.000  0.538     0.00     0.00     0.00     0.00     0.00 -1    -1e-30      0.00 7.107e-01 2.745e-01 2.620e-03 7.154e-04 6.497e-03 -1.000 1.476e-02 -0.835 -0.473 0.038 0.164 0.220 0.296 0.474 0.528 0.571
0.01471 0.00000 7.60206 3.5999999046 2.6034805775    3.598  2.254  4.1460  4.276    1  0.000  0.538     0.00     0.00     0.00     0.00     0.00 -1    -1e-30      0.00 7.107e-01 2.745e-01 2.620e-03 7.154e-04 6.497e-03 -1.000 1.476e-02 -0.865 -0.499 0.017 0.144 0.201 0.278 0.457 0.511 0.554
0.01471 0.00000 7.60206 3.7999999523 2.6055479050    3.798  2.348  4.1601  4.262    1  0.000  0.538     0.00     0.00     0.00     0.00     0.00 -1    -1e-30      0.00 7.107e-01 2.745e-01 2.620e-03 7.154e-04 6.497e-03 -1.000 1.476e-02 -1.099 -0.691 -0.142 -0.008 0.052 0.133 0.323 0.380 0.425
0.01471 0.00000 7.60206 4.0000000000 2.6073791981    4.001  2.437  4.1732  4.248    1  0.000  0.538     0.00     0.00     0.00     0.00     0.00 -1    -1e-30      0.00 7.107e-01 2.745e-01 2.620e-03 7.154e-04 6.497e-03 -1.000 1.476e-02 -1.323 -0.874 -0.296 -0.155 -0.092 -0.007 0.192 0.252 0.300
0.01471 0.00000 7.60206 4.0072088242 2.6074414253    4.008  2.440  4.1737  4.247    1  0.000  0.538     0.00     0.00     0.00     0.00     0.00 -1    -1e-30      0.00 7.107e-01 2.745e-01 2.620e-03 7.154e-04 6.497e-03 -1.000 1.476e-02 -1.331 -0.881 -0.301 -0.160 -0.097 -0.012 0.188 0.248 0.295
0.01471 0.00000 7.60206 4.1999998093 2.6090114117    4.198  2.523  4.1856  4.232    1  0.000  0.538     0.00     0.00     0.00     0.00     0.00 -1    -1e-30      0.00 7.107e-01 2.745e-01 2.620e-03 7.154e-04 6.497e-03 -1.000 1.476e-02 -1.538 -1.049 -0.444 -0.296 -0.231 -0.142 0.066 0.129 0.178
0.01471 0.00000 7.60206 4.3767538071 2.6103119850    4.374  2.596  4.1958  4.218    1  0.000  0.538     0.00     0.00     0.00     0.00     0.00 -1    -1e-30      0.00 7.107e-01 2.745e-01 2.620e-03 7.154e-04 6.497e-03 -1.000 1.476e-02 -1.720 -1.197 -0.571 -0.418 -0.350 -0.258 -0.043 0.021 0.073
0.01471 0.00000 7.60206 4.4000000954 2.6104743481    4.397  2.606  4.1971  4.216    1  0.000  0.538     0.00     0.00     0.00     0.00     0.00 -1    -1e-30      0.00 7.107e-01 2.745e-01 2.620e-03 7.154e-04 6.497e-03 -1.000 1.476e-02 -1.744 -1.217 -0.588 -0.434 -0.366 -0.273 -0.058 0.007 0.059
0.01471 0.00000 7.60206 4.5632400513 2.6115593910    4.560  2.671  4.2059  4.202    1  0.000  0.538     0.00     0.00     0.00     0.00     0.00 -1    -1e-30      0.00 7.107e-01 2.745e-01 2.620e-03 7.154e-04 6.497e-03 -1.000 1.476e-02 -1.907 -1.349 -0.703 -0.544 -0.474 -0.379 -0.157 -0.090 -0.037
0.01471 0.00000 7.60206 4.5999999046 2.6117916107    4.598  2.685  4.2078  4.199    1  0.000  0.538     0.00     0.00     0.00     0.00     0.00 -1    -1e-30      0.00 7.107e-01 2.745e-01 2.620e-03 7.154e-04 6.497e-03 -1.000 1.476e-02 -1.943 -1.379 -0.729 -0.569 -0.498 -0.403 -0.180 -0.113 -0.059
0.01471 0.00000 7.60206 4.8000001907 2.6129837036    4.798  2.763  4.2178  4.180    1  0.000  0.538     0.00     0.00     0.00     0.00     0.00 -1    -1e-30      0.00 7.107e-01 2.745e-01 2.620e-03 7.154e-04 6.497e-03 -1.000 1.476e-02 -2.136 -1.538 -0.868 -0.704 -0.630 -0.532 -0.302 -0.233 -0.178
0.01471 0.00000 7.60206 4.8631443977 2.6133368015    4.862  2.786  4.2208  4.173    1  0.000  0.538     0.00     0.00     0.00     0.00     0.00 -1    -1e-30      0.00 7.107e-01 2.745e-01 2.620e-03 7.154e-04 6.497e-03 -1.000 1.476e-02 -2.196 -1.587 -0.912 -0.745 -0.671 -0.572 -0.340 -0.271 -0.215
0.01471 0.00000 7.60206 5.0000000000 2.6140668392    4.999  2.838  4.2271  4.159    1  0.000  0.538     0.00     0.00     0.00     0.00     0.00 -1    -1e-30      0.00 7.107e-01 2.745e-01 2.620e-03 7.154e-04 6.497e-03 -1.000 1.476e-02 -2.325 -1.694 -1.007 -0.837 -0.761 -0.660 -0.424 -0.353 -0.296
0.01471 0.00000 7.60206 5.1219630241 2.6146795750    5.122  2.883  4.2325  4.147    1  0.000  0.538     0.00     0.00     0.00     0.00     0.00 -1    -1e-30      0.00 7.107e-01 2.745e-01 2.620e-03 7.154e-04 6.497e-03 -1.000 1.476e-02 -2.437 -1.787 -1.090 -0.917 -0.840 -0.737 -0.497 -0.425 -0.367
0.01471 0.00000 7.60206 5.1999998093 2.6150546074    5.200  2.911  4.2358  4.138    1  0.000  0.538     0.00     0.00     0.00     0.00     0.00 -1    -1e-30      0.00 7.107e-01 2.745e-01 2.620e-03 7.154e-04 6.497e-03 -1.000 1.476e-02 -2.508 -1.847 -1.143 -0.969 -0.891 -0.787 -0.545 -0.472 -0.414
0.01471 0.00000 7.60206 5.3708562851 2.6158316135    5.371  2.972  4.2427  4.118    1  0.000  0.538     0.00     0.00     0.00     0.00     0.00 -1    -1e-30      0.00 7.107e-01 2.745e-01 2.620e-03 7.154e-04 6.497e-03 -1.000 1.476e-02 -2.661 -1.976 -1.259 -1.081 -1.001 -0.895 -0.649 -0.575 -0.515
0.01471 0.00000 7.60206 5.3999996185 2.6159586906    5.401  2.983  4.2438  4.115    1  0.000  0.538     0.00     0.00     0.00     0.00     0.00 -1    -1e-30      0.00 7.107e-01 2.745e-01 2.620e-03 7.154e-04 6.497e-03 -1.000 1.476e-02 -2.687 -1.998 -1.279 -1.100 -1.021 -0.914 -0.667 -0.593 -0.533
0.01471 0.00000 7.60206 5.5999994278 2.6167888641    5.601  3.053  4.2510  4.089    1  0.000  0.538     0.00     0.00     0.00     0.00     0.00 -1    -1e-30      0.00 7.107e-01 2.745e-01 2.620e-03 7.154e-04 6.497e-03 -1.000 1.476e-02 -2.863 -2.149 -1.416 -1.234 -1.152 -1.043 -0.792 -0.716 -0.655
0.01471 0.00000 7.60206 5.6505990028 2.6169881821    5.651  3.071  4.2527  4.082    1  0.000  0.538     0.00     0.00     0.00     0.00     0.00 -1    -1e-30      0.00 7.107e-01 2.745e-01 2.620e-03 7.154e-04 6.497e-03 -1.000 1.476e-02 -2.907 -2.187 -1.451 -1.268 -1.186 -1.076 -0.824 -0.748 -0.686
0.01471 0.00000 7.60206 5.8000001907 2.6175537109    5.801  3.123  4.2573  4.060    1  0.000  0.538     0.00     0.00     0.00     0.00     0.00 -1    -1e-30      0.00 7.107e-01 2.745e-01 2.620e-03 7.154e-04 6.497e-03 -1.000 1.476e-02 -3.037 -2.302 -1.558 -1.371 -1.288 -1.177 -0.922 -0.845 -0.782
0.01471 0.00000 7.60206 5.9725980759 2.6181664467    5.973  3.183  4.2621  4.032    1  0.000  0.538     0.00     0.00     0.00     0.00     0.00 -1    -1e-30      0.00 7.107e-01 2.745e-01 2.620e-03 7.154e-04 6.497e-03 -1.000 1.476e-02 -3.187 -2.436 -1.682 -1.493 -1.408 -1.296 -1.037 -0.959 -0.896
0.01471 0.00000 7.60206 6.0000000000 2.6182601452    6.000  3.192  4.2628  4.027    1  0.000  0.538     0.00     0.00     0.00     0.00     0.00 -1    -1e-30      0.00 7.107e-01 2.745e-01 2.620e-03 7.154e-04 6.497e-03 -1.000 1.476e-02 -3.211 -2.457 -1.702 -1.512 -1.428 -1.315 -1.056 -0.978 -0.914
0.01471 0.00000 7.60206 6.1428680420 2.6187324524    6.143  3.241  4.2662  4.002    1  0.000  0.538     0.00     0.00     0.00     0.00     0.00 -1    -1e-30      0.00 7.107e-01 2.745e-01 2.620e-03 7.154e-04 6.497e-03 -1.000 1.476e-02 -3.333 -2.569 -1.807 -1.615 -1.530 -1.416 -1.155 -1.076 -1.012
0.01471 0.00000 7.60206 6.1999998093 2.6189143658    6.200  3.261  4.2674  3.991    1  0.000  0.538     0.00     0.00     0.00     0.00     0.00 -1    -1e-30      0.00 7.107e-01 2.745e-01 2.620e-03 7.154e-04 6.497e-03 -1.000 1.476e-02 -3.381 -2.614 -1.849 -1.657 -1.572 -1.458 -1.196 -1.117 -1.052
0.01471 0.00000 7.60206 6.2652134895 2.6191172600    6.265  3.283  4.2687  3.979    1  0.000  0.538     0.00     0.00     0.00     0.00     0.00 -1    -1e-30      0.00 7.107e-01 2.745e-01 2.620e-03 7.154e-04 6.497e-03 -1.000 1.476e-02 -3.437 -2.665 -1.898 -1.705 -1.619 -1.505 -1.242 -1.162 -1.098
0.01471 0.00000 7.60206 6.4000000954 2.6195218563    6.399  3.329  4.2706  3.949    1  0.000  0.538     0.00     0.00     0.00     0.00     0.00 -1    -1e-30      0.00 7.107e-01 2.745e-01 2.620e-03 7.154e-04 6.497e-03 -1.000 1.476e-02 -3.553 -2.777 -2.005 -1.810 -1.724 -1.609 -1.345 -1.265 -1.200
0.01471 0.00000 7.60206 6.4549050331 2.6196808815    6.453  3.348  4.2713  3.937    1  0.000  0.538     0.00     0.00     0.00     0.00     0.00 -1    -1e-30      0.00 7.107e-01 2.745e-01 2.620e-03 7.154e-04 6.497e-03 -1.000 1.476e-02 -3.599 -2.822 -2.048 -1.853 -1.767 -1.652 -1.387 -1.307 -1.242
0.01471 0.00000 7.60206 6.6004185677 2.6200881004    6.598  3.397  4.2723  3.901    1  0.000  0.538     0.00     0.00     0.00     0.00     0.00 -1    -1e-30      0.00 7.107e-01 2.745e-01 2.620e-03 7.154e-04 6.497e-03 -1.000 1.476e-02 -3.724 -2.945 -2.168 -1.972 -1.886 -1.770 -1.505 -1.425 -1.359
0.01471 0.00000 7.60206 6.7444458008 2.6204714775    6.741  3.447  4.2725  3.862    1  0.000  0.538     0.00     0.00     0.00     0.00     0.00 -1    -1e-30      0.00 7.107e-01 2.745e-01 2.620e-03 7.154e-04 6.497e-03 -1.000 1.476e-02 -3.848 -3.072 -2.292 -2.096 -2.009 -1.894 -1.628 -1.548 -1.482
0.01471 0.00000 7.60206 6.8750710487 2.6208031178    6.871  3.493  4.2714  3.820    1  0.000  0.538     0.00     0.00     0.00     0.00     0.00 -1    -1e-30      0.00 7.107e-01 2.745e-01 2.620e-03 7.154e-04 6.497e-03 -1.000 1.476e-02 -3.963 -3.194 -2.414 -2.218 -2.132 -2.017 -1.752 -1.672 -1.606
0.01471 0.00000 7.60206 6.9841613770 2.6210691929    6.980  3.532  4.2694  3.779    1  0.000  0.538     0.00     0.00     0.00     0.00     0.00 -1    -1e-30      0.00 7.107e-01 2.745e-01 2.620e-03 7.154e-04 6.497e-03 -1.000 1.476e-02 -4.061 -3.303 -2.525 -2.330 -2.244 -2.130 -1.865 -1.786 -1.721
0.01471 0.00000 7.60206 7.0000000000 2.6211071014    6.996  3.538  4.2689  3.772    1  0.000  0.538     0.00     0.00     0.00     0.00     0.00 -1    -1e-30      0.00 7.107e-01 2.745e-01 2.620e-03 7.154e-04 6.497e-03 -1.000 1.476e-02 -4.075 -3.320 -2.542 -2.347 -2.261 -2.147 -1.883 -1.804 -1.738
0.01471 0.00000 7.60206 7.1214175224 2.6213908195    7.118  3.581  4.2656  3.724    1  0.000  0.538     0.00     0.00     0.00     0.00     0.00 -1    -1e-30      0.00 7.107e-01 2.745e-01 2.620e-03 7.154e-04 6.497e-03 -1.000 1.476e-02 -4.182 -3.442 -2.668 -2.474 -2.389 -2.276 -2.014 -1.936 -1.871
0.01471 0.00000 7.60206 7.2434430122 2.6216647625    7.241  3.625  4.2602  3.666    1  0.000  0.538     0.00     0.00     0.00     0.00     0.00 -1    -1e-30      0.00 7.107e-01 2.745e-01 2.620e-03 7.154e-04 6.497e-03 -1.000 1.476e-02 -4.292 -3.576 -2.809 -2.616 -2.533 -2.422 -2.163 -2.086 -2.022
0.01471 0.00000 7.60206 7.3429183960 2.6218805313    7.341  3.662  4.2540  3.610    1  0.000  0.538     0.00     0.00     0.00     0.00     0.00 -1    -1e-30      0.00 7.107e-01 2.745e-01 2.620e-03 7.154e-04 6.497e-03 -1.000 1.476e-02 -4.384 -3.695 -2.936 -2.745 -2.665 -2.556 -2.300 -2.224 -2.161
0.01471 0.00000 7.60206 7.4381108284 2.6220808029    7.436  3.697  4.2469  3.552    1  0.000  0.538     0.00     0.00     0.00     0.00     0.00 -1    -1e-30      0.00 7.107e-01 2.745e-01 2.620e-03 7.154e-04 6.497e-03 -1.000 1.476e-02 -4.474 -3.815 -3.065 -2.877 -2.799 -2.692 -2.441 -2.367 -2.305
0.01471 0.00000 7.60206 7.5199437141 2.6222481728    7.519  3.730  4.2394  3.494    1  0.000  0.538     0.00     0.00     0.00     0.00     0.00 -1    -1e-30      0.00 7.107e-01 2.745e-01 2.620e-03 7.154e-04 6.497e-03 -1.000 1.476e-02 -4.555 -3.927 -3.189 -3.003 -2.927 -2.823 -2.576 -2.503 -2.443
0.01471 0.00000 7.60206 7.6005783081 2.6224091053    7.600  3.765  4.2325  3.436    1  0.000  0.538     0.00     0.00     0.00     0.00     0.00 -1    -1e-30      0.00 7.107e-01 2.745e-01 2.620e-03 7.154e-04 6.497e-03 -1.000 1.476e-02 -4.642 -4.044 -3.314 -3.132 -3.057 -2.956 -2.713 -2.642 -2.582
0.01471 0.00000 7.60206 7.6294803619 2.6224658489    7.629  3.778  4.2313  3.419    1  0.000  0.538     0.00     0.00     0.00     0.00     0.00 -1    -1e-30      0.00 7.107e-01 2.745e-01 2.620e-03 7.154e-04 6.497e-03 -1.000 1.476e-02 -4.676 -4.084 -3.355 -3.173 -3.099 -2.998 -2.756 -2.685 -2.626
0.01471 0.00000 7.60206 7.6562080383 2.6225180626    7.656  3.796  4.2376  3.429    1  0.000  0.538     0.00     0.00     0.00     0.00     0.00 -1    -1e-30      0.00 7.107e-01 2.745e-01 2.620e-03 7.154e-04 6.497e-03 -1.000 1.476e-02 -4.719 -4.104 -3.364 -3.180 -3.104 -3.001 -2.755 -2.683 -2.622
0.01471 0.00000 7.60206 7.6743683815 2.6225531101    7.674  3.812  4.2481  3.455    1  0.000  0.538     0.00     0.00     0.00     0.00     0.00 -1    -1e-30      0.00 7.107e-01 2.745e-01 2.620e-03 7.154e-04 6.497e-03 -1.000 1.476e-02 -4.761 -4.107 -3.349 -3.160 -3.081 -2.975 -2.722 -2.648 -2.585
0.01471 0.00000 7.60206 7.6803755760 2.6225645542    7.680  3.825  4.2587  3.485    1  0.000  0.538     0.00     0.00     0.00     0.00     0.00 -1    -1e-30      0.00 7.107e-01 2.745e-01 2.620e-03 7.154e-04 6.497e-03 -1.000 1.476e-02 -4.793 -4.098 -3.324 -3.130 -3.049 -2.938 -2.679 -2.602 -2.538
0.01471 0.00000 7.60206 7.6831688881 2.6225700378    7.683  3.839  4.2692  3.513    1  0.000  0.538     0.00     0.00     0.00     0.00     0.00 -1    -1e-30      0.00 7.107e-01 2.745e-01 2.620e-03 7.154e-04 6.497e-03 -1.000 1.476e-02 -4.828 -4.093 -3.302 -3.104 -3.019 -2.906 -2.640 -2.561 -2.495
0.01471 0.00000 7.60206 7.6845521927 2.6225726604    7.684  3.854  4.2783  3.535    1  0.000  0.538     0.00     0.00     0.00     0.00     0.00 -1    -1e-30      0.00 7.107e-01 2.745e-01 2.620e-03 7.154e-04 6.497e-03 -1.000 1.476e-02 -4.865 -4.095 -3.289 -3.087 -3.001 -2.884 -2.612 -2.531 -2.463
0.01471 0.00000 7.60206 7.6854500771 2.6225743294    7.685  3.870  4.2869  3.553    1  0.000  0.538     0.00     0.00     0.00     0.00     0.00 -1    -1e-30      0.00 7.107e-01 2.745e-01 2.620e-03 7.154e-04 6.497e-03 -1.000 1.476e-02 -4.905 -4.104 -3.283 -3.078 -2.989 -2.870 -2.593 -2.510 -2.441
0.01471 0.00000 7.60206 7.6855583191 2.6225745678    7.685  3.872  4.2878  3.555    1  0.000  0.538     0.00     0.00     0.00     0.00     0.00 -1    -1e-30      0.00 7.107e-01 2.745e-01 2.620e-03 7.154e-04 6.497e-03 -1.000 1.476e-02 -4.909 -4.104 -3.282 -3.077 -2.988 -2.868 -2.591 -2.507 -2.438
0.01471 0.00000 7.60206 7.6859478951 2.6225752831    7.685  3.850  4.2809  3.549    2  0.000  0.538     0.00     0.00     0.00     0.00     0.00 -1    -1e-30      0.00 7.107e-01 2.745e-01 2.620e-03 7.154e-04 6.497e-03 -1.000 1.476e-02 -4.856 -4.076 -3.266 -3.063 -2.975 -2.858 -2.585 -2.503 -2.435
0.01471 0.00000 7.60206 7.6862530708 2.6225759983    7.686  3.833  4.2728  3.534    2  0.000  0.538     0.00     0.00     0.00     0.00     0.00 -1    -1e-30      0.00 7.107e-01 2.745e-01 2.620e-03 7.154e-04 6.497e-03 -1.000 1.476e-02 -4.811 -4.061 -3.265 -3.066 -2.980 -2.865 -2.597 -2.518 -2.451
0.01471 0.00000 7.60206 7.6865096092 2.6225764751    7.686  3.820  4.2631  3.508    2  0.000  0.538     0.00     0.00     0.00     0.00     0.00 -1    -1e-30      0.00 7.107e-01 2.745e-01 2.620e-03 7.154e-04 6.497e-03 -1.000 1.476e-02 -4.781 -4.068 -3.287 -3.092 -3.009 -2.897 -2.635 -2.557 -2.492
0.01471 0.00000 7.60206 7.6868047714 2.6225769520    7.686  3.815  4.2508  3.464    2  0.000  0.538     0.00     0.00     0.00     0.00     0.00 -1    -1e-30      0.00 7.107e-01 2.745e-01 2.620e-03 7.154e-04 6.497e-03 -1.000 1.476e-02 -4.769 -4.103 -3.342 -3.151 -3.072 -2.965 -2.710 -2.635 -2.572
0.01471 0.00000 7.60206 7.6870827675 2.6225774288    7.687  3.820  4.2387  3.410    2  0.000  0.538     0.00     0.00     0.00     0.00     0.00 -1    -1e-30      0.00 7.107e-01 2.745e-01 2.620e-03 7.154e-04 6.497e-03 -1.000 1.476e-02 -4.780 -4.163 -3.420 -3.235 -3.159 -3.056 -2.809 -2.736 -2.676
0.01471 0.00000 7.60206 7.6873555183 2.6225781441    7.687  3.828  4.2267  3.354    2  0.000  0.538     0.00     0.00     0.00     0.00     0.00 -1    -1e-30      0.00 7.107e-01 2.745e-01 2.620e-03 7.154e-04 6.497e-03 -1.000 1.476e-02 -4.801 -4.231 -3.506 -3.326 -3.254 -3.154 -2.915 -2.845 -2.787
0.01471 0.00000 7.60206 7.6876258850 2.6225786209    7.687  3.837  4.2148  3.298    2  0.000  0.538     0.00     0.00     0.00     0.00     0.00 -1    -1e-30      0.00 7.107e-01 2.745e-01 2.620e-03 7.154e-04 6.497e-03 -1.000 1.476e-02 -4.823 -4.300 -3.593 -3.418 -3.349 -3.254 -3.023 -2.956 -2.899
0.01471 0.00000 7.60206 7.6878933907 2.6225790977    7.687  3.845  4.2030  3.243    2  0.000  0.538     0.00     0.00     0.00     0.00     0.00 -1    -1e-30      0.00 7.107e-01 2.745e-01 2.620e-03 7.154e-04 6.497e-03 -1.000 1.476e-02 -4.843 -4.365 -3.677 -3.508 -3.442 -3.351 -3.127 -3.063 -3.008
0.01471 0.00000 7.60206 7.6881575584 2.6225795746    7.688  3.851  4.1911  3.189    2  0.000  0.538     0.00     0.00     0.00     0.00     0.00 -1    -1e-30      0.00 7.107e-01 2.745e-01 2.620e-03 7.154e-04 6.497e-03 -1.000 1.476e-02 -4.858 -4.425 -3.757 -3.593 -3.531 -3.445 -3.228 -3.167 -3.114
0.01471 0.00000 7.60206 7.6884169579 2.6225800514    7.688  3.856  4.1791  3.136    2  0.000  0.538     0.00     0.00     0.00     0.00     0.00 -1    -1e-30      0.00 7.107e-01 2.745e-01 2.620e-03 7.154e-04 6.497e-03 -1.000 1.476e-02 -4.870 -4.481 -3.834 -3.675 -3.616 -3.534 -3.326 -3.267 -3.216
0.01471 0.00000 7.60206 7.6886692047 2.6225805283    7.688  3.860  4.1672  3.085    2  0.000  0.538     0.00     0.00     0.00     0.00     0.00 -1    -1e-30      0.00 7.107e-01 2.745e-01 2.620e-03 7.154e-04 6.497e-03 -1.000 1.476e-02 -4.879 -4.532 -3.906 -3.752 -3.698 -3.620 -3.420 -3.364 -3.315
0.01471 0.00000 7.60206 7.6889147758 2.6225810051    7.688  3.862  4.1553  3.035    2  0.000  0.538     0.00     0.00     0.00     0.00     0.00 -1    -1e-30      0.00 7.107e-01 2.745e-01 2.620e-03 7.154e-04 6.497e-03 -1.000 1.476e-02 -4.885 -4.580 -3.976 -3.827 -3.776 -3.702 -3.511 -3.458 -3.411
0.01471 0.00000 7.60206 7.6891522408 2.6225814819    7.689  3.863  4.1434  2.986    2  0.000  0.538     0.00     0.00     0.00     0.00     0.00 -1    -1e-30      0.00 7.107e-01 2.745e-01 2.620e-03 7.154e-04 6.497e-03 -1.000 1.476e-02 -4.889 -4.624 -4.043 -3.899 -3.852 -3.782 -3.599 -3.550 -3.504
0.01471 0.00000 7.60206 7.6894378662 2.6225819588    7.689  3.864  4.1284  2.925    2  0.000  0.538     0.00     0.00     0.00     0.00     0.00 -1    -1e-30      0.00 7.107e-01 2.745e-01 2.620e-03 7.154e-04 6.497e-03 -1.000 1.476e-02 -4.891 -4.674 -4.121 -3.986 -3.943 -3.879 -3.707 -3.661 -3.619
0.01471 0.00000 7.60206 7.6896567345 2.6225824356    7.689  3.864  4.1165  2.878    2  0.000  0.538     0.00     0.00     0.00     0.00     0.00 -1    -1e-30      0.00 7.107e-01 2.745e-01 2.620e-03 7.154e-04 6.497e-03 -1.000 1.476e-02 -4.890 -4.711 -4.182 -4.052 -4.013 -3.954 -3.791 -3.749 -3.708
0.01471 0.00000 7.60206 7.6898655891 2.6225829124    7.689  3.864  4.1046  2.831    2  0.000  0.538     0.00     0.00     0.00     0.00     0.00 -1    -1e-30      0.00 7.107e-01 2.745e-01 2.620e-03 7.154e-04 6.497e-03 -1.000 1.476e-02 -4.889 -4.744 -4.240 -4.117 -4.081 -4.027 -3.873 -3.834 -3.795
0.01471 0.00000 7.60206 7.6900663376 2.6225831509    7.690  3.862  4.0926  2.784    2  0.000  0.538     0.00     0.00     0.00     0.00     0.00 -1    -1e-30      0.00 7.107e-01 2.745e-01 2.620e-03 7.154e-04 6.497e-03 -1.000 1.476e-02 -4.886 -4.773 -4.297 -4.179 -4.147 -4.097 -3.953 -3.917 -3.880
0.01471 0.00000 7.60206 7.6902580261 2.6225836277    7.690  3.861  4.0807  2.738    2  0.000  0.538     0.00     0.00     0.00     0.00     0.00 -1    -1e-30      0.00 7.107e-01 2.745e-01 2.620e-03 7.154e-04 6.497e-03 -1.000 1.476e-02 -4.882 -4.798 -4.350 -4.239 -4.210 -4.165 -4.031 -3.999 -3.964
0.01471 0.00000 7.60206 7.6904416084 2.6225841045    7.690  3.859  4.0687  2.692    2  0.000  0.538     0.00     0.00     0.00     0.00     0.00 -1    -1e-30      0.00 7.107e-01 2.745e-01 2.620e-03 7.154e-04 6.497e-03 -1.000 1.476e-02 -4.876 -4.819 -4.402 -4.296 -4.271 -4.231 -4.108 -4.078 -4.046
0.01471 0.00000 7.60206 7.6906170845 2.6225843430    7.690  3.856  4.0567  2.647    2  0.000  0.538     0.00     0.00     0.00     0.00     0.00 -1    -1e-30      0.00 7.107e-01 2.745e-01 2.620e-03 7.154e-04 6.497e-03 -1.000 1.476e-02 -4.870 -4.836 -4.452 -4.352 -4.330 -4.295 -4.182 -4.157 -4.126
0.01471 0.00000 7.60206 7.6907839775 2.6225845814    7.690  3.853  4.0448  2.602    2  0.000  0.538     0.00     0.00     0.00     0.00     0.00 -1    -1e-30      0.00 7.107e-01 2.745e-01 2.620e-03 7.154e-04 6.497e-03 -1.000 1.476e-02 -4.863 -4.848 -4.499 -4.405 -4.386 -4.356 -4.255 -4.233 -4.205
0.01471 0.00000 7.60206 7.6909432411 2.6225850582    7.690  3.850  4.0328  2.557    2  0.000  0.538     0.00     0.00     0.00     0.00     0.00 -1    -1e-30      0.00 7.107e-01 2.745e-01 2.620e-03 7.154e-04 6.497e-03 -1.000 1.476e-02 -4.854 -4.857 -4.544 -4.455 -4.440 -4.415 -4.326 -4.308 -4.282
0.01471 0.00000 7.60206 7.6910939217 2.6225852966    7.691  3.846  4.0209  2.513    2  0.000  0.538     0.00     0.00     0.00     0.00     0.00 -1    -1e-30      0.00 7.107e-01 2.745e-01 2.620e-03 7.154e-04 6.497e-03 -1.000 1.476e-02 -4.846 -4.861 -4.586 -4.504 -4.491 -4.471 -4.396 -4.382 -4.358
0.01471 0.00000 7.60206 7.6912379265 2.6225855350    7.691  3.842  4.0089  2.469    2  0.000  0.538     0.00     0.00     0.00     0.00     0.00 -1    -1e-30      0.00 7.107e-01 2.745e-01 2.620e-03 7.154e-04 6.497e-03 -1.000 1.476e-02 -4.836 -4.862 -4.625 -4.550 -4.541 -4.526 -4.464 -4.455 -4.433
0.01471 0.00000 7.60206 7.6913747787 2.6225857735    7.691  3.838  3.9969  2.425    2  0.000  0.538     0.00     0.00     0.00     0.00     0.00 -1    -1e-30      0.00 7.107e-01 2.745e-01 2.620e-03 7.154e-04 6.497e-03 -1.000 1.476e-02 -4.826 -4.859 -4.661 -4.593 -4.588 -4.580 -4.532 -4.527 -4.508
0.01471 0.00000 7.60206 7.6915049553 2.6225860119    7.691  3.834  3.9850  2.382    2  0.000  0.538     0.00     0.00     0.00     0.00     0.00 -1    -1e-30      0.00 7.107e-01 2.745e-01 2.620e-03 7.154e-04 6.497e-03 -1.000 1.476e-02 -4.815 -4.852 -4.695 -4.635 -4.633 -4.631 -4.598 -4.598 -4.583
0.01471 0.00000 7.60206 7.6916298866 2.6225862503    7.691  3.830  3.9730  2.338    2  0.000  0.538     0.00     0.00     0.00     0.00     0.00 -1    -1e-30      0.00 7.107e-01 2.745e-01 2.620e-03 7.154e-04 6.497e-03 -1.000 1.476e-02 -4.804 -4.841 -4.725 -4.674 -4.677 -4.681 -4.664 -4.669 -4.657
0.01471 0.00000 7.60206 7.6917481422 2.6225864887    7.691  3.825  3.9610  2.295    2  0.000  0.538     0.00     0.00     0.00     0.00     0.00 -1    -1e-30      0.00 7.107e-01 2.745e-01 2.620e-03 7.154e-04 6.497e-03 -1.000 1.476e-02 -4.792 -4.826 -4.752 -4.711 -4.718 -4.729 -4.729 -4.739 -4.732
0.01471 0.00000 7.60206 7.6918611526 2.6225867271    7.691  3.820  3.9490  2.252    2  0.000  0.538     0.00     0.00     0.00     0.00     0.00 -1    -1e-30      0.00 7.107e-01 2.745e-01 2.620e-03 7.154e-04 6.497e-03 -1.000 1.476e-02 -4.780 -4.805 -4.775 -4.745 -4.757 -4.776 -4.794 -4.810 -4.806
0.01471 0.00000 7.60206 7.6919689178 2.6225869656    7.692  3.815  3.9371  2.209    2  0.000  0.538     0.00     0.00     0.00     0.00     0.00 -1    -1e-30      0.00 7.107e-01 2.745e-01 2.620e-03 7.154e-04 6.497e-03 -1.000 1.476e-02 -4.768 -4.776 -4.790 -4.774 -4.793 -4.821 -4.857 -4.880 -4.880
0.01471 0.00000 7.60206 7.6920728683 2.6225872040    7.692  3.810  3.9250  2.166    2  0.000  0.538     0.00     0.00     0.00     0.00     0.00 -1    -1e-30      0.00 7.107e-01 2.745e-01 2.620e-03 7.154e-04 6.497e-03 -1.000 1.476e-02 -4.755 -4.737 -4.796 -4.797 -4.825 -4.863 -4.920 -4.950 -4.954
0.01471 0.00000 7.60206 7.6921706200 2.6225872040    7.692  3.805  3.9131  2.123    2  0.000  0.538     0.00     0.00     0.00     0.00     0.00 -1    -1e-30      0.00 7.107e-01 2.745e-01 2.620e-03 7.154e-04 6.497e-03 -1.000 1.476e-02 -4.742 -4.688 -4.789 -4.812 -4.853 -4.903 -4.981 -5.020 -5.028
0.01471 0.00000 7.60206 7.6922645569 2.6225874424    7.692  3.799  3.9010  2.081    2  0.000  0.538     0.00     0.00     0.00     0.00     0.00 -1    -1e-30      0.00 7.107e-01 2.745e-01 2.620e-03 7.154e-04 6.497e-03 -1.000 1.476e-02 -4.728 -4.632 -4.772 -4.821 -4.877 -4.941 -5.041 -5.092 -5.103
0.01471 0.00000 7.60206 7.6923542023 2.6225876808    7.692  3.794  3.8890  2.038    2  0.000  0.538     0.00     0.00     0.00     0.00     0.00 -1    -1e-30      0.00 7.107e-01 2.745e-01 2.620e-03 7.154e-04 6.497e-03 -1.000 1.476e-02 -4.715 -4.569 -4.742 -4.822 -4.897 -4.976 -5.100 -5.164 -5.179
0.01471 0.00000 7.60206 7.6924381256 2.6225879192    7.692  3.788  3.8770  1.996    2  0.000  0.538     0.00     0.00     0.00     0.00     0.00 -1    -1e-30      0.00 7.107e-01 2.745e-01 2.620e-03 7.154e-04 6.497e-03 -1.000 1.476e-02 -4.701 -4.503 -4.701 -4.816 -4.911 -5.009 -5.157 -5.236 -5.254
0.01471 0.00000 7.60206 7.6925187111 2.6225879192    7.692  3.782  3.8650  1.953    2  0.000  0.538     0.00     0.00     0.00     0.00     0.00 -1    -1e-30      0.00 7.107e-01 2.745e-01 2.620e-03 7.154e-04 6.497e-03 -1.000 1.476e-02 -4.686 -4.434 -4.649 -4.805 -4.924 -5.042 -5.214 -5.311 -5.332
0.01471 0.00000 7.60206 7.6926131248 2.6225881577    7.692  3.775  3.8501  1.901    2  0.000  0.538     0.00     0.00     0.00     0.00     0.00 -1    -1e-30      0.00 7.107e-01 2.745e-01 2.620e-03 7.154e-04 6.497e-03 -1.000 1.476e-02 -4.668 -4.341 -4.568 -4.785 -4.937 -5.081 -5.285 -5.404 -5.429
0.01471 0.00000 7.60206 7.6926856041 2.6225883961    7.692  3.769  3.8380  1.859    2  0.000  0.538     0.00     0.00     0.00     0.00     0.00 -1    -1e-30      0.00 7.107e-01 2.745e-01 2.620e-03 7.154e-04 6.497e-03 -1.000 1.476e-02 -4.653 -4.261 -4.492 -4.764 -4.944 -5.111 -5.340 -5.480 -5.507
0.01471 0.00000 7.60206 7.6927537918 2.6225883961    7.692  3.763  3.8261  1.817    2  0.000  0.538     0.00     0.00     0.00     0.00     0.00 -1    -1e-30      0.00 7.107e-01 2.745e-01 2.620e-03 7.154e-04 6.497e-03 -1.000 1.476e-02 -4.637 -4.175 -4.412 -4.740 -4.948 -5.137 -5.393 -5.555 -5.585
0.01471 0.00000 7.60206 7.6928181648 2.6225886345    7.692  3.757  3.8141  1.776    2  0.000  0.538     0.00     0.00     0.00     0.00     0.00 -1    -1e-30      0.00 7.107e-01 2.745e-01 2.620e-03 7.154e-04 6.497e-03 -1.000 1.476e-02 -4.622 -4.083 -4.328 -4.710 -4.947 -5.160 -5.443 -5.629 -5.661
0.01471 0.00000 7.60206 7.6928801537 2.6225886345    7.692  3.750  3.8022  1.735    2  0.000  0.538     0.00     0.00     0.00     0.00     0.00 -1    -1e-30      0.00 7.107e-01 2.745e-01 2.620e-03 7.154e-04 6.497e-03 -1.000 1.476e-02 -4.606 -3.971 -4.236 -4.679 -4.946 -5.182 -5.494 -5.703 -5.739
0.01471 0.00000 7.60206 7.6929383278 2.6225888729    7.693  3.744  3.7904  1.694    2  0.000  0.538     0.00     0.00     0.00     0.00     0.00 -1    -1e-30      0.00 7.107e-01 2.745e-01 2.620e-03 7.154e-04 6.497e-03 -1.000 1.476e-02 -4.589 -3.854 -4.137 -4.643 -4.940 -5.199 -5.540 -5.775 -5.815
0.01471 0.00000 7.60206 7.6929945946 2.6225888729    7.693  3.737  3.7783  1.652    2  0.000  0.538     0.00     0.00     0.00     0.00     0.00 -1    -1e-30      0.00 7.107e-01 2.745e-01 2.620e-03 7.154e-04 6.497e-03 -1.000 1.476e-02 -4.572 -3.699 -4.024 -4.602 -4.934 -5.218 -5.590 -5.851 -5.896
0.01471 0.00000 7.60206 7.6930603981 2.6225891113    7.693  3.728  3.7634  1.602    2  0.000  0.538     0.00     0.00     0.00     0.00     0.00 -1    -1e-30      0.00 7.107e-01 2.745e-01 2.620e-03 7.154e-04 6.497e-03 -1.000 1.476e-02 -4.550 -3.482 -3.871 -4.542 -4.918 -5.235 -5.647 -5.946 -5.995
0.01471 0.00000 7.60206 7.6931104660 2.6225891113    7.693  3.721  3.7515  1.562    2  0.000  0.538     0.00     0.00     0.00     0.00     0.00 -1    -1e-30      0.00 7.107e-01 2.745e-01 2.620e-03 7.154e-04 6.497e-03 -1.000 1.476e-02 -4.531 -3.299 -3.752 -4.493 -4.900 -5.240 -5.684 -6.011 -6.064
0.01471 0.00000 7.60206 7.6931576729 2.6225891113    7.693  3.713  3.7397  1.522    2  0.000  0.538     0.00     0.00     0.00     0.00     0.00 -1    -1e-30      0.00 7.107e-01 2.745e-01 2.620e-03 7.154e-04 6.497e-03 -1.000 1.476e-02 -4.512 -3.096 -3.628 -4.437 -4.877 -5.240 -5.718 -6.075 -6.132
0.01471 0.00000 7.60206 7.6932034492 2.6225893497    7.693  3.705  3.7279  1.483    2  0.000  0.538     0.00     0.00     0.00     0.00     0.00 -1    -1e-30      0.00 7.107e-01 2.745e-01 2.620e-03 7.154e-04 6.497e-03 -1.000 1.476e-02 -4.492 -2.887 -3.497 -4.375 -4.846 -5.231 -5.747 -6.136 -6.195
0.01471 0.00000 7.60206 7.6932468414 2.6225893497    7.693  3.696  3.7166  1.446    2  0.000  0.538     0.00     0.00     0.00     0.00     0.00 -1    -1e-30      0.00 7.107e-01 2.745e-01 2.620e-03 7.154e-04 6.497e-03 -1.000 1.476e-02 -4.471 -2.664 -3.366 -4.309 -4.811 -5.218 -5.771 -6.192 -6.252
0.01471 0.00000 7.60206 7.6932902336 2.6225893497    7.693  3.687  3.7053  1.410    2  0.000  0.538     0.00     0.00     0.00     0.00     0.00 -1    -1e-30      0.00 7.107e-01 2.745e-01 2.620e-03 7.154e-04 6.497e-03 -1.000 1.476e-02 -4.448 -2.425 -3.230 -4.237 -4.770 -5.197 -5.790 -6.242 -6.305
0.01471 0.00000 7.60206 7.6933355331 2.6225895882    7.693  3.676  3.6944  1.377    2  0.000  0.538     0.00     0.00     0.00     0.00     0.00 -1    -1e-30      0.00 7.107e-01 2.745e-01 2.620e-03 7.154e-04 6.497e-03 -1.000 1.476e-02 -4.421 -2.172 -3.091 -4.159 -4.721 -5.169 -5.802 -6.285 -6.352
0.01471 0.00000 7.60206 7.6933856010 2.6225895882    7.693  3.663  3.6836  1.347    2  0.000  0.538     0.00     0.00     0.00     0.00     0.00 -1    -1e-30      0.00 7.107e-01 2.745e-01 2.620e-03 7.154e-04 6.497e-03 -1.000 1.476e-02 -4.388 -1.917 -2.946 -4.072 -4.662 -5.129 -5.804 -6.315 -6.390
0.01471 0.00000 7.60206 7.6934461594 2.6225898266    7.693  3.647  3.6738  1.325    2  0.000  0.538     0.00     0.00     0.00     0.00     0.00 -1    -1e-30      0.00 7.107e-01 2.745e-01 2.620e-03 7.154e-04 6.497e-03 -1.000 1.476e-02 -4.346 -1.736 -2.809 -3.985 -4.595 -5.075 -5.788 -6.318 -6.405
0.01471 0.00000 7.60206 7.6935424805 2.6225898266    7.693  3.621  3.6634  1.309    2  0.000  0.538     0.00     0.00     0.00     0.00     0.00 -1    -1e-30      0.00 7.107e-01 2.745e-01 2.620e-03 7.154e-04 6.497e-03 -1.000 1.476e-02 -4.282 -1.532 -2.642 -3.867 -4.498 -4.994 -5.748 -6.295 -6.398
0.01471 0.00000 7.60206 7.6936497688 2.6225900650    7.693  3.594  3.6550  1.302    2  0.000  0.538     0.00     0.00     0.00     0.00     0.00 -1    -1e-30      0.00 7.107e-01 2.745e-01 2.620e-03 7.154e-04 6.497e-03 -1.000 1.476e-02 -4.216 -1.318 -2.483 -3.749 -4.398 -4.911 -5.701 -6.266 -6.380
0.01471 0.00000 7.60206 7.6937680244 2.6225903034    7.693  3.574  3.6464  1.287    2  0.000  0.538     0.00     0.00     0.00     0.00     0.00 -1    -1e-30      0.00 7.107e-01 2.745e-01 2.620e-03 7.154e-04 6.497e-03 -1.000 1.476e-02 -4.166 -1.051 -2.324 -3.633 -4.309 -4.844 -5.671 -6.261 -6.385
0.01471 0.00000 7.60206 7.6938118935 2.6225905418    7.693  3.571  3.6432  1.278    2  0.000  0.538     0.00     0.00     0.00     0.00     0.00 -1    -1e-30      0.00 7.107e-01 2.745e-01 2.620e-03 7.154e-04 6.497e-03 -1.000 1.476e-02 -4.158 -0.961 -2.274 -3.600 -4.286 -4.830 -5.670 -6.270 -6.397
0.01471 0.00000 7.60206 7.6938929558 2.6225905418    7.693  3.585  3.6367  1.238    3  0.000  0.538     0.00     0.00     0.00     0.00     0.00 -1    -1e-30      0.00 7.107e-01 2.745e-01 2.620e-03 7.154e-04 6.497e-03 -1.000 1.476e-02 -4.192 -0.814 -2.218 -3.579 -4.288 -4.851 -5.719 -6.339 -6.473
0.01471 0.00000 7.60206 7.6939826012 2.6225907803    7.693  3.626  3.6286  1.164    3  0.000  0.536     0.00     0.00     0.00     0.00     0.00 -1    -1e-30      0.00 7.107e-01 2.745e-01 2.613e-03 7.170e-04 6.497e-03 -1.000 1.476e-02 -4.296 -0.680 -2.203 -3.611 -4.349 -4.937 -5.841 -6.485 -6.629
0.01471 0.00000 7.60206 7.6940450668 2.6225910187    7.694  3.669  3.6225  1.097    3  0.000  0.528     0.00     0.00     0.00     0.00     0.00 -1    -1e-30      0.00 7.107e-01 2.745e-01 2.576e-03 7.332e-04 6.497e-03 -1.000 1.477e-02 -4.403 -0.601 -2.216 -3.660 -4.421 -5.031 -5.962 -6.625 -6.776
0.01471 0.00000 7.60206 7.6940937042 2.6225910187    7.694  3.710  3.6176  1.036    3  0.000  0.505     0.00     0.00     0.00     0.00     0.00 -1    -1e-30      0.00 7.106e-01 2.745e-01 2.461e-03 8.322e-04 6.497e-03 -1.000 1.485e-02 -4.506 -0.547 -2.239 -3.713 -4.493 -5.121 -6.075 -6.752 -6.910
0.01471 0.00000 7.60206 7.6941370964 2.6225910187    7.694  3.748  3.6133  0.981    3  0.000  0.474     0.00     0.00     0.00     0.00     0.00 -1    -1e-30      0.00 7.106e-01 2.746e-01 2.312e-03 1.002e-03 6.497e-03 -1.000 1.484e-02 -4.600 -0.500 -2.260 -3.760 -4.559 -5.205 -6.179 -6.868 -7.032
0.01471 0.00000 7.60206 7.6941475868 2.6225910187    7.694  3.757  3.6123  0.968    3  0.000  0.467     0.00     0.00     0.00     0.00     0.00 -1    -1e-30      0.00 7.106e-01 2.746e-01 2.277e-03 1.044e-03 6.497e-03 -1.000 1.483e-02 -4.622 -0.487 -2.264 -3.771 -4.574 -5.224 -6.203 -6.895 -7.061
0.01471 0.00000 7.60206 7.6941828728 2.6225912571    7.694  3.785  3.6094  0.929    3  0.000  0.450     0.00     0.00     0.00     0.00     0.00 -1    -1e-30      0.00 7.106e-01 2.746e-01 2.192e-03 1.148e-03 6.497e-03 -1.000 1.480e-02 -4.692 -0.456 -2.282 -3.808 -4.624 -5.287 -6.280 -6.980 -7.150
0.01471 0.00000 7.60206 7.6942224503 2.6225912571    7.694  3.814  3.6064  0.887    3  0.000  0.434     0.00     0.00     0.00     0.00     0.00 -1    -1e-30      0.00 7.106e-01 2.746e-01 2.115e-03 1.243e-03 6.497e-03 -1.000 1.479e-02 -4.765 -0.429 -2.300 -3.844 -4.673 -5.352 -6.359 -7.068 -7.243
0.01471 0.00000 7.60206 7.6942338943 2.6225912571    7.694  3.822  3.6056  0.877    3  0.000  0.431     0.00     0.00     0.00     0.00     0.00 -1    -1e-30      0.00 7.106e-01 2.746e-01 2.100e-03 1.262e-03 6.497e-03 -1.000 1.481e-02 -4.784 -0.422 -2.305 -3.853 -4.686 -5.369 -6.380 -7.091 -7.267
0.01471 0.00000 7.60206 7.6942901611 2.6225912571    7.694  3.852  3.6027  0.835    3  0.000  0.420     0.00     0.00     0.00     0.00     0.00 -1    -1e-30      0.00 7.105e-01 2.746e-01 2.045e-03 1.329e-03 6.497e-03 -1.000 1.485e-02 -4.859 -0.398 -2.325 -3.891 -4.737 -5.435 -6.461 -7.180 -7.360
0.01471 0.00000 7.60206 7.6943955421 2.6225914955    7.694  3.886  3.5992  0.787    3  0.000  0.408     0.00     0.00     0.00     0.00     0.00 -1    -1e-30      0.00 7.105e-01 2.747e-01 1.989e-03 1.402e-03 6.492e-03 -1.000 1.486e-02 -4.945 -0.369 -2.346 -3.933 -4.795 -5.511 -6.555 -7.283 -7.468
0.01471 0.00000 7.60206 7.6946153641 2.6225919724    7.694  3.921  3.5957  0.738    3  0.000  0.399     0.00     0.00     0.00     0.00     0.00 -1    -1e-30      0.00 7.099e-01 2.752e-01 1.932e-03 1.511e-03 6.448e-03 -1.000 1.486e-02 -5.032 -0.343 -2.364 -3.970 -4.849 -5.588 -6.650 -7.388 -7.579
0.01471 0.00000 7.60206 7.6952443123 2.6225931644    7.695  3.967  3.5910  0.673    3  0.000  0.394     0.00     0.00     0.00     0.00     0.00 -1    -1e-30      0.00 7.066e-01 2.786e-01 1.853e-03 1.767e-03 6.267e-03 -1.000 1.488e-02 -5.148 -0.308 -2.388 -4.019 -4.922 -5.690 -6.776 -7.527 -7.726
0.01471 0.00000 7.60206 7.6959905624 2.6225945950    7.696  4.011  3.5868  0.613    3  0.000  0.393     0.00     0.00     0.00     0.00     0.00 -1    -1e-30      0.00 7.008e-01 2.843e-01 1.787e-03 2.023e-03 6.067e-03 -1.000 1.485e-02 -5.257 -0.288 -2.408 -4.060 -4.983 -5.785 -6.894 -7.656 -7.861
0.01471 0.00000 7.60206 7.6967754364 2.6225960255    7.696  4.052  3.5829  0.555    3  0.000  0.392     0.00     0.00     0.00     0.00     0.00 -1    -1e-30      0.00 6.939e-01 2.913e-01 1.736e-03 2.234e-03 5.899e-03 -1.000 1.484e-02 -5.361 -0.274 -2.430 -4.099 -5.043 -5.876 -7.007 -7.779 -7.991
0.01471 0.00000 7.60206 7.6977887154 2.6225981712    7.697  4.082  3.5802  0.515    3  0.000  0.392     0.00     0.00     0.00     0.00     0.00 -1    -1e-30      0.00 6.891e-01 2.960e-01 1.707e-03 2.355e-03 5.802e-03 -1.000 1.483e-02 -5.435 -0.265 -2.446 -4.128 -5.086 -5.941 -7.088 -7.866 -8.083
0.01471 0.00000 7.60206 7.6998677254 2.6226019859    7.699  4.111  3.5776  0.476    3  0.000  0.392     0.00     0.00     0.00     0.00     0.00 -1    -1e-30      0.00 6.850e-01 3.002e-01 1.685e-03 2.445e-03 5.729e-03 -1.000 1.479e-02 -5.507 -0.262 -2.456 -4.146 -5.120 -6.003 -7.167 -7.951 -8.172
0.01471 0.00000 7.60206 7.7080202103 2.6226177216    7.708  4.095  3.5795  0.500    4  0.000  0.392     0.00     0.00     0.00     0.00     0.00 -1    -1e-30      0.00 6.850e-01 3.002e-01 1.685e-03 2.445e-03 5.729e-03 -1.000 1.479e-02 -5.468 -0.274 -2.461 -4.146 -5.109 -5.971 -7.122 -7.902 -8.120
0.01471 0.00000 7.60206 7.7220292091 2.6226444244    7.722  4.063  3.5831  0.548    4  0.000  0.392     0.00     0.00     0.00     0.00     0.00 -1    -1e-30      0.00 6.850e-01 3.002e-01 1.685e-03 2.445e-03 5.729e-03 -1.000 1.479e-02 -5.386 -0.297 -2.457 -4.127 -5.071 -5.902 -7.033 -7.803 -8.015
0.01471 0.00000 7.60206 7.7323780060 2.6226639748    7.732  4.033  3.5863  0.591    4  0.000  0.392     0.00     0.00     0.00     0.00     0.00 -1    -1e-30      0.00 6.851e-01 3.002e-01 1.685e-03 2.445e-03 5.729e-03 -1.000 1.479e-02 -5.312 -0.316 -2.449 -4.106 -5.033 -5.838 -6.951 -7.713 -7.920
0.01471 0.00000 7.60206 7.7415122986 2.6226813793    7.741  4.003  3.5894  0.634    4  0.000  0.392     0.00     0.00     0.00     0.00     0.00 -1    -1e-30      0.00 6.851e-01 3.002e-01 1.685e-03 2.445e-03 5.729e-03 -1.000 1.479e-02 -5.237 -0.334 -2.441 -4.084 -4.995 -5.774 -6.869 -7.623 -7.825
0.01471 0.00000 7.60206 7.7515892982 2.6227002144    7.751  3.968  3.5931  0.684    4  0.000  0.392     0.00     0.00     0.00     0.00     0.00 -1    -1e-30      0.00 6.851e-01 3.001e-01 1.686e-03 2.445e-03 5.729e-03 -1.000 1.479e-02 -5.150 -0.365 -2.428 -4.051 -4.944 -5.699 -6.774 -7.518 -7.714
0.01471 0.00000 7.60206 7.7604384422 2.6227169037    7.760  3.938  3.5964  0.727    4  0.000  0.392     0.00     0.00     0.00     0.00     0.00 -1    -1e-30      0.00 6.851e-01 3.001e-01 1.686e-03 2.445e-03 5.729e-03 -1.000 1.479e-02 -5.076 -0.395 -2.418 -4.023 -4.900 -5.634 -6.693 -7.427 -7.618
0.01471 0.00000 7.60206 7.7727313042 2.6227400303    7.773  3.903  3.6006  0.780    4  0.000  0.392     0.00     0.00     0.00     0.00     0.00 -1    -1e-30      0.00 6.851e-01 3.001e-01 1.686e-03 2.444e-03 5.729e-03 -1.000 1.479e-02 -4.988 -0.437 -2.410 -3.994 -4.851 -5.559 -6.596 -7.319 -7.503
0.01471 0.00000 7.60206 7.7871637344 2.6227669716    7.787  3.872  3.6048  0.829    4  0.000  0.392     0.00     0.00     0.00     0.00     0.00 -1    -1e-30      0.00 6.851e-01 3.001e-01 1.686e-03 2.444e-03 5.729e-03 -1.000 1.478e-02 -4.910 -0.494 -2.408 -3.968 -4.806 -5.493 -6.509 -7.220 -7.398
0.01471 0.00000 7.60206 7.8129401207 2.6228148937    7.813  3.844  3.6110  0.883    4  0.000  0.392     0.00     0.00     0.00     0.00     0.00 -1    -1e-30      0.00 6.851e-01 3.001e-01 1.686e-03 2.444e-03 5.730e-03 -1.000 1.478e-02 -4.840 -0.609 -2.444 -3.972 -4.784 -5.440 -6.426 -7.118 -7.288
0.01471 0.00000 7.60206 7.8263406754 2.6228396893    7.827  3.838  3.6140  0.902    4  0.000  0.392     0.00     0.00     0.00     0.00     0.00 -1    -1e-30      0.00 6.851e-01 3.001e-01 1.686e-03 2.444e-03 5.730e-03 -1.000 1.478e-02 -4.825 -0.681 -2.477 -3.989 -4.789 -5.433 -6.406 -7.088 -7.254
0.01471 0.00000 7.60206 7.8384804726 2.6228618622    7.839  3.851  3.6180  0.906    5  0.000  0.392     0.00     0.00     0.00     0.00     0.00 -1    -1e-30      0.00 6.852e-01 3.001e-01 1.686e-03 2.444e-03 5.730e-03 -1.000 1.478e-02 -4.857 -0.815 -2.569 -4.064 -4.848 -5.476 -6.431 -7.099 -7.260
0.01471 0.00000 7.60206 7.8492279053 2.6228816509    7.850  3.890  3.6269  0.902    5  0.000  0.392     0.00     0.00     0.00     0.00     0.00 -1    -1e-30      0.00 6.852e-01 3.001e-01 1.686e-03 2.443e-03 5.730e-03 -1.000 1.478e-02 -4.955 -1.141 -2.795 -4.251 -5.002 -5.597 -6.513 -7.152 -7.302
0.01471 0.00000 7.60206 7.8525085449 2.6228876114    7.853  3.912  3.6333  0.906    5  0.000  0.392     0.00     0.00     0.00     0.00     0.00 -1    -1e-30      0.00 6.852e-01 3.001e-01 1.686e-03 2.443e-03 5.730e-03 -1.000 1.478e-02 -5.009 -1.364 -2.939 -4.364 -5.092 -5.667 -6.555 -7.173 -7.316
0.01471 0.00000 7.60206 7.8540344238 2.6228904724    7.854  3.936  3.6444  0.927    5  0.000  0.392     0.00     0.00     0.00     0.00     0.00 -1    -1e-30      0.00 6.852e-01 3.001e-01 1.686e-03 2.443e-03 5.730e-03 -1.000 1.478e-02 -5.069 -1.726 -3.151 -4.519 -5.210 -5.752 -6.592 -7.175 -7.306
0.01471 0.00000 7.60206 7.8545374870 2.6228914261    7.855  3.944  3.6483  0.935    5  0.000  0.392     0.00     0.00     0.00     0.00     0.00 -1    -1e-30      0.00 6.852e-01 3.001e-01 1.686e-03 2.443e-03 5.730e-03 -1.000 1.478e-02 -5.089 -1.851 -3.223 -4.570 -5.249 -5.780 -6.603 -7.175 -7.301
0.01471 0.00000 7.60206 7.8547949791 2.6228919029    7.855  3.947  3.6557  0.961    5  0.000  0.392     0.00     0.00     0.00     0.00     0.00 -1    -1e-30      0.00 6.852e-01 3.001e-01 1.686e-03 2.443e-03 5.730e-03 -1.000 1.478e-02 -5.099 -2.061 -3.329 -4.635 -5.291 -5.803 -6.594 -7.145 -7.263
0.01471 0.00000 7.60206 7.8550457954 2.6228923798    7.856  3.951  3.6649  0.994    5  0.000  0.392     0.00     0.00     0.00     0.00     0.00 -1    -1e-30      0.00 6.852e-01 3.001e-01 1.686e-03 2.443e-03 5.730e-03 -1.000 1.478e-02 -5.107 -2.246 -3.443 -4.699 -5.334 -5.829 -6.580 -7.115 -7.218
0.01471 0.00000 7.60206 7.8552522659 2.6228926182    7.856  3.954  3.6725  1.022    5  0.000  0.392     0.00     0.00     0.00     0.00     0.00 -1    -1e-30      0.00 6.852e-01 3.001e-01 1.686e-03 2.443e-03 5.730e-03 -1.000 1.478e-02 -5.114 -2.361 -3.525 -4.745 -5.366 -5.849 -6.569 -7.092 -7.182
0.01471 0.00000 7.60206 7.8554410934 2.6228930950    7.856  3.956  3.6794  1.047    5  0.000  0.392     0.00     0.00     0.00     0.00     0.00 -1    -1e-30      0.00 6.852e-01 3.001e-01 1.686e-03 2.443e-03 5.730e-03 -1.000 1.478e-02 -5.120 -2.470 -3.599 -4.784 -5.391 -5.865 -6.557 -7.068 -7.148
0.01471 0.00000 7.60206 7.8556318283 2.6228933334    7.856  3.959  3.6866  1.073    5  0.000  0.392     0.00     0.00     0.00     0.00     0.00 -1    -1e-30      0.00 6.852e-01 3.001e-01 1.686e-03 2.443e-03 5.730e-03 -1.000 1.478e-02 -5.127 -2.586 -3.672 -4.822 -5.415 -5.879 -6.543 -7.040 -7.112
0.01471 0.00000 7.60206 7.8558287621 2.6228938103    7.856  3.961  3.6943  1.102    5  0.000  0.392     0.00     0.00     0.00     0.00     0.00 -1    -1e-30      0.00 6.852e-01 3.001e-01 1.686e-03 2.443e-03 5.730e-03 -1.000 1.478e-02 -5.132 -2.767 -3.762 -4.867 -5.438 -5.888 -6.522 -6.998 -7.066
0.01471 0.00000 7.60206 7.8560376167 2.6228940487    7.857  3.962  3.7024  1.132    5  0.000  0.392     0.00     0.00     0.00     0.00     0.00 -1    -1e-30      0.00 6.852e-01 3.001e-01 1.686e-03 2.443e-03 5.730e-03 -1.000 1.478e-02 -5.136 -2.947 -3.854 -4.910 -5.459 -5.894 -6.498 -6.952 -7.017
0.01471 0.00000 7.60206 7.8562641144 2.6228945255    7.857  3.964  3.7107  1.164    5  0.000  0.392     0.00     0.00     0.00     0.00     0.00 -1    -1e-30      0.00 6.852e-01 3.001e-01 1.686e-03 2.443e-03 5.730e-03 -1.000 1.478e-02 -5.140 -3.122 -3.946 -4.953 -5.479 -5.898 -6.471 -6.902 -6.965
0.01471 0.00000 7.60206 7.8565149307 2.6228950024    7.857  3.966  3.7189  1.195    5  0.000  0.392     0.00     0.00     0.00     0.00     0.00 -1    -1e-30      0.00 6.852e-01 3.001e-01 1.686e-03 2.443e-03 5.730e-03 -1.000 1.478e-02 -5.144 -3.287 -4.035 -4.992 -5.495 -5.898 -6.443 -6.851 -6.912
0.01471 0.00000 7.60206 7.8567953110 2.6228954792    7.857  3.968  3.7275  1.228    5  0.000  0.392     0.00     0.00     0.00     0.00     0.00 -1    -1e-30      0.00 6.852e-01 3.001e-01 1.686e-03 2.443e-03 5.730e-03 -1.000 1.478e-02 -5.150 -3.452 -4.128 -5.033 -5.511 -5.898 -6.414 -6.797 -6.858
0.01471 0.00000 7.60206 7.8571171761 2.6228961945    7.858  3.970  3.7364  1.261    5  0.000  0.392     0.00     0.00     0.00     0.00     0.00 -1    -1e-30      0.00 6.852e-01 3.001e-01 1.686e-03 2.443e-03 5.730e-03 -1.000 1.478e-02 -5.156 -3.603 -4.217 -5.070 -5.525 -5.895 -6.384 -6.744 -6.804
0.01471 0.00000 7.60206 7.8574938774 2.6228966713    7.858  3.973  3.7454  1.294    5  0.000  0.392     0.00     0.00     0.00     0.00     0.00 -1    -1e-30      0.00 6.852e-01 3.001e-01 1.686e-03 2.443e-03 5.730e-03 -1.000 1.478e-02 -5.162 -3.779 -4.316 -5.108 -5.535 -5.887 -6.348 -6.684 -6.741
0.01471 0.00000 7.60206 7.8579459190 2.6228976250    7.858  3.976  3.7545  1.328    5  0.000  0.392     0.00     0.00     0.00     0.00     0.00 -1    -1e-30      0.00 6.852e-01 3.001e-01 1.686e-03 2.443e-03 5.730e-03 -1.000 1.478e-02 -5.169 -3.940 -4.410 -5.142 -5.543 -5.877 -6.312 -6.625 -6.680
0.01471 0.00000 7.60206 7.8585090637 2.6228985786    7.859  3.979  3.7639  1.362    5  0.000  0.392     0.00     0.00     0.00     0.00     0.00 -1    -1e-30      0.00 6.852e-01 3.001e-01 1.686e-03 2.443e-03 5.730e-03 -1.000 1.478e-02 -5.177 -4.078 -4.499 -5.176 -5.551 -5.866 -6.276 -6.568 -6.619
0.01471 0.00000 7.60206 7.8592343330 2.6229000092    7.860  3.983  3.7735  1.396    5  0.000  0.392     0.00     0.00     0.00     0.00     0.00 -1    -1e-30      0.00 6.852e-01 3.001e-01 1.686e-03 2.443e-03 5.730e-03 -1.000 1.478e-02 -5.188 -4.219 -4.598 -5.212 -5.558 -5.852 -6.236 -6.504 -6.552
0.01471 0.00000 7.60206 7.8601918221 2.6229016781    7.861  3.989  3.7876  1.446    5  0.000  0.392     0.00     0.00     0.00     0.00     0.00 -1    -1e-30      0.00 6.852e-01 3.001e-01 1.686e-03 2.443e-03 5.730e-03 -1.000 1.478e-02 -5.204 -4.415 -4.737 -5.259 -5.562 -5.824 -6.171 -6.407 -6.449
0.01471 0.00000 7.60206 7.8614439964 2.6229040623    7.862  3.997  3.8087  1.524    5  0.000  0.392     0.00     0.00     0.00     0.00     0.00 -1    -1e-30      0.00 6.852e-01 3.000e-01 1.686e-03 2.443e-03 5.730e-03 -1.000 1.478e-02 -5.222 -4.626 -4.906 -5.312 -5.558 -5.778 -6.073 -6.264 -6.299
0.01471 0.00000 7.60206 7.8629937172 2.6229069233    7.864  4.002  3.8315  1.610    5  0.000  0.392     0.00     0.00     0.00     0.00     0.00 -1    -1e-30      0.00 6.852e-01 3.000e-01 1.686e-03 2.443e-03 5.730e-03 -1.000 1.478e-02 -5.235 -4.806 -5.059 -5.348 -5.537 -5.714 -5.956 -6.104 -6.133
0.01471 0.00000 7.60206 7.8647727966 2.6229100227    7.865  4.007  3.8518  1.686    5  0.000  0.392     0.00     0.00     0.00     0.00     0.00 -1    -1e-30      0.00 6.852e-01 3.000e-01 1.686e-03 2.443e-03 5.730e-03 -1.000 1.478e-02 -5.247 -4.938 -5.172 -5.368 -5.511 -5.650 -5.849 -5.963 -5.987
0.01471 0.00000 7.60206 7.8667263985 2.6229135990    7.867  4.011  3.8676  1.745    5  0.000  0.392     0.00     0.00     0.00     0.00     0.00 -1    -1e-30      0.00 6.852e-01 3.000e-01 1.686e-03 2.443e-03 5.730e-03 -1.000 1.478e-02 -5.258 -5.032 -5.244 -5.380 -5.489 -5.600 -5.766 -5.856 -5.876
0.01471 0.00000 7.60206 7.8688368797 2.6229174137    7.869  4.016  3.8814  1.796    5  0.000  0.392     0.00     0.00     0.00     0.00     0.00 -1    -1e-30      0.00 6.852e-01 3.000e-01 1.686e-03 2.443e-03 5.730e-03 -1.000 1.478e-02 -5.269 -5.109 -5.292 -5.385 -5.468 -5.558 -5.695 -5.767 -5.784
0.01471 0.00000 7.60206 7.8710966110 2.6229217052    7.872  4.020  3.8944  1.843    5  0.000  0.392     0.00     0.00     0.00     0.00     0.00 -1    -1e-30      0.00 6.852e-01 3.000e-01 1.686e-03 2.443e-03 5.730e-03 -1.000 1.478e-02 -5.281 -5.177 -5.325 -5.383 -5.447 -5.518 -5.629 -5.686 -5.699
0.01471 0.00000 7.60206 7.8736052513 2.6229262352    7.874  4.025  3.9073  1.890    5  0.000  0.392     0.00     0.00     0.00     0.00     0.00 -1    -1e-30      0.00 6.852e-01 3.000e-01 1.686e-03 2.443e-03 5.730e-03 -1.000 1.478e-02 -5.292 -5.239 -5.345 -5.374 -5.420 -5.477 -5.563 -5.608 -5.617
0.01471 0.00000 7.60206 7.8763117790 2.6229310036    7.877  4.029  3.9194  1.934    5  0.000  0.392     0.00     0.00     0.00     0.00     0.00 -1    -1e-30      0.00 6.852e-01 3.000e-01 1.686e-03 2.443e-03 5.730e-03 -1.000 1.478e-02 -5.304 -5.290 -5.353 -5.359 -5.392 -5.436 -5.500 -5.535 -5.540
0.01471 0.00000 7.60206 7.8790812492 2.6229360104    7.880  4.034  3.9303  1.974    5  0.000  0.392     0.00     0.00     0.00     0.00     0.00 -1    -1e-30      0.00 6.852e-01 3.000e-01 1.686e-03 2.443e-03 5.730e-03 -1.000 1.478e-02 -5.314 -5.329 -5.351 -5.340 -5.364 -5.398 -5.443 -5.470 -5.472
0.01471 0.00000 7.60206 7.8833241463 2.6229438782    7.884  4.039  3.9437  2.023    5  0.000  0.392     0.00     0.00     0.00     0.00     0.00 -1    -1e-30      0.00 6.852e-01 3.000e-01 1.686e-03 2.443e-03 5.730e-03 -1.000 1.477e-02 -5.327 -5.364 -5.334 -5.308 -5.324 -5.349 -5.372 -5.392 -5.389
0.01471 0.00000 7.60206 7.8886084557 2.6229534149    7.889  4.044  3.9539  2.059    5  0.000  0.392     0.00     0.00     0.00     0.00     0.00 -1    -1e-30      0.00 6.852e-01 3.000e-01 1.686e-03 2.443e-03 5.730e-03 -1.000 1.477e-02 -5.339 -5.385 -5.316 -5.282 -5.295 -5.313 -5.321 -5.335 -5.328
0.01471 0.00000 7.60206 7.8958163261 2.6229662895    7.897  4.049  3.9622  2.087    5  0.000  0.392     0.00     0.00     0.00     0.00     0.00 -1    -1e-30      0.00 6.852e-01 3.000e-01 1.686e-03 2.443e-03 5.730e-03 -1.000 1.477e-02 -5.352 -5.403 -5.303 -5.262 -5.272 -5.286 -5.281 -5.291 -5.282
0.01471 0.00000 7.60206 7.9002008438 2.6229743958    7.901  4.050  3.9601  2.078    6  0.000  0.392     0.00     0.00     0.00     0.00     0.00 -1    -1e-30      0.00 6.852e-01 3.000e-01 1.687e-03 2.443e-03 5.730e-03 -1.000 1.477e-02 -5.356 -5.406 -5.313 -5.275 -5.285 -5.300 -5.298 -5.309 -5.300
0.01471 0.00000 7.60206 7.9089303017 2.6229901314    7.910  4.053  3.9525  2.046    6  0.000  0.392     0.00     0.00     0.00     0.00     0.00 -1    -1e-30      0.00 6.852e-01 3.000e-01 1.687e-03 2.443e-03 5.730e-03 -1.000 1.477e-02 -5.362 -5.407 -5.343 -5.309 -5.322 -5.342 -5.351 -5.366 -5.360
0.01471 0.00000 7.60206 7.9155597687 2.6230020523    7.916  4.054  3.9460  2.018    6  0.000  0.392     0.00     0.00     0.00     0.00     0.00 -1    -1e-30      0.00 6.852e-01 3.000e-01 1.687e-03 2.443e-03 5.730e-03 -1.000 1.477e-02 -5.366 -5.406 -5.366 -5.338 -5.353 -5.377 -5.396 -5.415 -5.410
0.01471 0.00000 7.60206 7.9255199432 2.6230199337    7.926  4.057  3.9346  1.971    6  0.000  0.392     0.00     0.00     0.00     0.00     0.00 -1    -1e-30      0.00 6.852e-01 3.000e-01 1.687e-03 2.442e-03 5.730e-03 -1.000 1.477e-02 -5.372 -5.396 -5.399 -5.383 -5.405 -5.436 -5.473 -5.498 -5.498
0.01471 0.00000 7.60206 7.9336695671 2.6230344772    7.935  4.058  3.9242  1.928    6  0.000  0.392     0.00     0.00     0.00     0.00     0.00 -1    -1e-30      0.00 6.852e-01 3.000e-01 1.687e-03 2.442e-03 5.730e-03 -1.000 1.477e-02 -5.376 -5.377 -5.419 -5.418 -5.448 -5.487 -5.542 -5.574 -5.577
0.01471 0.00000 7.60206 7.9393167496 2.6230444908    7.940  4.059  3.9158  1.894    6  0.000  0.392     0.00     0.00     0.00     0.00     0.00 -1    -1e-30      0.00 6.852e-01 3.000e-01 1.687e-03 2.442e-03 5.730e-03 -1.000 1.477e-02 -5.378 -5.356 -5.429 -5.441 -5.478 -5.526 -5.596 -5.634 -5.640
0.01471 0.00000 7.60206 7.9429306984 2.6230509281    7.944  4.060  3.9094  1.868    6  0.000  0.392     0.00     0.00     0.00     0.00     0.00 -1    -1e-30      0.00 6.852e-01 3.000e-01 1.687e-03 2.442e-03 5.730e-03 -1.000 1.477e-02 -5.379 -5.336 -5.432 -5.456 -5.500 -5.554 -5.636 -5.679 -5.687
0.01471 0.00000 7.60206 7.9466342926 2.6230576038    7.948  4.060  3.9020  1.839    6  0.000  0.392     0.00     0.00     0.00     0.00     0.00 -1    -1e-30      0.00 6.853e-01 3.000e-01 1.687e-03 2.442e-03 5.730e-03 -1.000 1.477e-02 -5.379 -5.309 -5.431 -5.470 -5.523 -5.585 -5.681 -5.731 -5.741
0.01471 0.00000 7.60206 7.9495353699 2.6230626106    7.951  4.059  3.8954  1.812    6  0.000  0.392     0.00     0.00     0.00     0.00     0.00 -1    -1e-30      0.00 6.853e-01 3.000e-01 1.687e-03 2.442e-03 5.730e-03 -1.000 1.477e-02 -5.379 -5.282 -5.425 -5.480 -5.541 -5.612 -5.721 -5.777 -5.789
0.01471 0.00000 7.60206 7.9514679909 2.6230661869    7.953  4.059  3.8905  1.793    6  0.000  0.392     0.00     0.00     0.00     0.00     0.00 -1    -1e-30      0.00 6.853e-01 3.000e-01 1.687e-03 2.442e-03 5.730e-03 -1.000 1.477e-02 -5.378 -5.261 -5.420 -5.486 -5.554 -5.631 -5.749 -5.810 -5.824
0.01471 0.00000 7.60206 7.9536461830 2.6230700016    7.955  4.059  3.8842  1.769    6  0.000  0.392     0.00     0.00     0.00     0.00     0.00 -1    -1e-30      0.00 6.853e-01 3.000e-01 1.687e-03 2.442e-03 5.730e-03 -1.000 1.477e-02 -5.377 -5.232 -5.407 -5.490 -5.569 -5.655 -5.786 -5.854 -5.870
0.01471 0.00000 7.60206 7.9553489685 2.6230731010    7.956  4.058  3.8787  1.747    6  0.000  0.392     0.00     0.00     0.00     0.00     0.00 -1    -1e-30      0.00 6.853e-01 3.000e-01 1.687e-03 2.442e-03 5.730e-03 -1.000 1.477e-02 -5.375 -5.206 -5.394 -5.493 -5.581 -5.674 -5.817 -5.892 -5.909
0.01471 0.00000 7.60206 7.9568829536 2.6230757236    7.958  4.058  3.8732  1.726    6  0.000  0.392     0.00     0.00     0.00     0.00     0.00 -1    -1e-30      0.00 6.853e-01 3.000e-01 1.687e-03 2.442e-03 5.730e-03 -1.000 1.477e-02 -5.374 -5.178 -5.378 -5.494 -5.592 -5.694 -5.848 -5.930 -5.949
0.01471 0.00000 7.60206 7.9582190514 2.6230781078    7.959  4.057  3.8679  1.706    6  0.000  0.392     0.00     0.00     0.00     0.00     0.00 -1    -1e-30      0.00 6.853e-01 3.000e-01 1.687e-03 2.442e-03 5.730e-03 -1.000 1.477e-02 -5.372 -5.150 -5.361 -5.495 -5.602 -5.713 -5.877 -5.967 -5.987
0.01471 0.00000 7.60206 7.9593825340 2.6230802536    7.961  4.056  3.8629  1.686    6  0.000  0.392     0.00     0.00     0.00     0.00     0.00 -1    -1e-30      0.00 6.853e-01 3.000e-01 1.687e-03 2.442e-03 5.730e-03 -1.000 1.477e-02 -5.371 -5.123 -5.344 -5.494 -5.611 -5.730 -5.905 -6.002 -6.024
0.01471 0.00000 7.60206 7.9604349136 2.6230821609    7.962  4.060  3.8593  1.668    6  0.000  0.392     0.00     0.00     0.00     0.00     0.00 -1    -1e-30      0.00 6.853e-01 3.000e-01 1.687e-03 2.442e-03 5.730e-03 -1.000 1.477e-02 -5.381 -5.115 -5.342 -5.505 -5.629 -5.755 -5.937 -6.039 -6.062
0.01471 0.00000 7.60206 7.9607024193 2.6230823994    7.962  4.068  3.8612  1.668    6  0.000  0.392     0.00     0.00     0.00     0.00     0.00 -1    -1e-30      0.00 6.853e-01 3.000e-01 1.687e-03 2.442e-03 5.730e-03 -1.000 1.477e-02 -5.399 -5.143 -5.368 -5.523 -5.643 -5.765 -5.944 -6.042 -6.065
0.01471 0.00000 7.60206 7.9607977867 2.6230826378    7.962  4.070  3.8636  1.675    6  0.000  0.392     0.00     0.00     0.00     0.00     0.00 -1    -1e-30      0.00 6.853e-01 3.000e-01 1.687e-03 2.442e-03 5.730e-03 -1.000 1.477e-02 -5.405 -5.162 -5.381 -5.528 -5.644 -5.762 -5.935 -6.031 -6.052
0.01471 0.00000 7.60206 7.9608860016 2.6230828762    7.962  4.071  3.8665  1.686    6  0.000  0.392     0.00     0.00     0.00     0.00     0.00 -1    -1e-30      0.00 6.853e-01 3.000e-01 1.687e-03 2.442e-03 5.730e-03 -1.000 1.477e-02 -5.409 -5.180 -5.394 -5.532 -5.641 -5.754 -5.922 -6.013 -6.034
0.01471 0.00000 7.60206 7.9609599113 2.6230828762    7.962  4.072  3.8694  1.696    6  0.000  0.392     0.00     0.00     0.00     0.00     0.00 -1    -1e-30      0.00 6.853e-01 3.000e-01 1.687e-03 2.442e-03 5.730e-03 -1.000 1.477e-02 -5.410 -5.197 -5.405 -5.533 -5.637 -5.745 -5.907 -5.994 -6.014
0.01471 0.00000 7.60206 7.9610309601 2.6230831146    7.962  4.072  3.8722  1.707    6  0.000  0.392     0.00     0.00     0.00     0.00     0.00 -1    -1e-30      0.00 6.853e-01 3.000e-01 1.687e-03 2.442e-03 5.730e-03 -1.000 1.477e-02 -5.411 -5.211 -5.413 -5.532 -5.631 -5.735 -5.890 -5.974 -5.993
0.01471 0.00000 7.60206 7.9611015320 2.6230831146    7.962  4.072  3.8750  1.719    6  0.000  0.392     0.00     0.00     0.00     0.00     0.00 -1    -1e-30      0.00 6.853e-01 3.000e-01 1.687e-03 2.442e-03 5.730e-03 -1.000 1.477e-02 -5.410 -5.224 -5.420 -5.530 -5.624 -5.724 -5.873 -5.953 -5.972
0.01471 0.00000 7.60206 7.9611759186 2.6230833530    7.962  4.072  3.8777  1.730    6  0.000  0.392     0.00     0.00     0.00     0.00     0.00 -1    -1e-30      0.00 6.853e-01 3.000e-01 1.687e-03 2.442e-03 5.730e-03 -1.000 1.477e-02 -5.409 -5.235 -5.425 -5.527 -5.616 -5.712 -5.856 -5.932 -5.950
0.01471 0.00000 7.60206 7.9612588882 2.6230835915    7.962  4.071  3.8804  1.742    6  0.000  0.392     0.00     0.00     0.00     0.00     0.00 -1    -1e-30      0.00 6.853e-01 3.000e-01 1.687e-03 2.442e-03 5.730e-03 -1.000 1.477e-02 -5.407 -5.246 -5.430 -5.523 -5.608 -5.699 -5.838 -5.911 -5.927
0.01471 0.00000 7.60206 7.9613561630 2.6230835915    7.963  4.069  3.8830  1.754    6  0.000  0.392     0.00     0.00     0.00     0.00     0.00 -1    -1e-30      0.00 6.853e-01 3.000e-01 1.687e-03 2.442e-03 5.730e-03 -1.000 1.477e-02 -5.403 -5.254 -5.432 -5.518 -5.598 -5.686 -5.819 -5.889 -5.905
0.01471 0.00000 7.60206 7.9615240097 2.6230840683    7.963  4.067  3.8860  1.768    6  0.000  0.392     0.00     0.00     0.00     0.00     0.00 -1    -1e-30      0.00 6.853e-01 3.000e-01 1.687e-03 2.442e-03 5.730e-03 -1.000 1.477e-02 -5.398 -5.261 -5.431 -5.510 -5.585 -5.668 -5.796 -5.862 -5.877
0.01471 0.00000 7.60206 7.9622025490 2.6230852604    7.963  4.063  3.8864  1.774    6  0.000  0.392     0.00     0.00     0.00     0.00     0.00 -1    -1e-30      0.00 6.853e-01 3.000e-01 1.687e-03 2.442e-03 5.730e-03 -1.000 1.477e-02 -5.387 -5.253 -5.422 -5.499 -5.574 -5.656 -5.783 -5.849 -5.864
0.01471 0.00000 7.60206 7.9639687538 2.6230883598    7.965  4.063  3.8795  1.747    6  0.000  0.392     0.00     0.00     0.00     0.00     0.00 -1    -1e-30      0.00 6.853e-01 3.000e-01 1.687e-03 2.442e-03 5.730e-03 -1.000 1.477e-02 -5.387 -5.221 -5.408 -5.504 -5.590 -5.683 -5.823 -5.897 -5.914
0.01471 0.00000 7.60206 7.9674663544 2.6230945587    7.969  4.062  3.8683  1.703    6  0.000  0.392     0.00     0.00     0.00     0.00     0.00 -1    -1e-30      0.00 6.853e-01 3.000e-01 1.687e-03 2.442e-03 5.730e-03 -1.000 1.477e-02 -5.385 -5.165 -5.375 -5.507 -5.614 -5.724 -5.888 -5.977 -5.997
0.01471 0.00000 7.60206 7.9707655907 2.6231002808    7.972  4.061  3.8563  1.656    6  0.000  0.392     0.00     0.00     0.00     0.00     0.00 -1    -1e-30      0.00 6.853e-01 3.000e-01 1.687e-03 2.442e-03 5.730e-03 -1.000 1.477e-02 -5.382 -5.099 -5.329 -5.505 -5.636 -5.767 -5.956 -6.062 -6.086
0.01471 0.00000 7.60206 7.9735994339 2.6231052876    7.975  4.059  3.8442  1.609    6  0.000  0.392     0.00     0.00     0.00     0.00     0.00 -1    -1e-30      0.00 6.853e-01 3.000e-01 1.687e-03 2.442e-03 5.730e-03 -1.000 1.477e-02 -5.378 -5.026 -5.271 -5.497 -5.656 -5.808 -6.023 -6.149 -6.176
0.01471 0.00000 7.60206 7.9758362770 2.6231093407    7.977  4.057  3.8332  1.567    6  0.000  0.392     0.00     0.00     0.00     0.00     0.00 -1    -1e-30      0.00 6.853e-01 3.000e-01 1.687e-03 2.442e-03 5.730e-03 -1.000 1.477e-02 -5.374 -4.954 -5.210 -5.488 -5.672 -5.845 -6.084 -6.229 -6.258
0.01471 0.00000 7.60206 7.9774041176 2.6231119633    7.979  4.056  3.8246  1.534    6  0.000  0.392     0.00     0.00     0.00     0.00     0.00 -1    -1e-30      0.00 6.853e-01 3.000e-01 1.687e-03 2.442e-03 5.730e-03 -1.000 1.477e-02 -5.370 -4.893 -5.157 -5.478 -5.683 -5.872 -6.130 -6.291 -6.321
0.01471 0.00000 7.60206 7.9791655540 2.6231150627    7.980  4.054  3.8137  1.493    6  0.000  0.392     0.00     0.00     0.00     0.00     0.00 -1    -1e-30      0.00 6.853e-01 3.000e-01 1.687e-03 2.442e-03 5.730e-03 -1.000 1.477e-02 -5.365 -4.811 -5.086 -5.462 -5.694 -5.904 -6.187 -6.368 -6.402
0.01471 0.00000 7.60206 7.9806923866 2.6231179237    7.982  4.052  3.8029  1.451    6  0.000  0.392     0.00     0.00     0.00     0.00     0.00 -1    -1e-30      0.00 6.853e-01 3.000e-01 1.687e-03 2.442e-03 5.730e-03 -1.000 1.477e-02 -5.360 -4.714 -5.008 -5.443 -5.704 -5.935 -6.243 -6.446 -6.483
0.01471 0.00000 7.60206 7.9818739891 2.6231198311    7.983  4.050  3.7937  1.417    6  0.000  0.392     0.00     0.00     0.00     0.00     0.00 -1    -1e-30      0.00 6.853e-01 3.000e-01 1.687e-03 2.442e-03 5.730e-03 -1.000 1.477e-02 -5.356 -4.628 -4.938 -5.423 -5.708 -5.958 -6.289 -6.510 -6.551
0.01471 0.00000 7.60206 7.9829401970 2.6231217384    7.984  4.048  3.7845  1.382    6  0.000  0.392     0.00     0.00     0.00     0.00     0.00 -1    -1e-30      0.00 6.853e-01 2.999e-01 1.687e-03 2.442e-03 5.730e-03 -1.000 1.477e-02 -5.351 -4.521 -4.861 -5.402 -5.713 -5.982 -6.336 -6.577 -6.620
0.01471 0.00000 7.60206 7.9838652611 2.6231234074    7.985  4.046  3.7753  1.347    6  0.000  0.392     0.00     0.00     0.00     0.00     0.00 -1    -1e-30      0.00 6.853e-01 2.999e-01 1.687e-03 2.442e-03 5.730e-03 -1.000 1.477e-02 -5.346 -4.396 -4.774 -5.376 -5.716 -6.005 -6.383 -6.646 -6.693
0.01471 0.00000 7.60206 7.9846730232 2.6231248379    7.986  4.045  3.7668  1.315    6  0.000  0.392     0.00     0.00     0.00     0.00     0.00 -1    -1e-30      0.00 6.853e-01 2.999e-01 1.687e-03 2.442e-03 5.730e-03 -1.000 1.477e-02 -5.341 -4.274 -4.688 -5.348 -5.715 -6.024 -6.426 -6.710 -6.760
0.01471 0.00000 7.60206 7.9853792191 2.6231260300    7.987  4.043  3.7583  1.283    6  0.000  0.392     0.00     0.00     0.00     0.00     0.00 -1    -1e-30      0.00 6.853e-01 2.999e-01 1.687e-03 2.442e-03 5.730e-03 -1.000 1.477e-02 -5.336 -4.154 -4.609 -5.321 -5.712 -6.038 -6.463 -6.766 -6.819
0.01471 0.00000 7.60206 7.9861421585 2.6231274605    7.987  4.040  3.7483  1.246    6  0.000  0.392     0.00     0.00     0.00     0.00     0.00 -1    -1e-30      0.00 6.853e-01 2.999e-01 1.687e-03 2.442e-03 5.730e-03 -1.000 1.477e-02 -5.330 -3.997 -4.515 -5.287 -5.705 -6.050 -6.502 -6.829 -6.885
0.01471 0.00000 7.60206 7.9866752625 2.6231284142    7.988  4.038  3.7405  1.217    6  0.000  0.392     0.00     0.00     0.00     0.00     0.00 -1    -1e-30      0.00 6.853e-01 2.999e-01 1.687e-03 2.442e-03 5.730e-03 -1.000 1.477e-02 -5.325 -3.820 -4.420 -5.254 -5.699 -6.062 -6.538 -6.886 -6.946
0.01471 0.00000 7.60206 7.9871549606 2.6231291294    7.988  4.036  3.7333  1.190    6  0.000  0.392     0.00     0.00     0.00     0.00     0.00 -1    -1e-30      0.00 6.853e-01 2.999e-01 1.687e-03 2.442e-03 5.730e-03 -1.000 1.477e-02 -5.320 -3.698 -4.347 -5.224 -5.689 -6.065 -6.563 -6.929 -6.990
0.01471 0.00000 7.60206 7.9876074791 2.6231300831    7.989  4.034  3.7257  1.162    6  0.000  0.392     0.00     0.00     0.00     0.00     0.00 -1    -1e-30      0.00 6.853e-01 2.999e-01 1.687e-03 2.442e-03 5.730e-03 -1.000 1.477e-02 -5.314 -3.562 -4.268 -5.190 -5.675 -6.065 -6.587 -6.974 -7.036
0.01471 0.00000 7.60206 7.9880642891 2.6231307983    7.989  4.031  3.7181  1.134    6  0.000  0.392     0.00     0.00     0.00     0.00     0.00 -1    -1e-30      0.00 6.853e-01 2.999e-01 1.687e-03 2.442e-03 5.730e-03 -1.000 1.477e-02 -5.307 -3.411 -4.182 -5.151 -5.658 -6.063 -6.611 -7.020 -7.082
0.01471 0.00000 7.60206 7.9885544777 2.6231317520    7.990  4.027  3.7095  1.104    6  0.000  0.392     0.00     0.00     0.00     0.00     0.00 -1    -1e-30      0.00 6.853e-01 2.999e-01 1.687e-03 2.442e-03 5.730e-03 -1.000 1.476e-02 -5.297 -3.234 -4.084 -5.104 -5.635 -6.057 -6.634 -7.067 -7.130
0.01471 0.00000 7.60206 7.9891910553 2.6231327057    7.990  4.021  3.6994  1.069    6  0.000  0.392     0.00     0.00     0.00     0.00     0.00 -1    -1e-30      0.00 6.853e-01 2.999e-01 1.687e-03 2.442e-03 5.730e-03 -1.000 1.476e-02 -5.282 -3.008 -3.960 -5.041 -5.601 -6.041 -6.657 -7.119 -7.184
0.01471 0.00000 7.60206 7.9900145531 2.6231343746    7.991  4.011  3.6858  1.025    6  0.000  0.392     0.00     0.00     0.00     0.00     0.00 -1    -1e-30      0.00 6.853e-01 2.999e-01 1.687e-03 2.442e-03 5.730e-03 -1.000 1.476e-02 -5.256 -2.679 -3.787 -4.947 -5.544 -6.009 -6.676 -7.175 -7.247
0.01471 0.00000 7.60206 7.9907746315 2.6231355667    7.992  3.999  3.6720  0.981    6  0.000  0.392     0.00     0.00     0.00     0.00     0.00 -1    -1e-30      0.00 6.853e-01 2.999e-01 1.687e-03 2.442e-03 5.730e-03 -1.000 1.476e-02 -5.228 -2.454 -3.630 -4.856 -5.479 -5.963 -6.685 -7.209 -7.300
0.01471 0.00000 7.60206 7.9924545288 2.6231386662    7.994  3.984  3.6418  0.876    6  0.000  0.392     0.00     0.00     0.00     0.00     0.00 -1    -1e-30      0.00 6.853e-01 2.999e-01 1.687e-03 2.442e-03 5.730e-03 -1.000 1.476e-02 -5.190 -1.747 -3.228 -4.617 -5.318 -5.868 -6.720 -7.310 -7.444
0.01471 0.00000 7.60206 8.0000000000 2.6231517792    8.001  3.970  3.6142  0.780    6  0.000  0.392     0.00     0.00     0.00     0.00     0.00 -1    -1e-30      0.00 6.853e-01 2.999e-01 1.687e-03 2.441e-03 5.730e-03 -1.000 1.476e-02 -5.155 -0.929 -2.785 -4.318 -5.121 -5.766 -6.741 -7.416 -7.584
0.01471 0.00000 7.60206 8.0035324097 2.6231579781    8.005  3.964  3.6018  0.737    6  0.000  0.392     0.00     0.00     0.00     0.00     0.00 -1    -1e-30      0.00 6.853e-01 2.999e-01 1.687e-03 2.441e-03 5.730e-03 -1.000 1.476e-02 -5.140 -0.585 -2.571 -4.158 -5.012 -5.715 -6.747 -7.464 -7.647
0.01471 0.00000 7.60206 8.0064659119 2.6231632233    8.008  3.998  3.5961  0.679    6  0.000  0.392     0.00     0.00     0.00     0.00     0.00 -1    -1e-30      0.00 6.853e-01 2.999e-01 1.687e-03 2.442e-03 5.730e-03 -1.000 1.476e-02 -5.226 -0.500 -2.550 -4.166 -5.047 -5.784 -6.845 -7.578 -7.771
0.01471 0.00000 7.60206 8.0068130493 2.6231637001    8.008  4.008  3.5947  0.664    6  0.000  0.392     0.00     0.00     0.00     0.00     0.00 -1    -1e-30      0.00 6.853e-01 2.999e-01 1.687e-03 2.442e-03 5.730e-03 -1.000 1.476e-02 -5.251 -0.483 -2.549 -4.172 -5.059 -5.805 -6.873 -7.611 -7.805
0.01471 0.00000 7.60206 8.0069446564 2.6231639385    8.008  4.018  3.5935  0.650    7  0.000  0.392     0.00     0.00     0.00     0.00     0.00 -1    -1e-30      0.00 6.853e-01 2.999e-01 1.687e-03 2.442e-03 5.730e-03 -1.000 1.476e-02 -5.274 -0.471 -2.550 -4.179 -5.071 -5.824 -6.899 -7.639 -7.835
0.01471 0.00000 7.60206 8.0082864761 2.6231663227    8.009  4.023  3.5928  0.642    7  0.000  0.392     0.00     0.00     0.00     0.00     0.00 -1    -1e-30      0.00 6.853e-01 2.999e-01 1.687e-03 2.442e-03 5.730e-03 -1.000 1.476e-02 -5.288 -0.464 -2.551 -4.184 -5.080 -5.837 -6.915 -7.657 -7.854
0.01471 0.00000 7.60206 8.0091295242 2.6231677532    8.010  4.060  3.5884  0.587    7  0.000  0.392     0.00     0.00     0.00     0.00     0.00 -1    -1e-30      0.00 6.853e-01 2.999e-01 1.687e-03 2.442e-03 5.730e-03 -1.000 1.476e-02 -5.381 -0.422 -2.555 -4.209 -5.127 -5.915 -7.017 -7.771 -7.976
0.01471 0.00000 7.60206 8.0096168518 2.6231687069    8.011  4.089  3.5853  0.546    7  0.000  0.392     0.00     0.00     0.00     0.00     0.00 -1    -1e-30      0.00 6.853e-01 2.999e-01 1.687e-03 2.442e-03 5.730e-03 -1.000 1.476e-02 -5.453 -0.404 -2.562 -4.230 -5.164 -5.977 -7.096 -7.859 -8.068
0.01471 0.00000 7.60206 8.0103750229 2.6231698990    8.011  4.124  3.5816  0.496    7  0.000  0.392     0.00     0.00     0.00     0.00     0.00 -1    -1e-30      0.00 6.853e-01 2.999e-01 1.686e-03 2.442e-03 5.730e-03 -1.000 1.476e-02 -5.540 -0.383 -2.572 -4.256 -5.209 -6.052 -7.191 -7.964 -8.179
0.01471 0.00000 7.60206 8.0113554001 2.6231715679    8.012  4.159  3.5779  0.446    7  0.000  0.391     0.00     0.00     0.00     0.00     0.00 -1    -1e-30      0.00 6.853e-01 2.999e-01 1.680e-03 2.448e-03 5.730e-03 -1.000 1.476e-02 -5.629 -0.362 -2.573 -4.271 -5.246 -6.127 -7.289 -8.071 -8.292
0.01471 0.00000 7.60206 8.0123052597 2.6231732368    8.013  4.188  3.5749  0.405    7  0.000  0.388     0.00     0.00     0.00     0.00     0.00 -1    -1e-30      0.00 6.853e-01 2.999e-01 1.668e-03 2.461e-03 5.730e-03 -1.000 1.476e-02 -5.701 -0.350 -2.572 -4.278 -5.272 -6.188 -7.370 -8.158 -8.385
0.01471 0.00000 7.60206 8.0135345459 2.6231753826    8.015  4.224  3.5711  0.355    7  0.000  0.385     0.00     0.00     0.00     0.00     0.00 -1    -1e-30      0.00 6.853e-01 2.999e-01 1.658e-03 2.475e-03 5.730e-03 -1.000 1.476e-02 -5.790 -0.335 -2.569 -4.285 -5.303 -6.262 -7.468 -8.266 -8.498
0.01471 0.00000 7.60206 8.0149393082 2.6231780052    8.016  4.266  3.5667  0.294    7  0.000  0.383     0.00     0.00     0.00     0.00     0.00 -1    -1e-30      0.00 6.852e-01 2.999e-01 1.650e-03 2.485e-03 5.729e-03 -1.000 1.484e-02 -5.895 -0.326 -2.553 -4.276 -5.327 -6.347 -7.586 -8.394 -8.634
0.01471 0.00000 7.60206 8.0163478851 2.6231803894    8.017  4.306  3.5624  0.238    7  0.000  0.382     0.00     0.00     0.00     0.00     0.00 -1    -1e-30      0.00 6.852e-01 2.999e-01 1.643e-03 2.495e-03 5.727e-03 -1.000 1.484e-02 -5.994 -0.320 -2.535 -4.261 -5.344 -6.426 -7.697 -8.514 -8.761
0.01471 0.00000 7.60206 8.0176572800 2.6231827736    8.019  4.342  3.5585  0.186    7  0.000  0.381     0.00     0.00     0.00     0.00     0.00 -1    -1e-30      0.00 6.851e-01 3.000e-01 1.635e-03 2.511e-03 5.720e-03 -1.000 1.485e-02 -6.084 -0.314 -2.509 -4.235 -5.351 -6.494 -7.799 -8.624 -8.877
0.01471 0.00000 7.60206 8.0188512802 2.6231846809    8.020  4.377  3.5545  0.135    7  0.000  0.380     0.00     0.00     0.00     0.00     0.00 -1    -1e-30      0.00 6.842e-01 3.010e-01 1.625e-03 2.545e-03 5.695e-03 -1.000 1.486e-02 -6.173 -0.308 -2.471 -4.188 -5.345 -6.557 -7.900 -8.733 -8.993
0.01471 0.00000 7.60206 8.0206270218 2.6231877804    8.022  4.415  3.5508  0.083    7  0.000  0.379     0.00     0.00     0.00     0.00     0.00 -1    -1e-30      0.00 6.775e-01 3.076e-01 1.607e-03 2.612e-03 5.643e-03 -1.000 1.486e-02 -6.267 -0.310 -2.444 -4.156 -5.349 -6.626 -8.005 -8.845 -9.111
0.01471 0.00000 7.60206 8.0257463455 2.6231968403    8.027  4.464  3.5462  0.015    7  0.000  0.379     0.00     0.00     0.00     0.00     0.00 -1    -1e-30      0.00 6.619e-01 3.234e-01 1.570e-03 2.764e-03 5.523e-03 -1.000 1.479e-02 -6.390 -0.321 -2.397 -4.094 -5.345 -6.709 -8.143 -8.991 -9.266
0.01471 0.00000 7.60206 8.0338134766 2.6232106686    8.035  4.525  3.5395 -0.072    7  0.000  0.378     0.00     0.00     0.00     0.00     0.00 -1    -1e-30      0.00 6.604e-01 3.247e-01 1.561e-03 2.792e-03 5.505e-03 -1.000 1.486e-02 -6.541 -0.320 -2.289 -3.958 -5.300 -6.795 -8.316 -9.175 -9.461
0.01471 0.00000 7.60206 8.0444946289 2.6232292652    8.045  4.518  3.5404 -0.061    7  0.000  0.378     0.00     0.00     0.00     0.00     0.00 -1    -1e-30      0.00 6.570e-01 3.281e-01 1.551e-03 2.834e-03 5.470e-03 -1.000 1.486e-02 -6.526 -0.324 -2.312 -3.986 -5.314 -6.791 -8.298 -9.155 -9.440
0.01471 0.00000 7.60206 8.0462026596 2.6232321262    8.047  4.494  3.5434 -0.025    7  0.000  0.378     0.00     0.00     0.00     0.00     0.00 -1    -1e-30      0.00 6.564e-01 3.288e-01 1.550e-03 2.842e-03 5.464e-03 -1.000 1.486e-02 -6.466 -0.330 -2.365 -4.052 -5.340 -6.758 -8.228 -9.080 -9.359
0.01471 0.00000 7.60206 8.0474224091 2.6232342720    8.048  4.464  3.5469  0.019    7  0.000  0.378     0.00     0.00     0.00     0.00     0.00 -1    -1e-30      0.00 6.559e-01 3.292e-01 1.549e-03 2.847e-03 5.459e-03 -1.000 1.486e-02 -6.391 -0.333 -2.421 -4.122 -5.365 -6.716 -8.142 -8.988 -9.262
0.01471 0.00000 7.60206 8.0483169556 2.6232359409    8.049  4.436  3.5501  0.060    7  0.000  0.378     0.00     0.00     0.00     0.00     0.00 -1    -1e-30      0.00 6.557e-01 3.295e-01 1.548e-03 2.850e-03 5.457e-03 -1.000 1.486e-02 -6.320 -0.336 -2.470 -4.184 -5.385 -6.675 -8.061 -8.901 -9.170
0.01471 0.00000 7.60206 8.0501356125 2.6232390404    8.051  4.436  3.5501  0.061    7  0.000  0.378     0.00     0.00     0.00     0.00     0.00 -1    -1e-30      0.00 6.556e-01 3.295e-01 1.548e-03 2.851e-03 5.456e-03 -1.000 1.486e-02 -6.319 -0.336 -2.471 -4.186 -5.386 -6.674 -8.059 -8.900 -9.168
0.01471 0.00000 7.60206 8.0521936417 2.6232426167    8.053  4.466  3.5467  0.017    7  0.000  0.378     0.00     0.00     0.00     0.00     0.00 -1    -1e-30      0.00 6.555e-01 3.296e-01 1.548e-03 2.852e-03 5.456e-03 -1.000 1.486e-02 -6.396 -0.335 -2.421 -4.122 -5.366 -6.719 -8.147 -8.993 -9.267
0.01471 0.00000 7.60206 8.0600395203 2.6232562065    8.061  4.500  3.5431 -0.032    7  0.000  0.378     0.00     0.00     0.00     0.00     0.00 -1    -1e-30      0.00 6.552e-01 3.299e-01 1.547e-03 2.855e-03 5.453e-03 -1.000 1.486e-02 -6.481 -0.335 -2.367 -4.053 -5.346 -6.770 -8.244 -9.096 -9.377
0.01471 0.00000 7.60206 8.0616207123 2.6232588291    8.062  4.509  3.5422 -0.044    7  0.000  0.378     0.00     0.00     0.00     0.00     0.00 -1    -1e-30      0.00 6.552e-01 3.300e-01 1.547e-03 2.856e-03 5.452e-03 -1.000 1.486e-02 -6.503 -0.337 -2.355 -4.038 -5.343 -6.784 -8.269 -9.123 -9.405
0.01471 0.00000 7.60206 8.0679836273 2.6232697964    8.069  4.506  3.5427 -0.039    7  0.000  0.378     0.00     0.00     0.00     0.00     0.00 -1    -1e-30      0.00 6.550e-01 3.302e-01 1.546e-03 2.859e-03 5.450e-03 -1.000 1.486e-02 -6.495 -0.339 -2.365 -4.050 -5.348 -6.781 -8.260 -9.113 -9.394
0.01471 0.00000 7.60206 8.0710268021 2.6232750416    8.072  4.528  3.5402 -0.070    7  0.000  0.378     0.00     0.00     0.00     0.00     0.00 -1    -1e-30      0.00 6.549e-01 3.302e-01 1.546e-03 2.860e-03 5.449e-03 -1.000 1.486e-02 -6.550 -0.338 -2.324 -3.999 -5.331 -6.813 -8.323 -9.180 -9.466
0.01471 0.00000 7.60206 8.0895547867 2.6233067513    8.090  4.532  3.5404 -0.073    7  0.000  0.378     0.00     0.00     0.00     0.00     0.00 -1    -1e-30      0.00 6.547e-01 3.304e-01 1.545e-03 2.863e-03 5.447e-03 -1.000 1.485e-02 -6.560 -0.349 -2.340 -4.017 -5.347 -6.825 -8.333 -9.189 -9.475
0.01471 0.00000 7.60206 8.1257781982 2.6233682632    8.126  4.540  3.5407 -0.078    7  0.000  0.378     0.00     0.00     0.00     0.00     0.00 -1    -1e-30      0.00 6.554e-01 3.298e-01 1.546e-03 2.857e-03 5.452e-03 -1.000 1.485e-02 -6.581 -0.369 -2.368 -4.048 -5.376 -6.848 -8.353 -9.208 -9.493
