Zini     MH   logAge Mini        int_IMF         Mass   logL    logTe  logg  label   McoreTP C_O  period0  period1  period2  period3  period4  pmode  Mloss  tau1m   X   Y   Xc  Xn  Xo  Cexcess  Z 	 mbolmag  Umag    Bmag    Vmag    Rmag    Imag    Jmag    Hmag    Kmag
0.01471 0.00000 7.31175 0.0900000036 1.0816895962    0.090 -2.273  3.4033  4.230    0  0.000  0.545     0.00     0.00     0.00     0.00     0.00 -1 -1.74e-15      0.00 7.107e-01 2.745e-01 2.655e-03 7.163e-04 6.496e-03 -1.000 1.476e-02 10.452 18.075 16.426 14.893 12.998 10.874 8.403 7.820 7.449
0.01471 0.00000 7.31175 0.0958307385 1.1353040934    0.096 -2.233  3.4076  4.235    0  0.000  0.545     0.00     0.00     0.00     0.00     0.00 -1 -1.83e-15      0.00 7.107e-01 2.745e-01 2.655e-03 7.163e-04 6.496e-03 -1.000 1.476e-02 10.353 17.985 16.331 14.796 12.900 10.775 8.304 7.721 7.350
0.01471 0.00000 7.31175 0.1000000015 1.1711064577    0.100 -2.205  3.4106  4.237    0  0.000  0.545     0.00     0.00     0.00     0.00     0.00 -1 -1.91e-15      0.00 7.107e-01 2.745e-01 2.655e-03 7.163e-04 6.496e-03 -1.000 1.476e-02 10.282 17.917 16.261 14.726 12.829 10.704 8.233 7.650 7.279
0.01471 0.00000 7.31175 0.1125745773 1.2683107853    0.113 -2.128  3.4188  4.245    0  0.000  0.545     0.00     0.00     0.00     0.00     0.00 -1 -2.13e-15      0.00 7.107e-01 2.745e-01 2.655e-03 7.163e-04 6.496e-03 -1.000 1.476e-02 10.091 17.657 16.011 14.476 12.597 10.486 8.046 7.462 7.093
0.01471 0.00000 7.31175 0.1200000048 1.3193155527    0.120 -2.086  3.4232  4.248    0  0.000  0.545     0.00     0.00     0.00     0.00     0.00 -1 -2.27e-15      0.00 7.107e-01 2.745e-01 2.655e-03 7.163e-04 6.496e-03 -1.000 1.476e-02 9.984 17.391 15.777 14.245 12.405 10.325 7.947 7.362 6.997
0.01471 0.00000 7.31175 0.1400000006 1.4384527206    0.140 -1.984  3.4343  4.257    0  0.000  0.545     0.00     0.00     0.00     0.00     0.00 -1 -2.63e-15      0.00 7.107e-01 2.745e-01 2.655e-03 7.163e-04 6.496e-03 -1.000 1.476e-02 9.729 16.698 15.168 13.653 11.919 9.922 7.713 7.125 6.770
0.01471 0.00000 7.31175 0.1542331874 1.5105150938    0.154 -1.920  3.4416  4.265    0  0.000  0.545     0.00     0.00     0.00     0.00     0.00 -1 -2.87e-15      0.00 7.107e-01 2.745e-01 2.655e-03 7.163e-04 6.496e-03 -1.000 1.476e-02 9.571 16.275 14.793 13.295 11.623 9.676 7.568 6.978 6.631
0.01471 0.00000 7.31175 0.1601713747 1.5380697250    0.160 -1.896  3.4445  4.268    0  0.000  0.545     0.00     0.00     0.00     0.00     0.00 -1 -2.97e-15      0.00 7.107e-01 2.745e-01 2.655e-03 7.163e-04 6.496e-03 -1.000 1.476e-02 9.509 16.114 14.649 13.157 11.510 9.583 7.512 6.921 6.578
0.01471 0.00000 7.31175 0.1803308725 1.6225358248    0.180 -1.818  3.4528  4.275    0  0.000  0.545     0.00     0.00     0.00     0.00     0.00 -1 -3.31e-15      0.00 7.107e-01 2.745e-01 2.655e-03 7.163e-04 6.496e-03 -1.000 1.476e-02 9.315 15.637 14.219 12.742 11.164 9.298 7.334 6.740 6.407
0.01471 0.00000 7.31175 0.1937030554 1.6720687151    0.194 -1.772  3.4578  4.280    0  0.000  0.545     0.00     0.00     0.00     0.00     0.00 -1 -3.52e-15      0.00 7.107e-01 2.745e-01 2.655e-03 7.163e-04 6.496e-03 -1.000 1.476e-02 9.199 15.358 13.966 12.493 10.957 9.131 7.229 6.633 6.305
0.01471 0.00000 7.31175 0.2010395974 1.6973941326    0.201 -1.749  3.4605  4.284    0  0.000  0.545     0.00     0.00     0.00     0.00     0.00 -1 -3.62e-15      0.00 7.107e-01 2.745e-01 2.655e-03 7.163e-04 6.496e-03 -1.000 1.476e-02 9.142 15.217 13.837 12.367 10.852 9.047 7.177 6.580 6.255
0.01471 0.00000 7.31175 0.2114052474 1.7311972380    0.211 -1.715  3.4638  4.286    0  0.000  0.545     0.00     0.00     0.00     0.00     0.00 -1 -3.83e-15      0.00 7.107e-01 2.745e-01 2.655e-03 7.163e-04 6.496e-03 -1.000 1.476e-02 9.058 15.037 13.671 12.206 10.716 8.934 7.100 6.501 6.181
0.01471 0.00000 7.31175 0.2299208641 1.7865233421    0.230 -1.661  3.4696  4.291    0  0.000  0.545     0.00     0.00     0.00     0.00     0.00 -1 -4.14e-15      0.00 7.107e-01 2.745e-01 2.655e-03 7.163e-04 6.496e-03 -1.000 1.476e-02 8.922 14.738 13.395 11.939 10.491 8.749 6.975 6.373 6.061
0.01471 0.00000 7.31175 0.2500000000 1.8403258324    0.250 -1.607  3.4753  4.296    0  0.000  0.545     0.00     0.00     0.00     0.00     0.00 -1 -4.48e-15      0.00 7.107e-01 2.745e-01 2.655e-03 7.163e-04 6.496e-03 -1.000 1.476e-02 8.787 14.450 13.126 11.677 10.268 8.569 6.851 6.246 5.941
0.01471 0.00000 7.31175 0.2709661126 1.8908170462    0.271 -1.556  3.4809  4.302    0  0.000  0.545     0.00     0.00     0.00     0.00     0.00 -1  -4.8e-15      0.00 7.107e-01 2.745e-01 2.655e-03 7.163e-04 6.496e-03 -1.000 1.476e-02 8.659 14.179 12.871 11.428 10.055 8.398 6.736 6.127 5.829
0.01471 0.00000 7.31175 0.3000000119 1.9529139996    0.300 -1.490  3.4882  4.309    0  0.000  0.545     0.00     0.00     0.00     0.00     0.00 -1 -5.27e-15      0.00 7.107e-01 2.745e-01 2.655e-03 7.163e-04 6.496e-03 -1.000 1.476e-02 8.494 13.844 12.549 11.103 9.775 8.183 6.590 5.974 5.685
0.01471 0.00000 7.31175 0.3246496022 1.9997973442    0.325 -1.441  3.4934  4.316    0  0.000  0.545     0.00     0.00     0.00     0.00     0.00 -1 -5.62e-15      0.00 7.107e-01 2.745e-01 2.655e-03 7.163e-04 6.496e-03 -1.000 1.476e-02 8.372 13.612 12.323 10.884 9.585 8.029 6.480 5.859 5.577
0.01471 0.00000 7.31175 0.3500000238 2.0434176922    0.350 -1.394  3.4984  4.322    0  0.000  0.545     0.00     0.00     0.00     0.00     0.00 -1    -6e-15      0.00 7.107e-01 2.745e-01 2.655e-03 7.163e-04 6.496e-03 -1.000 1.476e-02 8.255 13.390 12.109 10.679 9.408 7.883 6.374 5.748 5.472
0.01471 0.00000 7.31175 0.4000000358 2.1185026169    0.400 -1.310  3.5074  4.332    0  0.000  0.545     0.00     0.00     0.00     0.00     0.00 -1 -6.72e-15      0.00 7.107e-01 2.745e-01 2.655e-03 7.163e-04 6.496e-03 -1.000 1.476e-02 8.045 13.012 11.738 10.323 9.100 7.628 6.184 5.548 5.283
0.01471 0.00000 7.31175 0.4256491661 2.1524374485    0.425 -1.271  3.5120  4.337    0  0.000  0.545     0.00     0.00     0.00     0.00     0.00 -1 -7.09e-15      0.00 7.107e-01 2.745e-01 2.655e-03 7.163e-04 6.496e-03 -1.000 1.476e-02 7.946 12.834 11.561 10.153 8.952 7.508 6.096 5.454 5.195
0.01471 0.00000 7.31175 0.4500000179 2.1822810173    0.450 -1.235  3.5161  4.342    0  0.000  0.545     0.00     0.00     0.00     0.00     0.00 -1 -7.44e-15      0.00 7.107e-01 2.745e-01 2.655e-03 7.163e-04 6.496e-03 -1.000 1.476e-02 7.857 12.678 11.404 10.001 8.819 7.400 6.016 5.370 5.115
0.01471 0.00000 7.31175 0.4674983919 2.2024595737    0.467 -1.211  3.5191  4.347    0  0.000  0.545     0.00     0.00     0.00     0.00     0.00 -1 -7.68e-15      0.00 7.107e-01 2.745e-01 2.655e-03 7.163e-04 6.496e-03 -1.000 1.476e-02 7.797 12.569 11.295 9.895 8.726 7.327 5.963 5.313 5.061
0.01471 0.00000 7.31175 0.5000000000 2.2374541759    0.500 -1.167  3.5244  4.353    0  0.000  0.545     0.00     0.00     0.00     0.00     0.00 -1 -8.16e-15      0.00 7.107e-01 2.745e-01 2.655e-03 7.163e-04 6.496e-03 -1.000 1.476e-02 7.686 12.382 11.102 9.706 8.561 7.195 5.867 5.211 4.964
0.01471 0.00000 7.31175 0.5177180767 2.2550027370    0.518 -1.144  3.5276  4.358    0  0.000  0.545     0.00     0.00     0.00     0.00     0.00 -1 -8.41e-15      0.00 7.107e-01 2.745e-01 2.655e-03 7.163e-04 6.496e-03 -1.000 1.476e-02 7.629 12.279 10.997 9.603 8.471 7.126 5.817 5.158 4.913
0.01471 0.00000 7.31175 0.5461350679 2.2804324627    0.546 -1.105  3.5321  4.360    0  0.000  0.545     0.00     0.00     0.00     0.00     0.00 -1 -8.93e-15      0.00 7.107e-01 2.745e-01 2.655e-03 7.163e-04 6.496e-03 -1.000 1.476e-02 7.532 12.120 10.832 9.441 8.328 7.013 5.732 5.068 4.827
0.01471 0.00000 7.31175 0.5500000119 2.2836582661    0.550 -1.100  3.5327  4.361    0  0.000  0.545     0.00     0.00     0.00     0.00     0.00 -1    -9e-15      0.00 7.107e-01 2.745e-01 2.655e-03 7.163e-04 6.496e-03 -1.000 1.476e-02 7.519 12.100 10.810 9.421 8.310 6.998 5.721 5.056 4.816
0.01471 0.00000 7.31175 0.5649102926 2.2956295013    0.565 -1.082  3.5353  4.365    0  0.000  0.545     0.00     0.00     0.00     0.00     0.00 -1  -9.2e-15      0.00 7.107e-01 2.745e-01 2.655e-03 7.163e-04 6.496e-03 -1.000 1.476e-02 7.475 12.021 10.728 9.340 8.240 6.944 5.683 5.015 4.778
0.01471 0.00000 7.31175 0.6000000238 2.3211214542    0.600 -1.035  3.5413  4.368    0  0.000  0.545     0.00     0.00     0.00     0.00     0.00 -1 -9.91e-15      0.00 7.107e-01 2.745e-01 2.655e-03 7.163e-04 6.496e-03 -1.000 1.476e-02 7.358 11.828 10.526 9.143 8.066 6.808 5.581 4.907 4.675
0.01471 0.00000 7.31175 0.6347965598 2.3432269096    0.635 -0.989  3.5483  4.375    0  0.000  0.545     0.00     0.00     0.00     0.00     0.00 -1 -1.06e-14      0.00 7.107e-01 2.745e-01 2.655e-03 7.163e-04 6.496e-03 -1.000 1.476e-02 7.242 11.630 10.313 8.934 7.881 6.672 5.485 4.804 4.579
0.01471 0.00000 7.31175 0.6499999762 2.3520355225    0.650 -0.967  3.5514  4.376    0  0.000  0.545     0.00     0.00     0.00     0.00     0.00 -1  -1.1e-14      0.00 7.107e-01 2.745e-01 2.655e-03 7.163e-04 6.496e-03 -1.000 1.476e-02 7.189 11.542 10.218 8.840 7.798 6.610 5.440 4.756 4.533
0.01471 0.00000 7.31175 0.6903228164 2.3732514381    0.690 -0.901  3.5621  4.379    0  0.000  0.545     0.00     0.00     0.00     0.00     0.00 -1 -1.24e-14      0.00 7.107e-01 2.745e-01 2.655e-03 7.163e-04 6.496e-03 -1.000 1.476e-02 7.023 11.264 9.913 8.537 7.529 6.417 5.304 4.609 4.398
0.01471 0.00000 7.31175 0.7000000477 2.3779268265    0.700 -0.883  3.5649  4.378    0  0.000  0.545     0.00     0.00     0.00     0.00     0.00 -1 -1.29e-14      0.00 7.107e-01 2.745e-01 2.655e-03 7.163e-04 6.496e-03 -1.000 1.476e-02 6.978 11.191 9.832 8.457 7.457 6.366 5.266 4.569 4.361
0.01471 0.00000 7.31175 0.7500000000 2.3998889923    0.750 -0.709  3.6268  4.481    0  0.000  0.538     0.00     0.00     0.00     0.00     0.00 -1 -1.65e-14      0.00 7.107e-01 2.745e-01 2.620e-03 7.153e-04 6.497e-03 -1.000 1.476e-02 6.543 10.099 8.644 7.385 6.538 5.846 4.984 4.287 4.166
0.01471 0.00000 7.31175 0.7782128453 2.4108591080    0.778 -0.670  3.6316  4.478    0  0.000  0.538     0.00     0.00     0.00     0.00     0.00 -1 -1.77e-14      0.00 7.107e-01 2.745e-01 2.620e-03 7.153e-04 6.497e-03 -1.000 1.476e-02 6.446 9.930 8.481 7.243 6.410 5.746 4.899 4.207 4.093
0.01471 0.00000 7.31175 0.8000000119 2.4187245369    0.800 -0.636  3.6358  4.472    0  0.000  0.538     0.00     0.00     0.00     0.00     0.00 -1  -1.9e-14      0.00 7.107e-01 2.745e-01 2.620e-03 7.153e-04 6.497e-03 -1.000 1.476e-02 6.359 9.771 8.337 7.118 6.299 5.658 4.825 4.136 4.028
0.01471 0.00000 7.31175 0.8123784661 2.4229779243    0.812 -0.616  3.6384  4.470    0  0.000  0.538     0.00     0.00     0.00     0.00     0.00 -1 -1.97e-14      0.00 7.107e-01 2.745e-01 2.620e-03 7.153e-04 6.497e-03 -1.000 1.476e-02 6.311 9.675 8.251 7.045 6.235 5.609 4.784 4.098 3.994
0.01471 0.00000 7.31175 0.8452310562 2.4335746765    0.845 -0.552  3.6475  4.459    0  0.000  0.538     0.00     0.00     0.00     0.00     0.00 -1 -2.26e-14      0.00 7.107e-01 2.745e-01 2.620e-03 7.153e-04 6.497e-03 -1.000 1.476e-02 6.150 9.321 7.965 6.802 6.022 5.441 4.648 3.984 3.888
0.01471 0.00000 7.31175 0.8500000238 2.4350347519    0.850 -0.543  3.6489  4.458    0  0.000  0.538     0.00     0.00     0.00     0.00     0.00 -1 -2.31e-14      0.00 7.107e-01 2.745e-01 2.620e-03 7.153e-04 6.497e-03 -1.000 1.476e-02 6.127 9.268 7.924 6.766 5.991 5.417 4.629 3.968 3.873
0.01471 0.00000 7.31175 0.8515278101 2.4354987144    0.851 -0.540  3.6494  4.457    0  0.000  0.538     0.00     0.00     0.00     0.00     0.00 -1 -2.33e-14      0.00 7.107e-01 2.745e-01 2.620e-03 7.153e-04 6.497e-03 -1.000 1.476e-02 6.119 9.250 7.910 6.754 5.981 5.409 4.622 3.963 3.869
0.01471 0.00000 7.31175 0.8981633782 2.4487876892    0.898 -0.435  3.6660  4.442    0  0.000  0.538     0.00     0.00     0.00     0.00     0.00 -1 -2.92e-14      0.00 7.107e-01 2.745e-01 2.619e-03 7.153e-04 6.497e-03 -1.000 1.476e-02 5.858 8.584 7.427 6.355 5.648 5.135 4.410 3.805 3.721
0.01471 0.00000 7.31175 0.8999999762 2.4492788315    0.899 -0.431  3.6667  4.442    0  0.000  0.538     0.00     0.00     0.00     0.00     0.00 -1 -2.95e-14      0.00 7.107e-01 2.745e-01 2.619e-03 7.153e-04 6.497e-03 -1.000 1.476e-02 5.847 8.556 7.406 6.338 5.634 5.123 4.401 3.799 3.715
0.01471 0.00000 7.31175 0.9253779650 2.4558348656    0.925 -0.369  3.6771  4.434    0  0.000  0.538     0.00     0.00     0.00     0.00     0.00 -1 -3.38e-14      0.00 7.107e-01 2.745e-01 2.619e-03 7.153e-04 6.497e-03 -1.000 1.476e-02 5.692 8.153 7.123 6.105 5.444 4.962 4.278 3.712 3.634
0.01471 0.00000 7.31175 0.9499999881 2.4618122578    0.950 -0.305  3.6882  4.425    0  0.000  0.538     0.00     0.00     0.00     0.00     0.00 -1 -3.91e-14      0.00 7.107e-01 2.745e-01 2.619e-03 7.153e-04 6.497e-03 -1.000 1.476e-02 5.532 7.758 6.841 5.874 5.254 4.798 4.152 3.621 3.548
0.01471 0.00000 7.31175 0.9794506431 2.4685099125    0.979 -0.224  3.7020  4.413    0  0.000  0.538     0.00     0.00     0.00     0.00     0.00 -1  -4.7e-14      0.00 7.107e-01 2.745e-01 2.619e-03 7.153e-04 6.497e-03 -1.000 1.476e-02 5.330 7.273 6.502 5.594 5.025 4.597 3.998 3.507 3.441
0.01471 0.00000 7.31175 1.0000000000 2.4729156494    1.000 -0.165  3.7119  4.403    0  0.000  0.538     0.00     0.00     0.00     0.00     0.00 -1 -5.39e-14      0.00 7.107e-01 2.745e-01 2.619e-03 7.153e-04 6.497e-03 -1.000 1.476e-02 5.183 6.937 6.266 5.398 4.861 4.452 3.886 3.425 3.362
0.01471 0.00000 7.31175 1.0154854059 2.4761004448    1.015 -0.119  3.7195  4.394    0  0.000  0.538     0.00     0.00     0.00     0.00     0.00 -1 -5.86e-14      0.00 7.107e-01 2.745e-01 2.619e-03 7.153e-04 6.497e-03 -1.000 1.476e-02 5.069 6.685 6.089 5.251 4.738 4.341 3.800 3.360 3.300
0.01471 0.00000 7.31175 1.0363531113 2.4802193642    1.036 -0.055  3.7298  4.380    0  0.000  0.538     0.00     0.00     0.00     0.00     0.00 -1 -6.62e-14      0.00 7.107e-01 2.745e-01 2.619e-03 7.153e-04 6.497e-03 -1.000 1.476e-02 4.909 6.349 5.852 5.052 4.567 4.188 3.679 3.266 3.211
0.01471 0.00000 7.31175 1.0499999523 2.4828116894    1.050 -0.012  3.7367  4.370    0  0.000  0.538     0.00     0.00     0.00     0.00     0.00 -1 -7.21e-14      0.00 7.107e-01 2.745e-01 2.619e-03 7.153e-04 6.497e-03 -1.000 1.476e-02 4.800 6.128 5.691 4.920 4.454 4.086 3.599 3.204 3.151
0.01471 0.00000 7.31175 1.0523900986 2.4832577705    1.052 -0.004  3.7379  4.368    0  0.000  0.538     0.00     0.00     0.00     0.00     0.00 -1 -7.31e-14      0.00 7.107e-01 2.745e-01 2.619e-03 7.153e-04 6.497e-03 -1.000 1.476e-02 4.781 6.089 5.663 4.897 4.434 4.068 3.584 3.193 3.140
0.01471 0.00000 7.31175 1.0720555782 2.4868409634    1.071  0.060  3.7477  4.351    0  0.000  0.538     0.00     0.00     0.00     0.00     0.00 -1 -8.31e-14      0.00 7.107e-01 2.745e-01 2.619e-03 7.153e-04 6.497e-03 -1.000 1.476e-02 4.619 5.763 5.432 4.706 4.271 3.921 3.465 3.097 3.049
0.01471 0.00000 7.31175 1.0981961489 2.4913764000    1.097  0.148  3.7608  4.326    0  0.000  0.538     0.00     0.00     0.00     0.00     0.00 -1  -9.9e-14      0.00 7.107e-01 2.745e-01 2.619e-03 7.153e-04 6.496e-03 -1.000 1.476e-02 4.401 5.346 5.129 4.456 4.055 3.725 3.305 2.967 2.925
0.01471 0.00000 7.31175 1.1000000238 2.4916803837    1.099  0.154  3.7617  4.324    0  0.000  0.538     0.00     0.00     0.00     0.00     0.00 -1    -1e-13      0.00 7.107e-01 2.745e-01 2.619e-03 7.153e-04 6.496e-03 -1.000 1.476e-02 4.386 5.318 5.108 4.439 4.040 3.712 3.294 2.958 2.917
0.01471 0.00000 7.31175 1.1074620485 2.4929251671    1.107  0.179  3.7653  4.316    0  0.000  0.538     0.00     0.00     0.00     0.00     0.00 -1 -1.06e-13      0.00 7.107e-01 2.745e-01 2.619e-03 7.153e-04 6.496e-03 -1.000 1.476e-02 4.321 5.204 5.021 4.367 3.978 3.655 3.248 2.920 2.880
0.01471 0.00000 7.31175 1.1317349672 2.4968440533    1.131  0.257  3.7769  4.294    0  0.000  0.538     0.00     0.00     0.00     0.00     0.00 -1 -1.23e-13      0.00 7.107e-01 2.745e-01 2.619e-03 7.153e-04 6.496e-03 -1.000 1.476e-02 4.127 4.861 4.756 4.152 3.791 3.488 3.111 2.808 2.774
0.01471 0.00000 7.31175 1.1471469402 2.4992337227    1.146  0.301  3.7840  4.284    0  0.000  0.538     0.00     0.00     0.00     0.00     0.00 -1 -1.33e-13      0.00 7.107e-01 2.745e-01 2.619e-03 7.152e-04 6.496e-03 -1.000 1.476e-02 4.018 4.673 4.606 4.033 3.689 3.396 3.037 2.749 2.718
0.01471 0.00000 7.31175 1.1499999762 2.4996678829    1.149  0.306  3.7850  4.285    0  0.000  0.538     0.00     0.00     0.00     0.00     0.00 -1 -1.34e-13      0.00 7.107e-01 2.745e-01 2.619e-03 7.152e-04 6.496e-03 -1.000 1.476e-02 4.006 4.651 4.589 4.020 3.678 3.387 3.031 2.745 2.714
0.01471 0.00000 7.31175 1.1707563400 2.5027542114    1.170  0.336  3.7920  4.290    0  0.000  0.538     0.00     0.00     0.00     0.00     0.00 -1 -1.36e-13      0.00 7.107e-01 2.745e-01 2.619e-03 7.152e-04 6.496e-03 -1.000 1.476e-02 3.931 4.506 4.476 3.937 3.610 3.331 2.991 2.719 2.691
0.01471 0.00000 7.31175 1.2000000477 2.5068950653    1.200  0.359  3.8005  4.312    0  0.000  0.538     0.00     0.00     0.00     0.00     0.00 -1 -1.32e-13      0.00 7.107e-01 2.745e-01 2.619e-03 7.152e-04 6.496e-03 -1.000 1.476e-02 3.872 4.370 4.374 3.871 3.562 3.296 2.976 2.721 2.697
0.01471 0.00000 7.31175 1.2047173977 2.5075414181    1.204  0.363  3.8020  4.316    0  0.000  0.538     0.00     0.00     0.00     0.00     0.00 -1 -1.31e-13      0.00 7.107e-01 2.745e-01 2.619e-03 7.152e-04 6.496e-03 -1.000 1.476e-02 3.863 4.349 4.358 3.861 3.555 3.291 2.975 2.723 2.699
0.01471 0.00000 7.31175 1.2303243876 2.5109505653    1.230  0.357  3.8060  4.347    0  0.000  0.538     0.00     0.00     0.00     0.00     0.00 -1 -1.17e-13      0.00 7.107e-01 2.745e-01 2.619e-03 7.152e-04 6.496e-03 -1.000 1.476e-02 3.879 4.333 4.357 3.875 3.578 3.319 3.013 2.768 2.745
0.01471 0.00000 7.31175 1.2486509085 2.5132920742    1.248  0.350  3.8073  4.365    0  0.000  0.538     0.00     0.00     0.00     0.00     0.00 -1 -1.08e-13      0.00 7.108e-01 2.745e-01 2.619e-03 7.152e-04 6.496e-03 -1.000 1.476e-02 3.894 4.338 4.367 3.890 3.595 3.339 3.035 2.792 2.771
0.01471 0.00000 7.31175 1.2500000000 2.5134611130    1.250  0.351  3.8074  4.366    0  0.000  0.538     0.00     0.00     0.00     0.00     0.00 -1 -1.08e-13      0.00 7.108e-01 2.745e-01 2.619e-03 7.152e-04 6.496e-03 -1.000 1.476e-02 3.893 4.336 4.365 3.888 3.594 3.338 3.034 2.792 2.770
0.01471 0.00000 7.31175 1.2796919346 2.5170824528    1.280  0.362  3.8095  4.374    0  0.000  0.538     0.00     0.00     0.00     0.00     0.00 -1    -1e-13      0.00 7.108e-01 2.745e-01 2.619e-03 7.151e-04 6.495e-03 -1.000 1.474e-02 3.866 4.292 4.329 3.860 3.570 3.317 3.019 2.780 2.759
0.01471 0.00000 7.31175 1.2999999523 2.5194499493    1.300  0.374  3.8110  4.374    0  0.000  0.538     0.00     0.00     0.00     0.00     0.00 -1 -9.75e-14      0.00 7.108e-01 2.744e-01 2.619e-03 7.151e-04 6.495e-03 -1.000 1.476e-02 3.836 4.252 4.292 3.829 3.542 3.292 2.997 2.761 2.741
0.01471 0.00000 7.31175 1.3007431030 2.5195350647    1.301  0.374  3.8110  4.374    0  0.000  0.538     0.00     0.00     0.00     0.00     0.00 -1 -9.73e-14      0.00 7.108e-01 2.744e-01 2.619e-03 7.151e-04 6.495e-03 -1.000 1.476e-02 3.835 4.251 4.291 3.829 3.542 3.291 2.996 2.760 2.740
0.01471 0.00000 7.31175 1.3344783783 2.5232803822    1.335  0.432  3.8168  4.351    0  0.000  0.538     0.00     0.00     0.00     0.00     0.00 -1 -1.02e-13      0.00 7.108e-01 2.744e-01 2.619e-03 7.151e-04 6.495e-03 -1.000 1.476e-02 3.691 4.075 4.121 3.680 3.404 3.163 2.881 2.657 2.638
0.01471 0.00000 7.31175 1.3499999046 2.5249314308    1.350  0.458  3.8195  4.340    0  0.000  0.538     0.00     0.00     0.00     0.00     0.00 -1 -1.05e-13      0.00 7.108e-01 2.744e-01 2.619e-03 7.151e-04 6.495e-03 -1.000 1.476e-02 3.624 3.994 4.042 3.611 3.341 3.104 2.829 2.610 2.592
0.01471 0.00000 7.31175 1.3510113955 2.5250375271    1.351  0.460  3.8197  4.339    0  0.000  0.538     0.00     0.00     0.00     0.00     0.00 -1 -1.05e-13      0.00 7.108e-01 2.744e-01 2.619e-03 7.151e-04 6.495e-03 -1.000 1.476e-02 3.620 3.989 4.037 3.606 3.337 3.100 2.826 2.607 2.589
0.01471 0.00000 7.31175 1.3999999762 2.5299651623    1.400  0.547  3.8298  4.308    0  0.000  0.538     0.00     0.00     0.00     0.00     0.00 -1 -1.12e-13      0.00 7.108e-01 2.744e-01 2.618e-03 7.150e-04 6.495e-03 -1.000 1.476e-02 3.402 3.724 3.776 3.381 3.131 2.911 2.660 2.461 2.445
0.01471 0.00000 7.31175 1.4468538761 2.5343208313    1.447  0.628  3.8415  4.288    0  0.000  0.538     0.00     0.00     0.00     0.00     0.00 -1 -1.15e-13      0.00 7.108e-01 2.744e-01 2.618e-03 7.150e-04 6.494e-03 -1.000 1.476e-02 3.200 3.484 3.530 3.172 2.945 2.745 2.520 2.345 2.330
0.01471 0.00000 7.31175 1.4500000477 2.5346016884    1.450  0.633  3.8423  4.288    0  0.000  0.538     0.00     0.00     0.00     0.00     0.00 -1 -1.15e-13      0.00 7.108e-01 2.744e-01 2.618e-03 7.150e-04 6.494e-03 -1.000 1.476e-02 3.187 3.469 3.515 3.159 2.933 2.735 2.512 2.338 2.324
0.01471 0.00000 7.31175 1.4859334230 2.5377130508    1.486  0.692  3.8539  4.286    0  0.000  0.538     0.00     0.00     0.00     0.00     0.00 -1 -1.11e-13      0.00 7.108e-01 2.744e-01 2.618e-03 7.150e-04 6.494e-03 -1.000 1.476e-02 3.040 3.290 3.328 3.006 2.803 2.625 2.427 2.276 2.263
0.01471 0.00000 7.31175 1.5000000000 2.5388846397    1.500  0.713  3.8585  4.287    0  0.000  0.538     0.00     0.00     0.00     0.00     0.00 -1 -1.09e-13      0.00 7.108e-01 2.744e-01 2.618e-03 7.150e-04 6.494e-03 -1.000 1.475e-02 2.987 3.226 3.260 2.951 2.757 2.587 2.399 2.256 2.244
0.01471 0.00000 7.31175 1.5176516771 2.5403192043    1.518  0.739  3.8654  4.294    0  0.000  0.538     0.00     0.00     0.00     0.00     0.00 -1 -1.03e-13      0.00 7.109e-01 2.744e-01 2.618e-03 7.150e-04 6.494e-03 -1.000 1.476e-02 2.922 3.148 3.175 2.884 2.703 2.546 2.373 2.242 2.231
0.01471 0.00000 7.31175 1.5500000715 2.5428512096    1.550  0.779  3.8762  4.306    0  0.000  0.538     0.00     0.00     0.00     0.00     0.00 -1 -9.17e-14      0.00 7.109e-01 2.744e-01 2.618e-03 7.150e-04 6.494e-03 -1.000 1.476e-02 2.822 3.030 3.045 2.782 2.622 2.484 2.334 2.222 2.212
0.01471 0.00000 7.31175 1.5951749086 2.5461902618    1.595  0.828  3.8910  4.329    0  0.000  0.538     0.00     0.00     0.00     0.00     0.00 -1 -6.85e-14      0.00 7.109e-01 2.743e-01 2.618e-03 7.149e-04 6.493e-03 -1.000 1.476e-02 2.700 2.887 2.887 2.660 2.529 2.417 2.297 2.210 2.201
0.01471 0.00000 7.31175 1.6000000238 2.5465342999    1.600  0.834  3.8923  4.330    0  0.000  0.538     0.00     0.00     0.00     0.00     0.00 -1 -6.67e-14      0.00 7.109e-01 2.743e-01 2.618e-03 7.149e-04 6.493e-03 -1.000 1.476e-02 2.686 2.872 2.869 2.645 2.517 2.408 2.290 2.205 2.197
0.01471 0.00000 7.31175 1.6500000954 2.5499615669    1.649  0.890  3.9048  4.336    0  0.000  0.538     0.00     0.00     0.00     0.00     0.00 -1 -3.71e-14      0.00 7.109e-01 2.743e-01 2.618e-03 7.148e-04 6.493e-03 -1.000 1.476e-02 2.544 2.718 2.700 2.509 2.405 2.317 2.223 2.158 2.150
0.01471 0.00000 7.31175 1.7000000477 2.5531582832    1.699  0.946  3.9168  4.341    0  0.000  0.538     0.00     0.00     0.00     0.00     0.00 -1    -1e-30      0.00 7.109e-01 2.743e-01 2.618e-03 7.148e-04 6.493e-03 -1.000 1.476e-02 2.405 2.568 2.538 2.379 2.298 2.230 2.158 2.109 2.102
0.01471 0.00000 7.31175 1.7500000000 2.5561456680    1.749  0.999  3.9282  4.346    0  0.000  0.538     0.00     0.00     0.00     0.00     0.00 -1    -1e-30      0.00 7.109e-01 2.743e-01 2.618e-03 7.148e-04 6.492e-03 -1.000 1.476e-02 2.272 2.426 2.388 2.260 2.200 2.150 2.096 2.061 2.055
0.01471 0.00000 7.31175 1.7999999523 2.5589430332    1.799  1.051  3.9390  4.350    0  0.000  0.538     0.00     0.00     0.00     0.00     0.00 -1    -1e-30      0.00 7.110e-01 2.743e-01 2.617e-03 7.148e-04 6.492e-03 -1.000 1.476e-02 2.142 2.288 2.252 2.151 2.109 2.074 2.037 2.013 2.008
0.01471 0.00000 7.31175 1.8499999046 2.5615673065    1.849  1.099  3.9490  4.354    0  0.000  0.538     0.00     0.00     0.00     0.00     0.00 -1    -1e-30      0.00 7.110e-01 2.743e-01 2.617e-03 7.148e-04 6.492e-03 -1.000 1.476e-02 2.022 2.159 2.133 2.056 2.027 2.004 1.982 1.966 1.963
0.01471 0.00000 7.31175 1.8999999762 2.5640332699    1.899  1.147  3.9586  4.356    0  0.000  0.538     0.00     0.00     0.00     0.00     0.00 -1    -1e-30      0.00 7.110e-01 2.743e-01 2.617e-03 7.147e-04 6.492e-03 -1.000 1.475e-02 1.903 2.034 2.024 1.966 1.949 1.936 1.927 1.919 1.917
0.01471 0.00000 7.31175 1.9500000477 2.5663545132    1.950  1.194  3.9680  4.358    0  0.000  0.538     0.00     0.00     0.00     0.00     0.00 -1    -1e-30      0.00 7.110e-01 2.742e-01 2.617e-03 7.147e-04 6.491e-03 -1.000 1.475e-02 1.786 1.915 1.922 1.883 1.875 1.871 1.874 1.873 1.872
0.01471 0.00000 7.31175 2.0000000000 2.5685424805    2.000  1.238  3.9768  4.360    0  0.000  0.538     0.00     0.00     0.00     0.00     0.00 -1    -1e-30      0.00 7.110e-01 2.742e-01 2.617e-03 7.146e-04 6.491e-03 -1.000 1.476e-02 1.675 1.804 1.830 1.806 1.806 1.809 1.824 1.827 1.829
0.01471 0.00000 7.31175 2.0499999523 2.5706083775    2.050  1.281  3.9852  4.362    0  0.000  0.538     0.00     0.00     0.00     0.00     0.00 -1    -1e-30      0.00 7.110e-01 2.742e-01 2.618e-03 7.146e-04 6.491e-03 -1.000 1.476e-02 1.568 1.698 1.745 1.734 1.740 1.750 1.774 1.782 1.786
0.01471 0.00000 7.31175 2.0999999046 2.5725615025    2.099  1.323  3.9932  4.362    0  0.000  0.538     0.00     0.00     0.00     0.00     0.00 -1    -1e-30      0.00 7.111e-01 2.742e-01 2.617e-03 7.146e-04 6.491e-03 -1.000 1.475e-02 1.462 1.596 1.662 1.665 1.676 1.691 1.725 1.736 1.742
0.01471 0.00000 7.31175 2.1500000954 2.5744106770    2.149  1.364  4.0011  4.362    0  0.000  0.538     0.00     0.00     0.00     0.00     0.00 -1    -1e-30      0.00 7.111e-01 2.742e-01 2.617e-03 7.146e-04 6.490e-03 -1.000 1.475e-02 1.360 1.497 1.585 1.598 1.614 1.635 1.677 1.692 1.700
0.01471 0.00000 7.31175 2.2000000477 2.5761635303    2.199  1.404  4.0086  4.362    0  0.000  0.538     0.00     0.00     0.00     0.00     0.00 -1    -1e-30      0.00 7.111e-01 2.742e-01 2.617e-03 7.145e-04 6.490e-03 -1.000 1.476e-02 1.260 1.401 1.510 1.534 1.553 1.578 1.629 1.647 1.657
0.01471 0.00000 7.31175 2.2500000000 2.5778269768    2.249  1.443  4.0160  4.363    1  0.000  0.538     0.00     0.00     0.00     0.00     0.00 -1    -1e-30      0.00 7.111e-01 2.742e-01 2.617e-03 7.145e-04 6.490e-03 -1.000 1.476e-02 1.163 1.309 1.440 1.473 1.496 1.525 1.584 1.604 1.617
0.01471 0.00000 7.31175 2.2999999523 2.5794074535    2.299  1.481  4.0230  4.363    1  0.000  0.538     0.00     0.00     0.00     0.00     0.00 -1    -1e-30      0.00 7.111e-01 2.742e-01 2.617e-03 7.145e-04 6.490e-03 -1.000 1.476e-02 1.068 1.220 1.372 1.413 1.439 1.472 1.538 1.561 1.575
0.01471 0.00000 7.31175 2.4000000954 2.5823426247    2.399  1.554  4.0362  4.361    0  0.000  0.538     0.00     0.00     0.00     0.00     0.00 -1    -1e-30      0.00 7.111e-01 2.742e-01 2.617e-03 7.145e-04 6.490e-03 -1.000 1.475e-02 0.886 1.050 1.243 1.298 1.328 1.367 1.448 1.475 1.493
0.01471 0.00000 7.31175 2.5999999046 2.5874414444    2.600  1.689  4.0603  4.357    0  0.000  0.538     0.00     0.00     0.00     0.00     0.00 -1    -1e-30      0.00 7.107e-01 2.745e-01 2.620e-03 7.154e-04 6.497e-03 -1.000 1.476e-02 0.547 0.739 1.008 1.084 1.121 1.170 1.276 1.310 1.334
0.01471 0.00000 7.31175 2.7999999523 2.5917119980    2.800  1.814  4.0819  4.351    1  0.000  0.538     0.00     0.00     0.00     0.00     0.00 -1    -1e-30      0.00 7.107e-01 2.745e-01 2.620e-03 7.154e-04 6.497e-03 -1.000 1.476e-02 0.234 0.458 0.795 0.885 0.928 0.985 1.111 1.151 1.180
0.01471 0.00000 7.31175 3.0000000000 2.5953342915    3.000  1.930  4.1014  4.343    1  0.000  0.538     0.00     0.00     0.00     0.00     0.00 -1    -1e-30      0.00 7.107e-01 2.745e-01 2.620e-03 7.154e-04 6.497e-03 -1.000 1.476e-02 -0.055 0.205 0.600 0.702 0.749 0.812 0.956 1.000 1.034
0.01471 0.00000 7.31175 3.2000000477 2.5984411240    3.199  2.038  4.1193  4.334    1  0.000  0.538     0.00     0.00     0.00     0.00     0.00 -1    -1e-30      0.00 7.107e-01 2.745e-01 2.620e-03 7.154e-04 6.497e-03 -1.000 1.476e-02 -0.325 -0.025 0.420 0.532 0.583 0.652 0.810 0.859 0.896
0.01471 0.00000 7.31175 3.4000000954 2.6011312008    3.398  2.140  4.1359  4.325    1  0.000  0.538     0.00     0.00     0.00     0.00     0.00 -1    -1e-30      0.00 7.107e-01 2.745e-01 2.620e-03 7.154e-04 6.497e-03 -1.000 1.476e-02 -0.579 -0.236 0.252 0.373 0.427 0.501 0.673 0.725 0.766
0.01471 0.00000 7.31175 3.5999999046 2.6034805775    3.598  2.235  4.1512  4.316    1  0.000  0.538     0.00     0.00     0.00     0.00     0.00 -1    -1e-30      0.00 7.107e-01 2.745e-01 2.620e-03 7.154e-04 6.497e-03 -1.000 1.476e-02 -0.817 -0.433 0.093 0.222 0.280 0.358 0.542 0.597 0.641
0.01471 0.00000 7.31175 3.7999999523 2.6055479050    3.798  2.325  4.1654  4.306    1  0.000  0.538     0.00     0.00     0.00     0.00     0.00 -1    -1e-30      0.00 7.107e-01 2.745e-01 2.620e-03 7.154e-04 6.497e-03 -1.000 1.476e-02 -1.042 -0.614 -0.056 0.081 0.141 0.224 0.418 0.476 0.522
0.01471 0.00000 7.31175 4.0000000000 2.6073791981    4.001  2.410  4.1786  4.297    1  0.000  0.538     0.00     0.00     0.00     0.00     0.00 -1    -1e-30      0.00 7.107e-01 2.745e-01 2.620e-03 7.154e-04 6.497e-03 -1.000 1.476e-02 -1.255 -0.786 -0.197 -0.054 0.010 0.097 0.299 0.361 0.409
0.01471 0.00000 7.31175 4.1999998093 2.6090114117    4.198  2.491  4.1913  4.287    1  0.000  0.538     0.00     0.00     0.00     0.00     0.00 -1    -1e-30      0.00 7.107e-01 2.745e-01 2.620e-03 7.154e-04 6.497e-03 -1.000 1.476e-02 -1.458 -0.947 -0.332 -0.183 -0.116 -0.025 0.187 0.251 0.301
0.01471 0.00000 7.31175 4.4000000954 2.6104743481    4.397  2.569  4.2032  4.277    1  0.000  0.538     0.00     0.00     0.00     0.00     0.00 -1    -1e-30      0.00 7.107e-01 2.745e-01 2.620e-03 7.154e-04 6.497e-03 -1.000 1.476e-02 -1.652 -1.100 -0.461 -0.306 -0.236 -0.142 0.078 0.144 0.197
0.01471 0.00000 7.31175 4.5580840111 2.6115264893    4.555  2.628  4.2121  4.269    1  0.000  0.538     0.00     0.00     0.00     0.00     0.00 -1    -1e-30      0.00 7.107e-01 2.745e-01 2.620e-03 7.154e-04 6.497e-03 -1.000 1.476e-02 -1.800 -1.216 -0.560 -0.400 -0.328 -0.231 -0.005 0.063 0.117
0.01471 0.00000 7.31175 4.5999999046 2.6117916107    4.598  2.643  4.2144  4.267    1  0.000  0.538     0.00     0.00     0.00     0.00     0.00 -1    -1e-30      0.00 7.107e-01 2.745e-01 2.620e-03 7.154e-04 6.497e-03 -1.000 1.476e-02 -1.838 -1.246 -0.585 -0.424 -0.352 -0.254 -0.027 0.042 0.097
0.01471 0.00000 7.31175 4.8000001907 2.6129837036    4.798  2.714  4.2251  4.257    1  0.000  0.538     0.00     0.00     0.00     0.00     0.00 -1    -1e-30      0.00 7.107e-01 2.745e-01 2.620e-03 7.154e-04 6.497e-03 -1.000 1.476e-02 -2.016 -1.386 -0.705 -0.538 -0.463 -0.362 -0.128 -0.057 -0.001
0.01471 0.00000 7.31175 4.9482512474 2.6137962341    4.947  2.765  4.2326  4.250    1  0.000  0.538     0.00     0.00     0.00     0.00     0.00 -1    -1e-30      0.00 7.107e-01 2.745e-01 2.620e-03 7.154e-04 6.497e-03 -1.000 1.476e-02 -2.143 -1.486 -0.791 -0.621 -0.544 -0.440 -0.201 -0.129 -0.071
0.01471 0.00000 7.31175 5.0000000000 2.6140668392    4.999  2.783  4.2351  4.247    1  0.000  0.538     0.00     0.00     0.00     0.00     0.00 -1    -1e-30      0.00 7.107e-01 2.745e-01 2.620e-03 7.154e-04 6.497e-03 -1.000 1.476e-02 -2.186 -1.521 -0.821 -0.649 -0.571 -0.467 -0.226 -0.154 -0.096
0.01471 0.00000 7.31175 5.1999998093 2.6150546074    5.200  2.848  4.2447  4.236    1  0.000  0.538     0.00     0.00     0.00     0.00     0.00 -1    -1e-30      0.00 7.107e-01 2.745e-01 2.620e-03 7.154e-04 6.497e-03 -1.000 1.476e-02 -2.351 -1.651 -0.934 -0.757 -0.677 -0.570 -0.323 -0.248 -0.188
0.01471 0.00000 7.31175 5.2341890335 2.6152148247    5.234  2.859  4.2463  4.235    1  0.000  0.538     0.00     0.00     0.00     0.00     0.00 -1    -1e-30      0.00 7.107e-01 2.745e-01 2.620e-03 7.154e-04 6.497e-03 -1.000 1.476e-02 -2.379 -1.673 -0.952 -0.775 -0.694 -0.587 -0.339 -0.264 -0.204
0.01471 0.00000 7.31175 5.3999996185 2.6159586906    5.401  2.912  4.2539  4.226    1  0.000  0.538     0.00     0.00     0.00     0.00     0.00 -1    -1e-30      0.00 7.107e-01 2.745e-01 2.620e-03 7.154e-04 6.497e-03 -1.000 1.476e-02 -2.510 -1.777 -1.043 -0.862 -0.779 -0.670 -0.417 -0.340 -0.279
0.01471 0.00000 7.31175 5.5299472809 2.6165058613    5.531  2.952  4.2596  4.219    1  0.000  0.538     0.00     0.00     0.00     0.00     0.00 -1    -1e-30      0.00 7.107e-01 2.745e-01 2.620e-03 7.154e-04 6.497e-03 -1.000 1.476e-02 -2.611 -1.857 -1.113 -0.929 -0.845 -0.733 -0.477 -0.399 -0.336
0.01471 0.00000 7.31175 5.5999994278 2.6167888641    5.601  2.974  4.2626  4.215    1  0.000  0.538     0.00     0.00     0.00     0.00     0.00 -1    -1e-30      0.00 7.107e-01 2.745e-01 2.620e-03 7.154e-04 6.497e-03 -1.000 1.476e-02 -2.665 -1.899 -1.150 -0.964 -0.880 -0.767 -0.509 -0.431 -0.367
0.01471 0.00000 7.31175 5.7058625221 2.6172013283    5.707  3.006  4.2670  4.209    1  0.000  0.538     0.00     0.00     0.00     0.00     0.00 -1    -1e-30      0.00 7.107e-01 2.745e-01 2.620e-03 7.154e-04 6.497e-03 -1.000 1.476e-02 -2.744 -1.963 -1.205 -1.018 -0.932 -0.818 -0.557 -0.478 -0.414
0.01471 0.00000 7.31175 5.8000001907 2.6175537109    5.801  3.033  4.2709  4.204    1  0.000  0.538     0.00     0.00     0.00     0.00     0.00 -1    -1e-30      0.00 7.107e-01 2.745e-01 2.620e-03 7.154e-04 6.497e-03 -1.000 1.476e-02 -2.814 -2.018 -1.254 -1.065 -0.978 -0.863 -0.599 -0.520 -0.455
0.01471 0.00000 7.31175 5.8766589165 2.6178309917    5.877  3.056  4.2740  4.199    1  0.000  0.538     0.00     0.00     0.00     0.00     0.00 -1    -1e-30      0.00 7.107e-01 2.745e-01 2.620e-03 7.154e-04 6.497e-03 -1.000 1.476e-02 -2.870 -2.063 -1.294 -1.103 -1.015 -0.899 -0.633 -0.553 -0.488
0.01471 0.00000 7.31175 6.0000000000 2.6182601452    6.000  3.092  4.2788  4.192    1  0.000  0.538     0.00     0.00     0.00     0.00     0.00 -1    -1e-30      0.00 7.107e-01 2.745e-01 2.620e-03 7.154e-04 6.497e-03 -1.000 1.476e-02 -2.959 -2.135 -1.357 -1.164 -1.075 -0.957 -0.689 -0.607 -0.541
0.01471 0.00000 7.31175 6.1256814003 2.6186769009    6.126  3.127  4.2835  4.184    1  0.000  0.538     0.00     0.00     0.00     0.00     0.00 -1    -1e-30      0.00 7.107e-01 2.745e-01 2.620e-03 7.154e-04 6.497e-03 -1.000 1.476e-02 -3.049 -2.208 -1.422 -1.226 -1.136 -1.017 -0.746 -0.663 -0.596
0.01471 0.00000 7.31175 6.1999998093 2.6189143658    6.200  3.148  4.2862  4.179    1  0.000  0.538     0.00     0.00     0.00     0.00     0.00 -1    -1e-30      0.00 7.107e-01 2.745e-01 2.620e-03 7.154e-04 6.497e-03 -1.000 1.476e-02 -3.101 -2.251 -1.460 -1.263 -1.172 -1.052 -0.779 -0.696 -0.629
0.01471 0.00000 7.31175 6.3619623184 2.6194095612    6.361  3.193  4.2920  4.168    1  0.000  0.538     0.00     0.00     0.00     0.00     0.00 -1    -1e-30      0.00 7.107e-01 2.745e-01 2.620e-03 7.154e-04 6.497e-03 -1.000 1.476e-02 -3.213 -2.342 -1.541 -1.341 -1.249 -1.127 -0.851 -0.766 -0.698
0.01471 0.00000 7.31175 6.4000000954 2.6195218563    6.399  3.204  4.2933  4.166    1  0.000  0.538     0.00     0.00     0.00     0.00     0.00 -1    -1e-30      0.00 7.107e-01 2.745e-01 2.620e-03 7.154e-04 6.497e-03 -1.000 1.476e-02 -3.239 -2.363 -1.560 -1.360 -1.267 -1.145 -0.867 -0.783 -0.714
0.01471 0.00000 7.31175 6.4086189270 2.6195468903    6.407  3.206  4.2936  4.165    1  0.000  0.538     0.00     0.00     0.00     0.00     0.00 -1    -1e-30      0.00 7.107e-01 2.745e-01 2.620e-03 7.154e-04 6.497e-03 -1.000 1.476e-02 -3.245 -2.368 -1.564 -1.364 -1.271 -1.149 -0.871 -0.787 -0.718
0.01471 0.00000 7.31175 6.7100210190 2.6203815937    6.707  3.287  4.3036  4.144    1  0.000  0.538     0.00     0.00     0.00     0.00     0.00 -1    -1e-30      0.00 7.107e-01 2.745e-01 2.620e-03 7.154e-04 6.497e-03 -1.000 1.476e-02 -3.446 -2.534 -1.713 -1.507 -1.412 -1.287 -1.003 -0.916 -0.845
0.01471 0.00000 7.31175 7.0000000000 2.6211071014    6.996  3.362  4.3126  4.123    1  0.000  0.538     0.00     0.00     0.00     0.00     0.00 -1    -1e-30      0.00 7.107e-01 2.745e-01 2.620e-03 7.154e-04 6.497e-03 -1.000 1.476e-02 -3.635 -2.691 -1.854 -1.645 -1.548 -1.419 -1.130 -1.041 -0.969
0.01471 0.00000 7.31175 7.0238022804 2.6211636066    7.020  3.368  4.3133  4.121    1  0.000  0.538     0.00     0.00     0.00     0.00     0.00 -1    -1e-30      0.00 7.107e-01 2.745e-01 2.620e-03 7.154e-04 6.497e-03 -1.000 1.476e-02 -3.650 -2.704 -1.865 -1.656 -1.559 -1.430 -1.140 -1.051 -0.978
0.01471 0.00000 7.31175 7.3226323128 2.6218371391    7.320  3.442  4.3216  4.099    1  0.000  0.538     0.00     0.00     0.00     0.00     0.00 -1    -1e-30      0.00 7.107e-01 2.745e-01 2.620e-03 7.154e-04 6.497e-03 -1.000 1.476e-02 -3.836 -2.861 -2.008 -1.794 -1.695 -1.564 -1.269 -1.178 -1.104
0.01471 0.00000 7.31175 7.5965695381 2.6224012375    7.596  3.510  4.3286  4.075    1  0.000  0.538     0.00     0.00     0.00     0.00     0.00 -1    -1e-30      0.00 7.107e-01 2.745e-01 2.620e-03 7.154e-04 6.497e-03 -1.000 1.476e-02 -4.004 -3.004 -2.139 -1.923 -1.822 -1.689 -1.389 -1.297 -1.221
0.01471 0.00000 7.31175 7.8176274300 2.6228234768    7.818  3.564  4.3337  4.054    1  0.000  0.538     0.00     0.00     0.00     0.00     0.00 -1    -1e-30      0.00 7.107e-01 2.745e-01 2.620e-03 7.154e-04 6.497e-03 -1.000 1.476e-02 -4.139 -3.123 -2.248 -2.030 -1.928 -1.793 -1.490 -1.396 -1.320
0.01471 0.00000 7.31175 8.0000000000 2.6231517792    8.001  3.608  4.3376  4.036    1  0.000  0.538     0.00     0.00     0.00     0.00     0.00 -1    -1e-30      0.00 7.107e-01 2.745e-01 2.620e-03 7.154e-04 6.497e-03 -1.000 1.476e-02 -4.250 -3.221 -2.340 -2.119 -2.016 -1.880 -1.575 -1.481 -1.403
0.01471 0.00000 7.31175 8.1742572784 2.6234498024    8.174  3.649  4.3409  4.017    1  0.000  0.538     0.00     0.00     0.00     0.00     0.00 -1    -1e-30      0.00 7.107e-01 2.745e-01 2.620e-03 7.154e-04 6.497e-03 -1.000 1.476e-02 -4.352 -3.312 -2.425 -2.203 -2.099 -1.962 -1.655 -1.560 -1.481
0.01471 0.00000 7.31175 8.4192733765 2.6238448620    8.417  3.706  4.3451  3.990    1  0.000  0.538     0.00     0.00     0.00     0.00     0.00 -1    -1e-30      0.00 7.107e-01 2.745e-01 2.620e-03 7.154e-04 6.497e-03 -1.000 1.476e-02 -4.494 -3.442 -2.546 -2.323 -2.218 -2.080 -1.770 -1.674 -1.595
0.01471 0.00000 7.31175 8.6217632294 2.6241519451    8.618  3.752  4.3480  3.965    1  0.000  0.538     0.00     0.00     0.00     0.00     0.00 -1    -1e-30      0.00 7.107e-01 2.745e-01 2.620e-03 7.154e-04 6.497e-03 -1.000 1.476e-02 -4.611 -3.551 -2.650 -2.425 -2.320 -2.181 -1.869 -1.772 -1.692
0.01471 0.00000 7.31175 8.8103294373 2.6244232655    8.805  3.797  4.3501  3.938    1  0.000  0.538     0.00     0.00     0.00     0.00     0.00 -1    -1e-30      0.00 7.107e-01 2.745e-01 2.620e-03 7.154e-04 6.497e-03 -1.000 1.476e-02 -4.721 -3.657 -2.750 -2.525 -2.420 -2.280 -1.967 -1.869 -1.789
0.01471 0.00000 7.31175 9.0000000000 2.6246831417    8.995  3.841  4.3516  3.909    1  0.000  0.538     0.00     0.00     0.00     0.00     0.00 -1    -1e-30      0.00 7.107e-01 2.745e-01 2.620e-03 7.154e-04 6.497e-03 -1.000 1.476e-02 -4.833 -3.766 -2.855 -2.629 -2.524 -2.384 -2.069 -1.971 -1.890
0.01471 0.00000 7.31175 9.1903734207 2.6249315739    9.186  3.884  4.3526  3.879    1  0.000  0.538     0.00     0.00     0.00     0.00     0.00 -1    -1e-30      0.00 7.107e-01 2.745e-01 2.620e-03 7.154e-04 6.497e-03 -1.000 1.476e-02 -4.941 -3.874 -2.960 -2.733 -2.627 -2.487 -2.172 -2.074 -1.993
0.01471 0.00000 7.31175 9.4266214371 2.6252238750    9.423  3.938  4.3529  3.838    1  0.000  0.538     0.00     0.00     0.00     0.00     0.00 -1    -1e-30      0.00 7.107e-01 2.745e-01 2.620e-03 7.154e-04 6.497e-03 -1.000 1.476e-02 -5.075 -4.012 -3.095 -2.868 -2.763 -2.623 -2.307 -2.208 -2.127
0.01471 0.00000 7.31175 9.6251153946 2.6254568100    9.622  3.984  4.3519  3.797    1  0.000  0.538     0.00     0.00     0.00     0.00     0.00 -1    -1e-30      0.00 7.107e-01 2.745e-01 2.620e-03 7.154e-04 6.497e-03 -1.000 1.476e-02 -5.190 -4.135 -3.217 -2.991 -2.886 -2.746 -2.430 -2.332 -2.251
0.01471 0.00000 7.31175 9.8076877594 2.6256613731    9.805  4.027  4.3497  3.754    1  0.000  0.538     0.00     0.00     0.00     0.00     0.00 -1    -1e-30      0.00 7.107e-01 2.745e-01 2.620e-03 7.154e-04 6.497e-03 -1.000 1.476e-02 -5.296 -4.255 -3.338 -3.111 -3.007 -2.868 -2.554 -2.456 -2.375
0.01471 0.00000 7.31175 9.9865312576 2.6258535385    9.984  4.069  4.3467  3.707    1  0.000  0.538     0.00     0.00     0.00     0.00     0.00 -1    -1e-30      0.00 7.107e-01 2.745e-01 2.620e-03 7.154e-04 6.497e-03 -1.000 1.476e-02 -5.401 -4.375 -3.461 -3.235 -3.132 -2.994 -2.681 -2.584 -2.503
0.01471 0.00000 7.31175 10.0000000000 2.6258678436    9.998  4.072  4.3463  3.703    1  0.000  0.538     0.00     0.00     0.00     0.00     0.00 -1    -1e-30      0.00 7.107e-01 2.745e-01 2.620e-03 7.154e-04 6.497e-03 -1.000 1.476e-02 -5.409 -4.385 -3.471 -3.246 -3.142 -3.004 -2.691 -2.594 -2.514
0.01471 0.00000 7.31175 10.1728343964 2.6260454655   10.172  4.112  4.3422  3.655    1  0.000  0.538     0.00     0.00     0.00     0.00     0.00 -1    -1e-30      0.00 7.107e-01 2.745e-01 2.620e-03 7.154e-04 6.497e-03 -1.000 1.476e-02 -5.509 -4.505 -3.594 -3.370 -3.268 -3.131 -2.820 -2.724 -2.644
0.01471 0.00000 7.31175 10.3635396957 2.6262338161   10.363  4.157  4.3352  3.590    1  0.000  0.538     0.00     0.00     0.00     0.00     0.00 -1    -1e-30      0.00 7.107e-01 2.745e-01 2.620e-03 7.154e-04 6.497e-03 -1.000 1.476e-02 -5.622 -4.649 -3.746 -3.524 -3.424 -3.289 -2.982 -2.888 -2.809
0.01471 0.00000 7.31175 10.5271501541 2.6263890266   10.527  4.196  4.3277  3.527    1  0.000  0.538     0.00     0.00     0.00     0.00     0.00 -1    -1e-30      0.00 7.107e-01 2.745e-01 2.620e-03 7.154e-04 6.497e-03 -1.000 1.476e-02 -5.720 -4.779 -3.886 -3.666 -3.567 -3.435 -3.132 -3.039 -2.962
0.01471 0.00000 7.31175 10.6717796326 2.6265218258   10.672  4.232  4.3195  3.464    1  0.000  0.538     0.00     0.00     0.00     0.00     0.00 -1    -1e-30      0.00 7.107e-01 2.745e-01 2.620e-03 7.154e-04 6.497e-03 -1.000 1.476e-02 -5.809 -4.905 -4.021 -3.804 -3.708 -3.578 -3.280 -3.189 -3.113
0.01471 0.00000 7.31175 10.8021488190 2.6266379356   10.803  4.266  4.3116  3.404    1  0.000  0.538     0.00     0.00     0.00     0.00     0.00 -1    -1e-30      0.00 7.107e-01 2.745e-01 2.620e-03 7.154e-04 6.497e-03 -1.000 1.476e-02 -5.895 -5.026 -4.150 -3.936 -3.842 -3.715 -3.421 -3.332 -3.257
0.01471 0.00000 7.31175 10.9047546387 2.6267271042   10.906  4.294  4.3068  3.361    1  0.000  0.538     0.00     0.00     0.00     0.00     0.00 -1    -1e-30      0.00 7.107e-01 2.745e-01 2.620e-03 7.154e-04 6.497e-03 -1.000 1.476e-02 -5.965 -5.118 -4.248 -4.036 -3.943 -3.818 -3.526 -3.438 -3.365
0.01471 0.00000 7.31175 10.9551372528 2.6267702579   10.957  4.315  4.3166  3.382    1  0.000  0.538     0.00     0.00     0.00     0.00     0.00 -1    -1e-30      0.00 7.107e-01 2.745e-01 2.620e-03 7.154e-04 6.497e-03 -1.000 1.476e-02 -6.016 -5.133 -4.247 -4.032 -3.937 -3.808 -3.511 -3.420 -3.345
0.01471 0.00000 7.31175 10.9815425873 2.6267926693   10.983  4.329  4.3269  3.409    1  0.000  0.538     0.00     0.00     0.00     0.00     0.00 -1    -1e-30      0.00 7.107e-01 2.745e-01 2.620e-03 7.154e-04 6.497e-03 -1.000 1.476e-02 -6.053 -5.131 -4.229 -4.011 -3.913 -3.782 -3.478 -3.385 -3.307
0.01471 0.00000 7.31175 10.9884824753 2.6267986298   10.990  4.340  4.3365  3.437    1  0.000  0.538     0.00     0.00     0.00     0.00     0.00 -1    -1e-30      0.00 7.107e-01 2.745e-01 2.620e-03 7.154e-04 6.497e-03 -1.000 1.476e-02 -6.079 -5.121 -4.205 -3.983 -3.883 -3.749 -3.439 -3.344 -3.265
0.01471 0.00000 7.31175 10.9925193787 2.6268019676   10.994  4.355  4.3483  3.469    1  0.000  0.538     0.00     0.00     0.00     0.00     0.00 -1    -1e-30      0.00 7.107e-01 2.745e-01 2.620e-03 7.154e-04 6.497e-03 -1.000 1.476e-02 -6.118 -5.116 -4.183 -3.957 -3.854 -3.717 -3.401 -3.303 -3.221
0.01471 0.00000 7.31175 10.9943361282 2.6268033981   10.996  4.369  4.3571  3.490    1  0.000  0.538     0.00     0.00     0.00     0.00     0.00 -1    -1e-30      0.00 7.107e-01 2.745e-01 2.620e-03 7.154e-04 6.497e-03 -1.000 1.476e-02 -6.154 -5.118 -4.172 -3.943 -3.839 -3.699 -3.378 -3.278 -3.194
0.01471 0.00000 7.31175 10.9952869415 2.6268043518   10.997  4.379  4.3627  3.503    1  0.000  0.538     0.00     0.00     0.00     0.00     0.00 -1    -1e-30      0.00 7.107e-01 2.745e-01 2.620e-03 7.154e-04 6.497e-03 -1.000 1.476e-02 -6.177 -5.120 -4.167 -3.935 -3.830 -3.688 -3.364 -3.263 -3.178
0.01471 0.00000 7.31175 10.9957113266 2.6268045902   10.998  4.368  4.3589  3.499    2  0.000  0.538     0.00     0.00     0.00     0.00     0.00 -1    -1e-30      0.00 7.107e-01 2.745e-01 2.620e-03 7.154e-04 6.497e-03 -1.000 1.476e-02 -6.150 -5.107 -4.159 -3.929 -3.825 -3.684 -3.362 -3.262 -3.178
0.01471 0.00000 7.31175 10.9963998795 2.6268053055   10.998  4.349  4.3495  3.480    2  0.000  0.538     0.00     0.00     0.00     0.00     0.00 -1    -1e-30      0.00 7.107e-01 2.745e-01 2.620e-03 7.154e-04 6.497e-03 -1.000 1.476e-02 -6.103 -5.094 -4.160 -3.934 -3.831 -3.693 -3.376 -3.278 -3.196
0.01471 0.00000 7.31175 10.9968595505 2.6268055439   10.999  4.337  4.3407  3.457    2  0.000  0.538     0.00     0.00     0.00     0.00     0.00 -1    -1e-30      0.00 7.107e-01 2.745e-01 2.620e-03 7.154e-04 6.497e-03 -1.000 1.476e-02 -6.072 -5.097 -4.175 -3.952 -3.851 -3.715 -3.404 -3.308 -3.227
0.01471 0.00000 7.31175 10.9973468781 2.6268060207   10.999  4.330  4.3284  3.415    2  0.000  0.538     0.00     0.00     0.00     0.00     0.00 -1    -1e-30      0.00 7.107e-01 2.745e-01 2.620e-03 7.154e-04 6.497e-03 -1.000 1.476e-02 -6.054 -5.127 -4.223 -4.003 -3.906 -3.774 -3.469 -3.376 -3.298
0.01471 0.00000 7.31175 10.9977722168 2.6268062592   11.000  4.330  4.3161  3.366    2  0.000  0.538     0.00     0.00     0.00     0.00     0.00 -1    -1e-30      0.00 7.107e-01 2.745e-01 2.620e-03 7.154e-04 6.497e-03 -1.000 1.476e-02 -6.055 -5.176 -4.289 -4.074 -3.980 -3.851 -3.554 -3.464 -3.388
0.01471 0.00000 7.31175 10.9981660843 2.6268067360   11.000  4.333  4.3038  3.313    2  0.000  0.538     0.00     0.00     0.00     0.00     0.00 -1    -1e-30      0.00 7.107e-01 2.745e-01 2.620e-03 7.154e-04 6.497e-03 -1.000 1.476e-02 -6.064 -5.233 -4.364 -4.153 -4.062 -3.937 -3.647 -3.560 -3.486
0.01471 0.00000 7.31175 10.9986295700 2.6268069744   11.000  4.339  4.2886  3.247    2  0.000  0.538     0.00     0.00     0.00     0.00     0.00 -1    -1e-30      0.00 7.107e-01 2.745e-01 2.620e-03 7.154e-04 6.497e-03 -1.000 1.476e-02 -6.077 -5.306 -4.458 -4.254 -4.166 -4.047 -3.766 -3.682 -3.611
0.01471 0.00000 7.31175 10.9989814758 2.6268074512   11.001  4.343  4.2765  3.194    2  0.000  0.538     0.00     0.00     0.00     0.00     0.00 -1    -1e-30      0.00 7.107e-01 2.745e-01 2.620e-03 7.154e-04 6.497e-03 -1.000 1.476e-02 -6.088 -5.364 -4.534 -4.334 -4.250 -4.135 -3.861 -3.780 -3.711
0.01471 0.00000 7.31175 10.9993190765 2.6268076897   11.001  4.347  4.2644  3.142    2  0.000  0.538     0.00     0.00     0.00     0.00     0.00 -1    -1e-30      0.00 7.107e-01 2.745e-01 2.620e-03 7.154e-04 6.497e-03 -1.000 1.476e-02 -6.098 -5.421 -4.609 -4.414 -4.333 -4.222 -3.956 -3.878 -3.812
0.01471 0.00000 7.31175 10.9996433258 2.6268079281   11.002  4.351  4.2522  3.090    2  0.000  0.538     0.00     0.00     0.00     0.00     0.00 -1    -1e-30      0.00 7.107e-01 2.745e-01 2.620e-03 7.154e-04 6.497e-03 -1.000 1.476e-02 -6.107 -5.475 -4.683 -4.492 -4.415 -4.308 -4.049 -3.974 -3.910
0.01471 0.00000 7.31175 10.9999551773 2.6268081665   11.002  4.353  4.2400  3.038    2  0.000  0.538     0.00     0.00     0.00     0.00     0.00 -1    -1e-30      0.00 7.107e-01 2.745e-01 2.620e-03 7.154e-04 6.497e-03 -1.000 1.476e-02 -6.114 -5.528 -4.755 -4.569 -4.495 -4.393 -4.142 -4.070 -4.008
0.01471 0.00000 7.31175 11.0000000000 2.6268081665   11.002  4.354  4.2382  3.031    2  0.000  0.538     0.00     0.00     0.00     0.00     0.00 -1    -1e-30      0.00 7.107e-01 2.745e-01 2.620e-03 7.154e-04 6.497e-03 -1.000 1.476e-02 -6.114 -5.536 -4.765 -4.580 -4.507 -4.405 -4.155 -4.084 -4.022
0.01471 0.00000 7.31175 11.0001392365 2.6268084049   11.002  4.355  4.2330  3.009    2  0.000  0.538     0.00     0.00     0.00     0.00     0.00 -1    -1e-30      0.00 7.107e-01 2.745e-01 2.620e-03 7.154e-04 6.497e-03 -1.000 1.476e-02 -6.117 -5.558 -4.796 -4.613 -4.541 -4.441 -4.195 -4.125 -4.064
0.01471 0.00000 7.31175 11.0005168915 2.6268086433   11.002  4.357  4.2180  2.947    2  0.000  0.538     0.00     0.00     0.00     0.00     0.00 -1    -1e-30      0.00 7.107e-01 2.745e-01 2.620e-03 7.154e-04 6.497e-03 -1.000 1.476e-02 -6.122 -5.620 -4.880 -4.705 -4.638 -4.544 -4.307 -4.240 -4.182
0.01471 0.00000 7.31175 11.0008039474 2.6268088818   11.003  4.358  4.2060  2.898    2  0.000  0.538     0.00     0.00     0.00     0.00     0.00 -1    -1e-30      0.00 7.107e-01 2.745e-01 2.620e-03 7.154e-04 6.497e-03 -1.000 1.476e-02 -6.125 -5.668 -4.946 -4.776 -4.713 -4.624 -4.395 -4.331 -4.275
0.01471 0.00000 7.31175 11.0010786057 2.6268091202   11.003  4.358  4.1940  2.849    2  0.000  0.538     0.00     0.00     0.00     0.00     0.00 -1    -1e-30      0.00 7.107e-01 2.745e-01 2.620e-03 7.154e-04 6.497e-03 -1.000 1.476e-02 -6.126 -5.713 -5.010 -4.846 -4.787 -4.702 -4.481 -4.420 -4.366
0.01471 0.00000 7.31175 11.0013418198 2.6268093586   11.003  4.358  4.1820  2.801    2  0.000  0.538     0.00     0.00     0.00     0.00     0.00 -1    -1e-30      0.00 7.107e-01 2.745e-01 2.620e-03 7.154e-04 6.497e-03 -1.000 1.476e-02 -6.126 -5.756 -5.073 -4.915 -4.860 -4.779 -4.566 -4.508 -4.456
0.01471 0.00000 7.31175 11.0015926361 2.6268095970   11.003  4.358  4.1700  2.754    2  0.000  0.538     0.00     0.00     0.00     0.00     0.00 -1    -1e-30      0.00 7.107e-01 2.745e-01 2.620e-03 7.154e-04 6.497e-03 -1.000 1.476e-02 -6.125 -5.797 -5.135 -4.983 -4.931 -4.855 -4.650 -4.595 -4.545
0.01471 0.00000 7.31175 11.0018310547 2.6268098354   11.004  4.357  4.1581  2.707    2  0.000  0.538     0.00     0.00     0.00     0.00     0.00 -1    -1e-30      0.00 7.107e-01 2.745e-01 2.620e-03 7.154e-04 6.497e-03 -1.000 1.476e-02 -6.123 -5.836 -5.194 -5.048 -5.000 -4.929 -4.732 -4.681 -4.633
0.01471 0.00000 7.31175 11.0020608902 2.6268100739   11.004  4.356  4.1461  2.660    2  0.000  0.538     0.00     0.00     0.00     0.00     0.00 -1    -1e-30      0.00 7.107e-01 2.745e-01 2.620e-03 7.154e-04 6.497e-03 -1.000 1.476e-02 -6.120 -5.873 -5.253 -5.113 -5.069 -5.002 -4.814 -4.766 -4.720
0.01471 0.00000 7.31175 11.0022783279 2.6268100739   11.004  4.354  4.1342  2.614    2  0.000  0.538     0.00     0.00     0.00     0.00     0.00 -1    -1e-30      0.00 7.107e-01 2.745e-01 2.620e-03 7.154e-04 6.497e-03 -1.000 1.476e-02 -6.116 -5.907 -5.311 -5.176 -5.136 -5.074 -4.895 -4.849 -4.805
0.01471 0.00000 7.31175 11.0024862289 2.6268103123   11.004  4.353  4.1222  2.568    2  0.000  0.538     0.00     0.00     0.00     0.00     0.00 -1    -1e-30      0.00 7.107e-01 2.745e-01 2.620e-03 7.154e-04 6.497e-03 -1.000 1.476e-02 -6.111 -5.940 -5.368 -5.239 -5.202 -5.145 -4.975 -4.933 -4.891
0.01471 0.00000 7.31175 11.0026836395 2.6268105507   11.004  4.351  4.1103  2.522    2  0.000  0.538     0.00     0.00     0.00     0.00     0.00 -1    -1e-30      0.00 7.107e-01 2.745e-01 2.620e-03 7.154e-04 6.497e-03 -1.000 1.476e-02 -6.107 -5.971 -5.423 -5.300 -5.268 -5.215 -5.054 -5.015 -4.975
0.01471 0.00000 7.31175 11.0028724670 2.6268105507   11.005  4.348  4.0983  2.476    2  0.000  0.538     0.00     0.00     0.00     0.00     0.00 -1    -1e-30      0.00 7.107e-01 2.745e-01 2.620e-03 7.154e-04 6.497e-03 -1.000 1.476e-02 -6.101 -5.997 -5.478 -5.360 -5.331 -5.283 -5.131 -5.096 -5.058
0.01471 0.00000 7.31175 11.0030517578 2.6268107891   11.005  4.346  4.0864  2.431    2  0.000  0.538     0.00     0.00     0.00     0.00     0.00 -1    -1e-30      0.00 7.107e-01 2.745e-01 2.620e-03 7.154e-04 6.497e-03 -1.000 1.476e-02 -6.095 -6.019 -5.531 -5.419 -5.393 -5.349 -5.208 -5.175 -5.139
0.01471 0.00000 7.31175 11.0032634735 2.6268110275   11.005  4.343  4.0716  2.375    2  0.000  0.538     0.00     0.00     0.00     0.00     0.00 -1    -1e-30      0.00 7.107e-01 2.745e-01 2.620e-03 7.154e-04 6.497e-03 -1.000 1.476e-02 -6.087 -6.049 -5.588 -5.487 -5.467 -5.431 -5.301 -5.274 -5.240
0.01471 0.00000 7.31175 11.0034637451 2.6268112659   11.005  4.339  4.0567  2.319    2  0.000  0.538     0.00     0.00     0.00     0.00     0.00 -1    -1e-30      0.00 7.107e-01 2.745e-01 2.620e-03 7.154e-04 6.497e-03 -1.000 1.476e-02 -6.078 -6.071 -5.645 -5.553 -5.539 -5.509 -5.393 -5.370 -5.340
0.01471 0.00000 7.31175 11.0036144257 2.6268112659   11.005  4.336  4.0449  2.275    2  0.000  0.538     0.00     0.00     0.00     0.00     0.00 -1    -1e-30      0.00 7.107e-01 2.745e-01 2.620e-03 7.154e-04 6.497e-03 -1.000 1.476e-02 -6.071 -6.084 -5.690 -5.605 -5.594 -5.570 -5.465 -5.445 -5.417
0.01471 0.00000 7.31175 11.0037593842 2.6268115044   11.005  4.333  4.0330  2.230    2  0.000  0.538     0.00     0.00     0.00     0.00     0.00 -1    -1e-30      0.00 7.107e-01 2.745e-01 2.620e-03 7.154e-04 6.497e-03 -1.000 1.476e-02 -6.063 -6.093 -5.734 -5.655 -5.648 -5.629 -5.536 -5.521 -5.495
0.01471 0.00000 7.31175 11.0038957596 2.6268115044   11.006  4.330  4.0211  2.186    2  0.000  0.538     0.00     0.00     0.00     0.00     0.00 -1    -1e-30      0.00 7.107e-01 2.745e-01 2.620e-03 7.154e-04 6.497e-03 -1.000 1.476e-02 -6.055 -6.098 -5.775 -5.704 -5.700 -5.687 -5.606 -5.594 -5.571
0.01471 0.00000 7.31175 11.0040578842 2.6268117428   11.006  4.326  4.0064  2.131    2  0.000  0.538     0.00     0.00     0.00     0.00     0.00 -1    -1e-30      0.00 7.107e-01 2.745e-01 2.620e-03 7.154e-04 6.497e-03 -1.000 1.476e-02 -6.045 -6.100 -5.825 -5.761 -5.762 -5.755 -5.691 -5.685 -5.664
0.01471 0.00000 7.31175 11.0041799545 2.6268117428   11.006  4.322  3.9946  2.088    2  0.000  0.538     0.00     0.00     0.00     0.00     0.00 -1    -1e-30      0.00 7.107e-01 2.745e-01 2.620e-03 7.154e-04 6.497e-03 -1.000 1.476e-02 -6.036 -6.097 -5.863 -5.806 -5.810 -5.809 -5.758 -5.756 -5.738
0.01471 0.00000 7.31175 11.0042972565 2.6268117428   11.006  4.319  3.9828  2.044    2  0.000  0.538     0.00     0.00     0.00     0.00     0.00 -1    -1e-30      0.00 7.107e-01 2.745e-01 2.620e-03 7.154e-04 6.497e-03 -1.000 1.476e-02 -6.027 -6.091 -5.900 -5.849 -5.856 -5.860 -5.825 -5.828 -5.812
0.01471 0.00000 7.31175 11.0044097900 2.6268119812   11.006  4.315  3.9710  2.000    2  0.000  0.538     0.00     0.00     0.00     0.00     0.00 -1    -1e-30      0.00 7.107e-01 2.745e-01 2.620e-03 7.154e-04 6.497e-03 -1.000 1.476e-02 -6.018 -6.081 -5.934 -5.890 -5.899 -5.910 -5.890 -5.898 -5.885
0.01471 0.00000 7.31175 11.0045413971 2.6268119812   11.006  4.311  3.9564  1.947    2  0.000  0.538     0.00     0.00     0.00     0.00     0.00 -1    -1e-30      0.00 7.107e-01 2.745e-01 2.620e-03 7.154e-04 6.497e-03 -1.000 1.476e-02 -6.006 -6.061 -5.970 -5.937 -5.951 -5.969 -5.971 -5.985 -5.977
0.01471 0.00000 7.31175 11.0046434402 2.6268122196   11.006  4.307  3.9447  1.904    2  0.000  0.538     0.00     0.00     0.00     0.00     0.00 -1    -1e-30      0.00 7.107e-01 2.745e-01 2.620e-03 7.154e-04 6.497e-03 -1.000 1.476e-02 -5.997 -6.042 -5.992 -5.970 -5.989 -6.015 -6.034 -6.054 -6.050
0.01471 0.00000 7.31175 11.0047397614 2.6268122196   11.006  4.303  3.9331  1.861    2  0.000  0.538     0.00     0.00     0.00     0.00     0.00 -1    -1e-30      0.00 7.107e-01 2.745e-01 2.620e-03 7.154e-04 6.497e-03 -1.000 1.476e-02 -5.987 -6.015 -6.011 -6.000 -6.025 -6.059 -6.097 -6.123 -6.123
0.01471 0.00000 7.31175 11.0048322678 2.6268122196   11.007  4.299  3.9215  1.819    2  0.000  0.538     0.00     0.00     0.00     0.00     0.00 -1    -1e-30      0.00 7.107e-01 2.745e-01 2.620e-03 7.154e-04 6.497e-03 -1.000 1.476e-02 -5.976 -5.979 -6.020 -6.025 -6.057 -6.100 -6.158 -6.192 -6.195
0.01471 0.00000 7.31175 11.0049228668 2.6268124580   11.007  4.294  3.9096  1.776    2  0.000  0.538     0.00     0.00     0.00     0.00     0.00 -1    -1e-30      0.00 7.107e-01 2.745e-01 2.620e-03 7.154e-04 6.497e-03 -1.000 1.476e-02 -5.965 -5.932 -6.019 -6.042 -6.086 -6.140 -6.220 -6.262 -6.270
0.01471 0.00000 7.31175 11.0050086975 2.6268124580   11.007  4.290  3.8978  1.733    2  0.000  0.538     0.00     0.00     0.00     0.00     0.00 -1    -1e-30      0.00 7.107e-01 2.745e-01 2.620e-03 7.154e-04 6.497e-03 -1.000 1.476e-02 -5.954 -5.876 -6.006 -6.053 -6.110 -6.177 -6.280 -6.333 -6.345
0.01471 0.00000 7.31175 11.0050907135 2.6268124580   11.007  4.285  3.8860  1.690    2  0.000  0.538     0.00     0.00     0.00     0.00     0.00 -1    -1e-30      0.00 7.107e-01 2.745e-01 2.620e-03 7.154e-04 6.497e-03 -1.000 1.476e-02 -5.943 -5.814 -5.980 -6.056 -6.130 -6.213 -6.339 -6.405 -6.420
0.01471 0.00000 7.31175 11.0051708221 2.6268126965   11.007  4.280  3.8741  1.648    2  0.000  0.538     0.00     0.00     0.00     0.00     0.00 -1    -1e-30      0.00 7.107e-01 2.745e-01 2.620e-03 7.154e-04 6.497e-03 -1.000 1.476e-02 -5.931 -5.745 -5.942 -6.052 -6.146 -6.247 -6.398 -6.478 -6.497
0.01471 0.00000 7.31175 11.0052442551 2.6268126965   11.007  4.275  3.8624  1.606    2  0.000  0.538     0.00     0.00     0.00     0.00     0.00 -1    -1e-30      0.00 7.107e-01 2.745e-01 2.620e-03 7.154e-04 6.497e-03 -1.000 1.476e-02 -5.919 -5.672 -5.895 -6.043 -6.160 -6.279 -6.455 -6.552 -6.574
0.01471 0.00000 7.31175 11.0053329468 2.6268126965   11.007  4.269  3.8477  1.554    2  0.000  0.538     0.00     0.00     0.00     0.00     0.00 -1    -1e-30      0.00 7.107e-01 2.745e-01 2.620e-03 7.154e-04 6.497e-03 -1.000 1.476e-02 -5.903 -5.574 -5.819 -6.025 -6.173 -6.319 -6.525 -6.645 -6.670
0.01471 0.00000 7.31175 11.0054006577 2.6268126965   11.007  4.264  3.8359  1.512    2  0.000  0.538     0.00     0.00     0.00     0.00     0.00 -1    -1e-30      0.00 7.107e-01 2.745e-01 2.620e-03 7.154e-04 6.497e-03 -1.000 1.476e-02 -5.889 -5.487 -5.746 -6.006 -6.182 -6.349 -6.582 -6.721 -6.749
0.01471 0.00000 7.31175 11.0054645538 2.6268129349   11.007  4.258  3.8243  1.471    2  0.000  0.538     0.00     0.00     0.00     0.00     0.00 -1    -1e-30      0.00 7.107e-01 2.745e-01 2.620e-03 7.154e-04 6.497e-03 -1.000 1.476e-02 -5.875 -5.396 -5.665 -5.984 -6.188 -6.377 -6.636 -6.795 -6.827
0.01471 0.00000 7.31175 11.0055408478 2.6268129349   11.007  4.251  3.8096  1.419    2  0.000  0.538     0.00     0.00     0.00     0.00     0.00 -1    -1e-30      0.00 7.107e-01 2.745e-01 2.620e-03 7.154e-04 6.497e-03 -1.000 1.476e-02 -5.856 -5.265 -5.553 -5.950 -6.192 -6.409 -6.701 -6.889 -6.924
0.01471 0.00000 7.31175 11.0055980682 2.6268129349   11.007  4.245  3.7982  1.380    2  0.000  0.538     0.00     0.00     0.00     0.00     0.00 -1    -1e-30      0.00 7.107e-01 2.745e-01 2.620e-03 7.154e-04 6.497e-03 -1.000 1.476e-02 -5.841 -5.153 -5.459 -5.918 -6.190 -6.430 -6.749 -6.960 -6.999
0.01471 0.00000 7.31175 11.0056533813 2.6268129349   11.007  4.238  3.7867  1.340    2  0.000  0.538     0.00     0.00     0.00     0.00     0.00 -1    -1e-30      0.00 7.107e-01 2.745e-01 2.620e-03 7.154e-04 6.497e-03 -1.000 1.476e-02 -5.825 -5.019 -5.355 -5.882 -6.186 -6.449 -6.797 -7.032 -7.075
0.01471 0.00000 7.31175 11.0057058334 2.6268129349   11.007  4.231  3.7751  1.301    2  0.000  0.538     0.00     0.00     0.00     0.00     0.00 -1    -1e-30      0.00 7.107e-01 2.745e-01 2.620e-03 7.154e-04 6.497e-03 -1.000 1.476e-02 -5.808 -4.852 -5.236 -5.839 -6.179 -6.468 -6.846 -7.108 -7.155
0.01471 0.00000 7.31175 11.0057563782 2.6268131733   11.007  4.224  3.7637  1.262    2  0.000  0.538     0.00     0.00     0.00     0.00     0.00 -1    -1e-30      0.00 7.107e-01 2.745e-01 2.620e-03 7.154e-04 6.497e-03 -1.000 1.476e-02 -5.790 -4.678 -5.111 -5.790 -6.166 -6.481 -6.891 -7.180 -7.232
0.01471 0.00000 7.31175 11.0058059692 2.6268131733   11.008  4.216  3.7521  1.224    2  0.000  0.538     0.00     0.00     0.00     0.00     0.00 -1    -1e-30      0.00 7.107e-01 2.745e-01 2.620e-03 7.154e-04 6.497e-03 -1.000 1.476e-02 -5.771 -4.496 -4.991 -5.739 -6.146 -6.484 -6.925 -7.242 -7.297
0.01471 0.00000 7.31175 11.0058517456 2.6268131733   11.008  4.208  3.7408  1.187    2  0.000  0.538     0.00     0.00     0.00     0.00     0.00 -1    -1e-30      0.00 7.107e-01 2.745e-01 2.620e-03 7.154e-04 6.497e-03 -1.000 1.476e-02 -5.751 -4.242 -4.846 -5.681 -6.126 -6.488 -6.964 -7.310 -7.370
0.01471 0.00000 7.31175 11.0058965683 2.6268131733   11.008  4.200  3.7293  1.149    2  0.000  0.538     0.00     0.00     0.00     0.00     0.00 -1    -1e-30      0.00 7.107e-01 2.745e-01 2.620e-03 7.154e-04 6.497e-03 -1.000 1.476e-02 -5.729 -4.035 -4.717 -5.619 -6.095 -6.478 -6.988 -7.364 -7.426
0.01471 0.00000 7.31175 11.0059385300 2.6268131733   11.008  4.190  3.7181  1.114    2  0.000  0.538     0.00     0.00     0.00     0.00     0.00 -1    -1e-30      0.00 7.107e-01 2.745e-01 2.620e-03 7.154e-04 6.497e-03 -1.000 1.476e-02 -5.706 -3.805 -4.580 -5.551 -6.058 -6.463 -7.011 -7.419 -7.481
0.01471 0.00000 7.31175 11.0059795380 2.6268131733   11.008  4.181  3.7069  1.079    2  0.000  0.538     0.00     0.00     0.00     0.00     0.00 -1    -1e-30      0.00 7.107e-01 2.745e-01 2.620e-03 7.154e-04 6.497e-03 -1.000 1.476e-02 -5.682 -3.558 -4.438 -5.476 -6.015 -6.442 -7.029 -7.469 -7.533
0.01471 0.00000 7.31175 11.0060195923 2.6268134117   11.008  4.170  3.6958  1.045    2  0.000  0.538     0.00     0.00     0.00     0.00     0.00 -1    -1e-30      0.00 7.107e-01 2.745e-01 2.620e-03 7.154e-04 6.497e-03 -1.000 1.476e-02 -5.655 -3.297 -4.292 -5.396 -5.966 -6.413 -7.042 -7.513 -7.580
0.01471 0.00000 7.31175 11.0060606003 2.6268134117   11.008  4.158  3.6846  1.012    2  0.000  0.538     0.00     0.00     0.00     0.00     0.00 -1    -1e-30      0.00 7.107e-01 2.745e-01 2.620e-03 7.154e-04 6.497e-03 -1.000 1.476e-02 -5.625 -3.027 -4.144 -5.311 -5.910 -6.377 -7.048 -7.549 -7.623
0.01471 0.00000 7.31175 11.0061025620 2.6268134117   11.008  4.145  3.6742  0.984    2  0.000  0.538     0.00     0.00     0.00     0.00     0.00 -1    -1e-30      0.00 7.107e-01 2.745e-01 2.620e-03 7.154e-04 6.497e-03 -1.000 1.476e-02 -5.592 -2.848 -4.014 -5.230 -5.849 -6.329 -7.043 -7.563 -7.650
0.01471 0.00000 7.31175 11.0061464310 2.6268134117   11.008  4.128  3.6641  0.960    2  0.000  0.538     0.00     0.00     0.00     0.00     0.00 -1    -1e-30      0.00 7.107e-01 2.745e-01 2.620e-03 7.154e-04 6.497e-03 -1.000 1.476e-02 -5.551 -2.664 -3.875 -5.139 -5.776 -6.272 -7.027 -7.562 -7.667
0.01471 0.00000 7.31175 11.0062007904 2.6268134117   11.008  4.106  3.6540  0.941    2  0.000  0.538     0.00     0.00     0.00     0.00     0.00 -1    -1e-30      0.00 7.107e-01 2.745e-01 2.620e-03 7.154e-04 6.497e-03 -1.000 1.476e-02 -5.496 -2.404 -3.702 -5.020 -5.681 -6.198 -6.996 -7.552 -7.672
0.01471 0.00000 7.31175 11.0062522888 2.6268134117   11.008  4.086  3.6468  0.933    2  0.000  0.538     0.00     0.00     0.00     0.00     0.00 -1    -1e-30      0.00 7.107e-01 2.745e-01 2.620e-03 7.154e-04 6.497e-03 -1.000 1.476e-02 -5.445 -2.165 -3.558 -4.913 -5.597 -6.132 -6.962 -7.538 -7.666
0.01471 0.00000 7.31175 11.0063552856 2.6268136501   11.008  4.061  3.6390  0.927    2  0.000  0.538     0.00     0.00     0.00     0.00     0.00 -1    -1e-30      0.00 7.107e-01 2.745e-01 2.620e-03 7.154e-04 6.497e-03 -1.000 1.476e-02 -5.382 -1.900 -3.393 -4.787 -5.496 -6.053 -6.916 -7.516 -7.653
0.01471 0.00000 7.31175 11.0065116882 2.6268136501   11.008  4.028  3.6288  0.919    2  0.000  0.538     0.00     0.00     0.00     0.00     0.00 -1    -1e-30      0.00 7.107e-01 2.745e-01 2.620e-03 7.154e-04 6.497e-03 -1.000 1.476e-02 -5.301 -1.546 -3.170 -4.615 -5.358 -5.947 -6.855 -7.488 -7.636
0.01471 0.00000 7.31175 11.0065565109 2.6268136501   11.008  4.026  3.6257  0.908    2  0.000  0.538     0.00     0.00     0.00     0.00     0.00 -1    -1e-30      0.00 7.107e-01 2.745e-01 2.620e-03 7.154e-04 6.497e-03 -1.000 1.476e-02 -5.295 -1.452 -3.118 -4.578 -5.334 -5.934 -6.855 -7.498 -7.650
0.01471 0.00000 7.31175 11.0066432953 2.6268138885   11.008  4.049  3.6182  0.856    3  0.000  0.536     0.00     0.00     0.00     0.00     0.00 -1    -1e-30      0.00 7.107e-01 2.745e-01 2.614e-03 7.168e-04 6.497e-03 -1.000 1.476e-02 -5.352 -1.279 -3.056 -4.559 -5.344 -5.972 -6.927 -7.592 -7.754
0.01471 0.00000 7.31175 11.0067100525 2.6268138885   11.008  4.082  3.6117  0.796    3  0.000  0.530     0.00     0.00     0.00     0.00     0.00 -1    -1e-30      0.00 7.107e-01 2.745e-01 2.584e-03 7.332e-04 6.497e-03 -1.000 1.476e-02 -5.436 -1.157 -3.031 -4.573 -5.385 -6.039 -7.025 -7.710 -7.881
0.01471 0.00000 7.31175 11.0067567825 2.6268138885   11.008  4.125  3.6061  0.731    3  0.000  0.505     0.00     0.00     0.00     0.00     0.00 -1    -1e-30      0.00 7.107e-01 2.745e-01 2.464e-03 8.313e-04 6.497e-03 -1.000 1.478e-02 -5.542 -1.081 -3.037 -4.611 -5.448 -6.129 -7.142 -7.843 -8.022
0.01471 0.00000 7.31175 11.0067930222 2.6268138885   11.009  4.166  3.6012  0.671    3  0.000  0.470     0.00     0.00     0.00     0.00     0.00 -1    -1e-30      0.00 7.106e-01 2.745e-01 2.291e-03 1.025e-03 6.497e-03 -1.000 1.485e-02 -5.645 -1.026 -3.052 -4.654 -5.513 -6.219 -7.256 -7.971 -8.157
0.01471 0.00000 7.31175 11.0068244934 2.6268138885   11.009  4.207  3.5968  0.612    3  0.000  0.441     0.00     0.00     0.00     0.00     0.00 -1    -1e-30      0.00 7.106e-01 2.745e-01 2.149e-03 1.197e-03 6.497e-03 -1.000 1.486e-02 -5.748 -0.986 -3.069 -4.696 -5.576 -6.309 -7.368 -8.095 -8.289
0.01471 0.00000 7.31175 11.0068330765 2.6268138885   11.009  4.218  3.5957  0.597    3  0.000  0.435     0.00     0.00     0.00     0.00     0.00 -1    -1e-30      0.00 7.106e-01 2.745e-01 2.120e-03 1.234e-03 6.496e-03 -1.000 1.486e-02 -5.774 -0.976 -3.073 -4.707 -5.592 -6.332 -7.398 -8.128 -8.323
0.01471 0.00000 7.31175 11.0068531036 2.6268138885   11.009  4.246  3.5928  0.557    3  0.000  0.425     0.00     0.00     0.00     0.00     0.00 -1    -1e-30      0.00 7.099e-01 2.753e-01 2.059e-03 1.344e-03 6.456e-03 -1.000 1.486e-02 -5.845 -0.953 -3.086 -4.736 -5.636 -6.394 -7.475 -8.213 -8.412
0.01471 0.00000 7.31175 11.0068769455 2.6268141270   11.009  4.276  3.5898  0.515    3  0.000  0.418     0.00     0.00     0.00     0.00     0.00 -1    -1e-30      0.00 7.086e-01 2.765e-01 2.003e-03 1.473e-03 6.388e-03 -1.000 1.486e-02 -5.920 -0.931 -3.102 -4.769 -5.683 -6.460 -7.556 -8.302 -8.507
0.01471 0.00000 7.31175 11.0068845749 2.6268141270   11.009  4.285  3.5889  0.503    3  0.000  0.416     0.00     0.00     0.00     0.00     0.00 -1    -1e-30      0.00 7.082e-01 2.769e-01 1.990e-03 1.507e-03 6.368e-03 -1.000 1.486e-02 -5.941 -0.927 -3.105 -4.775 -5.694 -6.478 -7.579 -8.327 -8.533
0.01471 0.00000 7.31175 11.0069131851 2.6268141270   11.009  4.318  3.5856  0.456    3  0.000  0.411     0.00     0.00     0.00     0.00     0.00 -1    -1e-30      0.00 7.067e-01 2.784e-01 1.942e-03 1.629e-03 6.295e-03 -1.000 1.486e-02 -6.025 -0.906 -3.114 -4.802 -5.739 -6.551 -7.671 -8.427 -8.639
0.01471 0.00000 7.31175 11.0069513321 2.6268141270   11.009  4.356  3.5818  0.403    3  0.000  0.406     0.00     0.00     0.00     0.00     0.00 -1    -1e-30      0.00 7.054e-01 2.798e-01 1.898e-03 1.742e-03 6.229e-03 -1.000 1.486e-02 -6.120 -0.883 -3.125 -4.831 -5.790 -6.633 -7.775 -8.541 -8.759
0.01471 0.00000 7.31175 11.0069885254 2.6268141270   11.009  4.386  3.5788  0.362    3  0.000  0.403     0.00     0.00     0.00     0.00     0.00 -1    -1e-30      0.00 7.046e-01 2.806e-01 1.871e-03 1.810e-03 6.189e-03 -1.000 1.482e-02 -6.194 -0.868 -3.130 -4.848 -5.825 -6.697 -7.856 -8.630 -8.853
0.01471 0.00000 7.31175 11.0070438385 2.6268141270   11.009  4.419  3.5754  0.314    3  0.000  0.400     0.00     0.00     0.00     0.00     0.00 -1    -1e-30      0.00 7.038e-01 2.814e-01 1.846e-03 1.876e-03 6.150e-03 -1.000 1.479e-02 -6.278 -0.857 -3.130 -4.859 -5.857 -6.768 -7.950 -8.731 -8.960
0.01471 0.00000 7.31175 11.0071334839 2.6268141270   11.009  4.449  3.5723  0.272    3  0.000  0.398     0.00     0.00     0.00     0.00     0.00 -1    -1e-30      0.00 7.032e-01 2.820e-01 1.826e-03 1.926e-03 6.121e-03 -1.000 1.485e-02 -6.353 -0.846 -3.128 -4.867 -5.885 -6.831 -8.033 -8.822 -9.056
0.01471 0.00000 7.31175 11.0073900223 2.6268143654   11.009  4.482  3.5688  0.225    3  0.000  0.395     0.00     0.00     0.00     0.00     0.00 -1    -1e-30      0.00 7.023e-01 2.829e-01 1.803e-03 1.989e-03 6.081e-03 -1.000 1.486e-02 -6.436 -0.837 -3.121 -4.868 -5.910 -6.899 -8.125 -8.921 -9.161
0.01471 0.00000 7.31175 11.0088930130 2.6268157959   11.010  4.538  3.5630  0.146    3  0.000  0.394     0.00     0.00     0.00     0.00     0.00 -1    -1e-30      0.00 6.938e-01 2.914e-01 1.733e-03 2.261e-03 5.868e-03 -1.000 1.480e-02 -6.574 -0.830 -3.098 -4.851 -5.937 -7.010 -8.279 -9.089 -9.338
0.01471 0.00000 7.31175 11.0131931305 2.6268193722   11.015  4.579  3.5589  0.088    3  0.000  0.393     0.00     0.00     0.00     0.00     0.00 -1    -1e-30      0.00 6.856e-01 2.996e-01 1.686e-03 2.458e-03 5.711e-03 -1.000 1.479e-02 -6.678 -0.831 -3.082 -4.836 -5.957 -7.092 -8.395 -9.213 -9.469
0.01471 0.00000 7.31175 11.0218448639 2.6268265247   11.024  4.571  3.5599  0.101    3  0.000  0.393     0.00     0.00     0.00     0.00     0.00 -1    -1e-30      0.00 6.856e-01 2.996e-01 1.686e-03 2.458e-03 5.711e-03 -1.000 1.479e-02 -6.658 -0.835 -3.095 -4.851 -5.961 -7.079 -8.372 -9.188 -9.443
0.01471 0.00000 7.31175 11.0549926758 2.6268544197   11.057  4.537  3.5642  0.153    4  0.000  0.393     0.00     0.00     0.00     0.00     0.00 -1    -1e-30      0.00 6.856e-01 2.996e-01 1.686e-03 2.459e-03 5.710e-03 -1.000 1.479e-02 -6.573 -0.851 -3.128 -4.881 -5.959 -7.015 -8.275 -9.081 -9.329
0.01471 0.00000 7.31175 11.0818815231 2.6268765926   11.083  4.501  3.5687  0.209    4  0.000  0.393     0.00     0.00     0.00     0.00     0.00 -1    -1e-30      0.00 6.856e-01 2.996e-01 1.685e-03 2.460e-03 5.710e-03 -1.000 1.480e-02 -6.481 -0.867 -3.159 -4.910 -5.953 -6.944 -8.171 -8.967 -9.207
0.01471 0.00000 7.31175 11.1064748764 2.6268968582   11.108  4.466  3.5729  0.261    4  0.000  0.393     0.00     0.00     0.00     0.00     0.00 -1    -1e-30      0.00 6.856e-01 2.996e-01 1.685e-03 2.460e-03 5.709e-03 -1.000 1.480e-02 -6.395 -0.888 -3.178 -4.920 -5.935 -6.876 -8.074 -8.860 -9.094
0.01471 0.00000 7.31175 11.1321973801 2.6269180775   11.134  4.437  3.5768  0.307    4  0.000  0.393     0.00     0.00     0.00     0.00     0.00 -1    -1e-30      0.00 6.856e-01 2.996e-01 1.685e-03 2.461e-03 5.709e-03 -1.000 1.480e-02 -6.321 -0.915 -3.198 -4.929 -5.921 -6.817 -7.991 -8.767 -8.994
0.01471 0.00000 7.31175 11.1721401215 2.6269507408   11.174  4.410  3.5812  0.353    4  0.000  0.393     0.00     0.00     0.00     0.00     0.00 -1    -1e-30      0.00 6.855e-01 2.997e-01 1.685e-03 2.462e-03 5.708e-03 -1.000 1.480e-02 -6.254 -0.962 -3.232 -4.952 -5.917 -6.766 -7.913 -8.678 -8.898
0.01471 0.00000 7.31175 11.2578544617 2.6270198822   11.259  4.387  3.5877  0.406    4  0.000  0.393     0.00     0.00     0.00     0.00     0.00 -1    -1e-30      0.00 6.855e-01 2.997e-01 1.684e-03 2.464e-03 5.707e-03 -1.000 1.481e-02 -6.196 -1.074 -3.308 -5.004 -5.935 -6.730 -7.841 -8.587 -8.797
0.01471 0.00000 7.31175 11.2784729004 2.6270363331   11.280  4.385  3.5889  0.413    4  0.000  0.393     0.00     0.00     0.00     0.00     0.00 -1    -1e-30      0.00 6.855e-01 2.997e-01 1.684e-03 2.464e-03 5.706e-03 -1.000 1.481e-02 -6.193 -1.099 -3.328 -5.020 -5.946 -6.731 -7.835 -8.578 -8.787
0.01471 0.00000 7.31175 11.3552618027 2.6270968914   11.357  4.403  3.5913  0.408    5  0.000  0.393     0.00     0.00     0.00     0.00     0.00 -1    -1e-30      0.00 6.855e-01 2.997e-01 1.684e-03 2.466e-03 5.705e-03 -1.000 1.482e-02 -6.236 -1.186 -3.410 -5.098 -6.013 -6.782 -7.875 -8.609 -8.815
0.01471 0.00000 7.31175 11.3717041016 2.6271097660   11.373  4.411  3.5924  0.404    5  0.000  0.393     0.00     0.00     0.00     0.00     0.00 -1    -1e-30      0.00 6.855e-01 2.997e-01 1.684e-03 2.467e-03 5.704e-03 -1.000 1.482e-02 -6.257 -1.227 -3.448 -5.134 -6.045 -6.807 -7.894 -8.624 -8.829
0.01471 0.00000 7.31175 11.3744802475 2.6271119118   11.376  4.418  3.5938  0.403    5  0.000  0.393     0.00     0.00     0.00     0.00     0.00 -1    -1e-30      0.00 6.855e-01 2.997e-01 1.684e-03 2.467e-03 5.704e-03 -1.000 1.482e-02 -6.275 -1.275 -3.489 -5.171 -6.076 -6.830 -7.910 -8.635 -8.838
0.01471 0.00000 7.31175 11.3752937317 2.6271123886   11.377  4.423  3.5958  0.407    5  0.000  0.393     0.00     0.00     0.00     0.00     0.00 -1    -1e-30      0.00 6.855e-01 2.997e-01 1.684e-03 2.467e-03 5.704e-03 -1.000 1.482e-02 -6.286 -1.333 -3.535 -5.210 -6.106 -6.847 -7.917 -8.635 -8.836
0.01471 0.00000 7.31175 11.3755369186 2.6271126270   11.377  4.424  3.5978  0.413    5  0.000  0.393     0.00     0.00     0.00     0.00     0.00 -1    -1e-30      0.00 6.855e-01 2.997e-01 1.684e-03 2.467e-03 5.704e-03 -1.000 1.482e-02 -6.291 -1.384 -3.574 -5.242 -6.129 -6.858 -7.918 -8.630 -8.828
0.01471 0.00000 7.31175 11.3756628036 2.6271128654   11.377  4.425  3.5993  0.418    5  0.000  0.393     0.00     0.00     0.00     0.00     0.00 -1    -1e-30      0.00 6.855e-01 2.997e-01 1.684e-03 2.467e-03 5.704e-03 -1.000 1.482e-02 -6.292 -1.425 -3.604 -5.265 -6.145 -6.864 -7.917 -8.624 -8.820
0.01471 0.00000 7.31175 11.3757867813 2.6271128654   11.377  4.426  3.6013  0.426    5  0.000  0.393     0.00     0.00     0.00     0.00     0.00 -1    -1e-30      0.00 6.855e-01 2.997e-01 1.684e-03 2.467e-03 5.704e-03 -1.000 1.482e-02 -6.294 -1.479 -3.640 -5.292 -6.163 -6.872 -7.916 -8.616 -8.809
0.01471 0.00000 7.31175 11.3758897781 2.6271128654   11.377  4.426  3.6032  0.433    5  0.000  0.393     0.00     0.00     0.00     0.00     0.00 -1    -1e-30      0.00 6.855e-01 2.997e-01 1.684e-03 2.467e-03 5.704e-03 -1.000 1.482e-02 -6.295 -1.533 -3.674 -5.317 -6.180 -6.879 -7.913 -8.607 -8.798
0.01471 0.00000 7.31175 11.3759851456 2.6271131039   11.377  4.426  3.6051  0.440    5  0.000  0.393     0.00     0.00     0.00     0.00     0.00 -1    -1e-30      0.00 6.855e-01 2.997e-01 1.684e-03 2.467e-03 5.704e-03 -1.000 1.482e-02 -6.296 -1.586 -3.707 -5.342 -6.196 -6.886 -7.911 -8.598 -8.786
0.01471 0.00000 7.31175 11.3760757446 2.6271131039   11.377  4.427  3.6070  0.447    5  0.000  0.393     0.00     0.00     0.00     0.00     0.00 -1    -1e-30      0.00 6.855e-01 2.997e-01 1.684e-03 2.467e-03 5.704e-03 -1.000 1.482e-02 -6.297 -1.639 -3.740 -5.366 -6.212 -6.892 -7.908 -8.590 -8.775
0.01471 0.00000 7.31175 11.3761663437 2.6271131039   11.378  4.427  3.6089  0.455    5  0.000  0.393     0.00     0.00     0.00     0.00     0.00 -1    -1e-30      0.00 6.855e-01 2.997e-01 1.684e-03 2.467e-03 5.704e-03 -1.000 1.482e-02 -6.297 -1.691 -3.773 -5.390 -6.227 -6.898 -7.906 -8.581 -8.764
0.01471 0.00000 7.31175 11.3762578964 2.6271133423   11.378  4.427  3.6107  0.462    5  0.000  0.393     0.00     0.00     0.00     0.00     0.00 -1    -1e-30      0.00 6.855e-01 2.997e-01 1.684e-03 2.467e-03 5.704e-03 -1.000 1.482e-02 -6.298 -1.745 -3.804 -5.412 -6.242 -6.904 -7.903 -8.572 -8.753
0.01471 0.00000 7.31175 11.3763742447 2.6271133423   11.378  4.428  3.6131  0.471    5  0.000  0.393     0.00     0.00     0.00     0.00     0.00 -1    -1e-30      0.00 6.855e-01 2.997e-01 1.684e-03 2.467e-03 5.704e-03 -1.000 1.482e-02 -6.299 -1.814 -3.843 -5.439 -6.259 -6.911 -7.899 -8.562 -8.739
0.01471 0.00000 7.31175 11.3764953613 2.6271133423   11.378  4.428  3.6154  0.480    5  0.000  0.393     0.00     0.00     0.00     0.00     0.00 -1    -1e-30      0.00 6.855e-01 2.997e-01 1.684e-03 2.467e-03 5.704e-03 -1.000 1.482e-02 -6.299 -1.883 -3.882 -5.465 -6.275 -6.919 -7.896 -8.551 -8.725
0.01471 0.00000 7.31175 11.3766231537 2.6271135807   11.378  4.428  3.6177  0.489    5  0.000  0.393     0.00     0.00     0.00     0.00     0.00 -1    -1e-30      0.00 6.855e-01 2.997e-01 1.684e-03 2.467e-03 5.704e-03 -1.000 1.482e-02 -6.300 -1.952 -3.920 -5.491 -6.292 -6.926 -7.892 -8.540 -8.711
0.01471 0.00000 7.31175 11.3767309189 2.6271135807   11.378  4.428  3.6195  0.496    5  0.000  0.393     0.00     0.00     0.00     0.00     0.00 -1    -1e-30      0.00 6.855e-01 2.997e-01 1.684e-03 2.467e-03 5.704e-03 -1.000 1.482e-02 -6.300 -2.007 -3.951 -5.512 -6.305 -6.931 -7.889 -8.531 -8.699
0.01471 0.00000 7.31175 11.3768434525 2.6271138191   11.378  4.428  3.6214  0.503    5  0.000  0.393     0.00     0.00     0.00     0.00     0.00 -1    -1e-30      0.00 6.855e-01 2.997e-01 1.684e-03 2.467e-03 5.704e-03 -1.000 1.482e-02 -6.301 -2.062 -3.980 -5.531 -6.317 -6.936 -7.886 -8.522 -8.688
0.01471 0.00000 7.31175 11.3769617081 2.6271138191   11.378  4.428  3.6232  0.511    5  0.000  0.393     0.00     0.00     0.00     0.00     0.00 -1    -1e-30      0.00 6.855e-01 2.997e-01 1.684e-03 2.467e-03 5.704e-03 -1.000 1.482e-02 -6.301 -2.118 -4.008 -5.550 -6.329 -6.941 -7.883 -8.513 -8.677
0.01471 0.00000 7.31175 11.3770875931 2.6271138191   11.379  4.428  3.6251  0.518    5  0.000  0.393     0.00     0.00     0.00     0.00     0.00 -1    -1e-30      0.00 6.855e-01 2.997e-01 1.684e-03 2.467e-03 5.704e-03 -1.000 1.482e-02 -6.301 -2.173 -4.037 -5.568 -6.340 -6.946 -7.879 -8.504 -8.666
0.01471 0.00000 7.31175 11.3772544861 2.6271140575   11.379  4.429  3.6274  0.527    5  0.000  0.393     0.00     0.00     0.00     0.00     0.00 -1    -1e-30      0.00 6.855e-01 2.997e-01 1.684e-03 2.467e-03 5.704e-03 -1.000 1.482e-02 -6.301 -2.242 -4.072 -5.591 -6.354 -6.953 -7.875 -8.493 -8.651
0.01471 0.00000 7.31175 11.3774337769 2.6271140575   11.379  4.429  3.6297  0.536    5  0.000  0.393     0.00     0.00     0.00     0.00     0.00 -1    -1e-30      0.00 6.855e-01 2.997e-01 1.684e-03 2.467e-03 5.704e-03 -1.000 1.482e-02 -6.302 -2.311 -4.108 -5.614 -6.369 -6.959 -7.871 -8.482 -8.637
0.01471 0.00000 7.31175 11.3776330948 2.6271142960   11.379  4.429  3.6319  0.545    5  0.000  0.393     0.00     0.00     0.00     0.00     0.00 -1    -1e-30      0.00 6.855e-01 2.997e-01 1.684e-03 2.467e-03 5.704e-03 -1.000 1.482e-02 -6.302 -2.380 -4.141 -5.635 -6.381 -6.964 -7.866 -8.470 -8.623
0.01471 0.00000 7.31175 11.3778553009 2.6271145344   11.379  4.429  3.6342  0.554    5  0.000  0.393     0.00     0.00     0.00     0.00     0.00 -1    -1e-30      0.00 6.855e-01 2.997e-01 1.684e-03 2.467e-03 5.704e-03 -1.000 1.482e-02 -6.302 -2.448 -4.175 -5.655 -6.394 -6.969 -7.861 -8.459 -8.608
0.01471 0.00000 7.31175 11.3781070709 2.6271147728   11.380  4.429  3.6365  0.563    5  0.000  0.393     0.00     0.00     0.00     0.00     0.00 -1    -1e-30      0.00 6.855e-01 2.997e-01 1.684e-03 2.467e-03 5.704e-03 -1.000 1.482e-02 -6.301 -2.516 -4.208 -5.675 -6.406 -6.975 -7.856 -8.448 -8.594
0.01471 0.00000 7.31175 11.3784017563 2.6271150112   11.380  4.428  3.6387  0.572    5  0.000  0.393     0.00     0.00     0.00     0.00     0.00 -1    -1e-30      0.00 6.855e-01 2.997e-01 1.684e-03 2.467e-03 5.704e-03 -1.000 1.482e-02 -6.301 -2.583 -4.240 -5.695 -6.418 -6.980 -7.851 -8.436 -8.580
0.01471 0.00000 7.31175 11.3787584305 2.6271152496   11.380  4.428  3.6409  0.581    5  0.000  0.393     0.00     0.00     0.00     0.00     0.00 -1    -1e-30      0.00 6.855e-01 2.997e-01 1.684e-03 2.467e-03 5.704e-03 -1.000 1.482e-02 -6.301 -2.649 -4.272 -5.714 -6.429 -6.984 -7.846 -8.425 -8.566
0.01471 0.00000 7.31175 11.3791131973 2.6271154881   11.381  4.428  3.6426  0.589    5  0.000  0.393     0.00     0.00     0.00     0.00     0.00 -1    -1e-30      0.00 6.855e-01 2.997e-01 1.684e-03 2.467e-03 5.704e-03 -1.000 1.482e-02 -6.300 -2.700 -4.296 -5.728 -6.437 -6.988 -7.842 -8.416 -8.554
0.01471 0.00000 7.31175 11.3795652390 2.6271157265   11.381  4.428  3.6443  0.596    5  0.000  0.393     0.00     0.00     0.00     0.00     0.00 -1    -1e-30      0.00 6.855e-01 2.997e-01 1.684e-03 2.467e-03 5.704e-03 -1.000 1.482e-02 -6.300 -2.749 -4.319 -5.741 -6.445 -6.991 -7.837 -8.407 -8.543
0.01471 0.00000 7.31175 11.3801975250 2.6271164417   11.382  4.428  3.6460  0.602    5  0.000  0.393     0.00     0.00     0.00     0.00     0.00 -1    -1e-30      0.00 6.855e-01 2.997e-01 1.684e-03 2.467e-03 5.704e-03 -1.000 1.482e-02 -6.300 -2.796 -4.341 -5.754 -6.453 -6.994 -7.833 -8.398 -8.532
0.01471 0.00000 7.31175 11.3812389374 2.6271171570   11.383  4.428  3.6474  0.608    5  0.000  0.393     0.00     0.00     0.00     0.00     0.00 -1    -1e-30      0.00 6.855e-01 2.997e-01 1.684e-03 2.467e-03 5.704e-03 -1.000 1.482e-02 -6.299 -2.839 -4.362 -5.766 -6.460 -6.997 -7.829 -8.390 -8.523
0.01471 0.00000 7.31175 11.3871755600 2.6271216869   11.389  4.429  3.6485  0.612    5  0.000  0.393     0.00     0.00     0.00     0.00     0.00 -1    -1e-30      0.00 6.855e-01 2.997e-01 1.684e-03 2.467e-03 5.704e-03 -1.000 1.482e-02 -6.301 -2.872 -4.378 -5.777 -6.467 -7.001 -7.829 -8.387 -8.518
0.01471 0.00000 7.31175 11.4169368744 2.6271448135   11.418  4.435  3.6421  0.581    6  0.000  0.393     0.00     0.00     0.00     0.00     0.00 -1    -1e-30      0.00 6.855e-01 2.997e-01 1.683e-03 2.468e-03 5.704e-03 -1.000 1.482e-02 -6.317 -2.697 -4.303 -5.740 -6.451 -7.003 -7.860 -8.435 -8.574
0.01471 0.00000 7.31175 11.4295396805 2.6271545887   11.431  4.437  3.6383  0.564    6  0.000  0.393     0.00     0.00     0.00     0.00     0.00 -1    -1e-30      0.00 6.855e-01 2.997e-01 1.683e-03 2.468e-03 5.703e-03 -1.000 1.482e-02 -6.323 -2.589 -4.255 -5.714 -6.438 -7.001 -7.875 -8.460 -8.605
0.01471 0.00000 7.31175 11.4401369095 2.6271626949   11.442  4.440  3.6349  0.548    6  0.000  0.393     0.00     0.00     0.00     0.00     0.00 -1    -1e-30      0.00 6.855e-01 2.997e-01 1.683e-03 2.468e-03 5.703e-03 -1.000 1.482e-02 -6.330 -2.491 -4.211 -5.689 -6.426 -6.999 -7.888 -8.484 -8.632
0.01471 0.00000 7.31175 11.4465179443 2.6271677017   11.448  4.442  3.6324  0.536    6  0.000  0.393     0.00     0.00     0.00     0.00     0.00 -1    -1e-30      0.00 6.855e-01 2.997e-01 1.683e-03 2.468e-03 5.703e-03 -1.000 1.482e-02 -6.336 -2.420 -4.180 -5.673 -6.419 -7.000 -7.900 -8.503 -8.655
0.01471 0.00000 7.31175 11.4527425766 2.6271724701   11.454  4.445  3.6295  0.522    6  0.000  0.393     0.00     0.00     0.00     0.00     0.00 -1    -1e-30      0.00 6.854e-01 2.997e-01 1.683e-03 2.468e-03 5.703e-03 -1.000 1.482e-02 -6.343 -2.339 -4.144 -5.654 -6.409 -7.000 -7.913 -8.524 -8.679
0.01471 0.00000 7.31175 11.4577665329 2.6271762848   11.459  4.447  3.6270  0.510    6  0.000  0.393     0.00     0.00     0.00     0.00     0.00 -1    -1e-30      0.00 6.854e-01 2.997e-01 1.683e-03 2.469e-03 5.703e-03 -1.000 1.482e-02 -6.348 -2.265 -4.110 -5.633 -6.399 -6.999 -7.924 -8.542 -8.701
0.01471 0.00000 7.31175 11.4620351791 2.6271796227   11.463  4.449  3.6245  0.498    6  0.000  0.393     0.00     0.00     0.00     0.00     0.00 -1    -1e-30      0.00 6.854e-01 2.997e-01 1.683e-03 2.469e-03 5.703e-03 -1.000 1.482e-02 -6.353 -2.196 -4.077 -5.614 -6.389 -6.997 -7.933 -8.559 -8.721
0.01471 0.00000 7.31175 11.4665842056 2.6271829605   11.468  4.451  3.6217  0.485    6  0.000  0.393     0.00     0.00     0.00     0.00     0.00 -1    -1e-30      0.00 6.854e-01 2.997e-01 1.683e-03 2.469e-03 5.703e-03 -1.000 1.482e-02 -6.358 -2.112 -4.036 -5.590 -6.377 -6.995 -7.944 -8.578 -8.745
0.01471 0.00000 7.31175 11.4697170258 2.6271853447   11.471  4.453  3.6195  0.475    6  0.000  0.393     0.00     0.00     0.00     0.00     0.00 -1    -1e-30      0.00 6.854e-01 2.997e-01 1.683e-03 2.469e-03 5.703e-03 -1.000 1.483e-02 -6.362 -2.048 -4.005 -5.571 -6.366 -6.993 -7.952 -8.593 -8.762
0.01471 0.00000 7.31175 11.4724760056 2.6271874905   11.474  4.454  3.6174  0.465    6  0.000  0.393     0.00     0.00     0.00     0.00     0.00 -1    -1e-30      0.00 6.854e-01 2.997e-01 1.683e-03 2.469e-03 5.703e-03 -1.000 1.483e-02 -6.365 -1.988 -3.973 -5.551 -6.355 -6.990 -7.959 -8.606 -8.778
0.01471 0.00000 7.31175 11.4754762650 2.6271898746   11.477  4.455  3.6149  0.454    6  0.000  0.393     0.00     0.00     0.00     0.00     0.00 -1    -1e-30      0.00 6.854e-01 2.997e-01 1.683e-03 2.469e-03 5.703e-03 -1.000 1.483e-02 -6.368 -1.915 -3.935 -5.526 -6.340 -6.986 -7.966 -8.621 -8.797
0.01471 0.00000 7.31175 11.4775724411 2.6271915436   11.479  4.456  3.6129  0.446    6  0.000  0.393     0.00     0.00     0.00     0.00     0.00 -1    -1e-30      0.00 6.854e-01 2.997e-01 1.683e-03 2.469e-03 5.702e-03 -1.000 1.483e-02 -6.370 -1.859 -3.904 -5.506 -6.329 -6.983 -7.972 -8.633 -8.811
0.01471 0.00000 7.31175 11.4794473648 2.6271929741   11.481  4.457  3.6110  0.437    6  0.000  0.393     0.00     0.00     0.00     0.00     0.00 -1    -1e-30      0.00 6.854e-01 2.997e-01 1.683e-03 2.469e-03 5.702e-03 -1.000 1.483e-02 -6.371 -1.803 -3.875 -5.487 -6.317 -6.979 -7.977 -8.644 -8.825
0.01471 0.00000 7.31175 11.4815034866 2.6271944046   11.483  4.457  3.6087  0.428    6  0.000  0.393     0.00     0.00     0.00     0.00     0.00 -1    -1e-30      0.00 6.854e-01 2.997e-01 1.683e-03 2.469e-03 5.702e-03 -1.000 1.483e-02 -6.373 -1.738 -3.837 -5.461 -6.301 -6.974 -7.983 -8.657 -8.841
0.01471 0.00000 7.31175 11.4829502106 2.6271955967   11.484  4.458  3.6069  0.420    6  0.000  0.393     0.00     0.00     0.00     0.00     0.00 -1    -1e-30      0.00 6.854e-01 2.997e-01 1.683e-03 2.469e-03 5.702e-03 -1.000 1.483e-02 -6.374 -1.689 -3.807 -5.440 -6.288 -6.970 -7.987 -8.667 -8.854
0.01471 0.00000 7.31175 11.4842376709 2.6271965504   11.486  4.458  3.6051  0.413    6  0.000  0.393     0.00     0.00     0.00     0.00     0.00 -1    -1e-30      0.00 6.854e-01 2.997e-01 1.683e-03 2.469e-03 5.702e-03 -1.000 1.483e-02 -6.375 -1.640 -3.777 -5.418 -6.275 -6.965 -7.991 -8.677 -8.866
0.01471 0.00000 7.31175 11.4853849411 2.6271975040   11.487  4.458  3.6034  0.405    6  0.000  0.393     0.00     0.00     0.00     0.00     0.00 -1    -1e-30      0.00 6.854e-01 2.997e-01 1.683e-03 2.469e-03 5.702e-03 -1.000 1.483e-02 -6.376 -1.592 -3.748 -5.397 -6.261 -6.960 -7.995 -8.687 -8.878
0.01471 0.00000 7.31175 11.4864015579 2.6271982193   11.488  4.458  3.6016  0.398    6  0.000  0.393     0.00     0.00     0.00     0.00     0.00 -1    -1e-30      0.00 6.854e-01 2.997e-01 1.683e-03 2.469e-03 5.702e-03 -1.000 1.483e-02 -6.376 -1.545 -3.718 -5.376 -6.248 -6.956 -7.998 -8.696 -8.889
0.01471 0.00000 7.31175 11.4873056412 2.6271989346   11.489  4.459  3.5999  0.391    6  0.000  0.393     0.00     0.00     0.00     0.00     0.00 -1    -1e-30      0.00 6.854e-01 2.997e-01 1.683e-03 2.469e-03 5.702e-03 -1.000 1.483e-02 -6.376 -1.498 -3.689 -5.355 -6.235 -6.951 -8.002 -8.704 -8.900
0.01471 0.00000 7.31175 11.4881124496 2.6271994114   11.490  4.459  3.5983  0.385    6  0.000  0.393     0.00     0.00     0.00     0.00     0.00 -1    -1e-30      0.00 6.854e-01 2.997e-01 1.683e-03 2.469e-03 5.702e-03 -1.000 1.483e-02 -6.376 -1.456 -3.659 -5.332 -6.219 -6.945 -8.005 -8.713 -8.911
0.01471 0.00000 7.31175 11.4888362885 2.6272001266   11.490  4.458  3.5966  0.378    6  0.000  0.393     0.00     0.00     0.00     0.00     0.00 -1    -1e-30      0.00 6.854e-01 2.997e-01 1.683e-03 2.469e-03 5.702e-03 -1.000 1.483e-02 -6.376 -1.414 -3.629 -5.308 -6.203 -6.940 -8.008 -8.721 -8.921
0.01471 0.00000 7.31175 11.4894933701 2.6272006035   11.491  4.458  3.5949  0.372    6  0.000  0.393     0.00     0.00     0.00     0.00     0.00 -1    -1e-30      0.00 6.854e-01 2.997e-01 1.683e-03 2.469e-03 5.702e-03 -1.000 1.483e-02 -6.376 -1.372 -3.599 -5.285 -6.187 -6.934 -8.010 -8.729 -8.932
0.01471 0.00000 7.31175 11.4900932312 2.6272010803   11.491  4.458  3.5933  0.366    6  0.000  0.393     0.00     0.00     0.00     0.00     0.00 -1    -1e-30      0.00 6.854e-01 2.997e-01 1.683e-03 2.469e-03 5.702e-03 -1.000 1.483e-02 -6.375 -1.330 -3.569 -5.261 -6.171 -6.928 -8.012 -8.737 -8.942
0.01471 0.00000 7.31175 11.4906520844 2.6272015572   11.492  4.458  3.5917  0.359    6  0.000  0.393     0.00     0.00     0.00     0.00     0.00 -1    -1e-30      0.00 6.854e-01 2.997e-01 1.683e-03 2.469e-03 5.702e-03 -1.000 1.483e-02 -6.374 -1.289 -3.540 -5.238 -6.155 -6.923 -8.015 -8.744 -8.951
0.01471 0.00000 7.31175 11.4911975861 2.6272017956   11.493  4.457  3.5901  0.354    6  0.000  0.393     0.00     0.00     0.00     0.00     0.00 -1    -1e-30      0.00 6.854e-01 2.997e-01 1.683e-03 2.469e-03 5.702e-03 -1.000 1.483e-02 -6.373 -1.249 -3.510 -5.214 -6.139 -6.916 -8.016 -8.751 -8.960
0.01471 0.00000 7.31175 11.4917621613 2.6272022724   11.493  4.457  3.5886  0.348    6  0.000  0.393     0.00     0.00     0.00     0.00     0.00 -1    -1e-30      0.00 6.854e-01 2.997e-01 1.683e-03 2.469e-03 5.702e-03 -1.000 1.483e-02 -6.372 -1.213 -3.479 -5.188 -6.119 -6.909 -8.017 -8.757 -8.968
0.01471 0.00000 7.31175 11.4924039841 2.6272027493   11.494  4.455  3.5870  0.343    6  0.000  0.393     0.00     0.00     0.00     0.00     0.00 -1    -1e-30      0.00 6.854e-01 2.997e-01 1.683e-03 2.469e-03 5.702e-03 -1.000 1.483e-02 -6.369 -1.177 -3.447 -5.160 -6.099 -6.901 -8.017 -8.762 -8.975
0.01471 0.00000 7.31175 11.4932117462 2.6272034645   11.495  4.454  3.5856  0.339    6  0.000  0.393     0.00     0.00     0.00     0.00     0.00 -1    -1e-30      0.00 6.854e-01 2.997e-01 1.683e-03 2.469e-03 5.702e-03 -1.000 1.483e-02 -6.364 -1.142 -3.416 -5.131 -6.078 -6.892 -8.016 -8.765 -8.980
0.01471 0.00000 7.31175 11.4945812225 2.6272044182   11.496  4.450  3.5844  0.338    6  0.000  0.393     0.00     0.00     0.00     0.00     0.00 -1    -1e-30      0.00 6.854e-01 2.997e-01 1.683e-03 2.469e-03 5.702e-03 -1.000 1.483e-02 -6.356 -1.110 -3.386 -5.104 -6.056 -6.879 -8.010 -8.763 -8.979
0.01471 0.00000 7.31175 11.4959440231 2.6272053719   11.497  4.446  3.5833  0.338    6  0.000  0.393     0.00     0.00     0.00     0.00     0.00 -1    -1e-30      0.00 6.854e-01 2.997e-01 1.683e-03 2.469e-03 5.702e-03 -1.000 1.483e-02 -6.346 -1.079 -3.356 -5.075 -6.032 -6.865 -8.001 -8.758 -8.976
0.01471 0.00000 7.31175 11.4976100922 2.6272068024   11.499  4.448  3.5817  0.330    6  0.000  0.393     0.00     0.00     0.00     0.00     0.00 -1    -1e-30      0.00 6.854e-01 2.997e-01 1.683e-03 2.469e-03 5.702e-03 -1.000 1.483e-02 -6.349 -1.047 -3.329 -5.053 -6.018 -6.863 -8.008 -8.769 -8.990
0.01471 0.00000 7.31175 11.4990091324 2.6272077560   11.500  4.453  3.5808  0.321    6  0.000  0.393     0.00     0.00     0.00     0.00     0.00 -1    -1e-30      0.00 6.854e-01 2.997e-01 1.683e-03 2.470e-03 5.702e-03 -1.000 1.483e-02 -6.362 -1.034 -3.322 -5.050 -6.020 -6.873 -8.023 -8.787 -9.009
0.01471 0.00000 7.31175 11.5153017044 2.6272201538   11.517  4.484  3.5762  0.272    6  0.000  0.393     0.00     0.00     0.00     0.00     0.00 -1    -1e-30      0.00 6.854e-01 2.997e-01 1.683e-03 2.470e-03 5.702e-03 -1.000 1.483e-02 -6.440 -0.995 -3.294 -5.034 -6.031 -6.934 -8.112 -8.888 -9.117
0.01471 0.00000 7.31175 11.5225439072 2.6272256374   11.524  4.524  3.5709  0.212    6  0.000  0.393     0.00     0.00     0.00     0.00     0.00 -1    -1e-30      0.00 6.854e-01 2.997e-01 1.683e-03 2.470e-03 5.702e-03 -1.000 1.483e-02 -6.539 -0.958 -3.266 -5.019 -6.049 -7.012 -8.224 -9.013 -9.251
0.01471 0.00000 7.31175 11.5231380463 2.6272261143   11.524  4.553  3.5674  0.168    7  0.000  0.393     0.00     0.00     0.00     0.00     0.00 -1    -1e-30      0.00 6.854e-01 2.997e-01 1.683e-03 2.470e-03 5.702e-03 -1.000 1.483e-02 -6.614 -0.946 -3.246 -5.004 -6.060 -7.071 -8.308 -9.106 -9.349
0.01471 0.00000 7.31175 11.5259075165 2.6272282600   11.527  4.593  3.5627  0.110    7  0.000  0.393     0.00     0.00     0.00     0.00     0.00 -1    -1e-30      0.00 6.854e-01 2.997e-01 1.681e-03 2.471e-03 5.702e-03 -1.000 1.483e-02 -6.712 -0.933 -3.217 -4.978 -6.069 -7.147 -8.419 -9.227 -9.478
0.01471 0.00000 7.31175 11.5268974304 2.6272289753   11.528  4.618  3.5598  0.073    7  0.000  0.392     0.00     0.00     0.00     0.00     0.00 -1    -1e-30      0.00 6.854e-01 2.997e-01 1.678e-03 2.476e-03 5.702e-03 -1.000 1.483e-02 -6.776 -0.927 -3.199 -4.962 -6.076 -7.196 -8.491 -9.305 -9.561
0.01471 0.00000 7.31175 11.5277147293 2.6272296906   11.529  4.639  3.5575  0.043    7  0.000  0.392     0.00     0.00     0.00     0.00     0.00 -1    -1e-30      0.00 6.854e-01 2.997e-01 1.676e-03 2.478e-03 5.701e-03 -1.000 1.483e-02 -6.827 -0.923 -3.177 -4.935 -6.072 -7.232 -8.549 -9.368 -9.628
0.01471 0.00000 7.31175 11.5287351608 2.6272304058   11.530  4.670  3.5539 -0.003    7  0.000  0.391     0.00     0.00     0.00     0.00     0.00 -1    -1e-30      0.00 6.854e-01 2.998e-01 1.671e-03 2.484e-03 5.700e-03 -1.000 1.482e-02 -6.906 -0.918 -3.140 -4.891 -6.064 -7.287 -8.639 -9.465 -9.731
0.01471 0.00000 7.31175 11.5299062729 2.6272313595   11.531  4.704  3.5500 -0.052    7  0.000  0.390     0.00     0.00     0.00     0.00     0.00 -1    -1e-30      0.00 6.854e-01 2.998e-01 1.665e-03 2.492e-03 5.699e-03 -1.000 1.483e-02 -6.989 -0.912 -3.096 -4.840 -6.053 -7.346 -8.735 -9.569 -9.841
0.01471 0.00000 7.31175 11.5313072205 2.6272323132   11.533  4.740  3.5458 -0.105    7  0.000  0.388     0.00     0.00     0.00     0.00     0.00 -1    -1e-30      0.00 6.854e-01 2.998e-01 1.659e-03 2.500e-03 5.698e-03 -1.000 1.483e-02 -7.080 -0.907 -3.024 -4.751 -6.021 -7.397 -8.840 -9.681 -9.960
0.01471 0.00000 7.31175 11.5330209732 2.6272335052   11.534  4.778  3.5415 -0.160    7  0.000  0.387     0.00     0.00     0.00     0.00     0.00 -1    -1e-30      0.00 6.853e-01 2.998e-01 1.653e-03 2.510e-03 5.695e-03 -1.000 1.486e-02 -7.175 -0.906 -2.954 -4.663 -5.991 -7.453 -8.949 -9.797 -10.084
0.01471 0.00000 7.31175 11.5346498489 2.6272349358   11.536  4.810  3.5379 -0.206    7  0.000  0.386     0.00     0.00     0.00     0.00     0.00 -1    -1e-30      0.00 6.850e-01 3.002e-01 1.649e-03 2.519e-03 5.690e-03 -1.000 1.486e-02 -7.254 -0.904 -2.882 -4.572 -5.957 -7.490 -9.039 -9.893 -10.187
0.01471 0.00000 7.31175 11.5380830765 2.6272373199   11.539  4.854  3.5329 -0.270    7  0.000  0.386     0.00     0.00     0.00     0.00     0.00 -1    -1e-30      0.00 6.834e-01 3.017e-01 1.642e-03 2.546e-03 5.670e-03 -1.000 1.484e-02 -7.365 -0.903 -2.766 -4.426 -5.899 -7.533 -9.168 -10.028 -10.331
0.01471 0.00000 7.31175 11.5491294861 2.6272456646   11.550  4.903  3.5279 -0.339    7  0.000  0.386     0.00     0.00     0.00     0.00     0.00 -1    -1e-30      0.00 6.726e-01 3.126e-01 1.614e-03 2.668e-03 5.571e-03 -1.000 1.481e-02 -7.488 -0.908 -2.638 -4.265 -5.839 -7.573 -9.310 -10.175 -10.489
0.01471 0.00000 7.31175 11.5623159409 2.6272556782   11.563  4.907  3.5288 -0.339    7  0.000  0.387     0.00     0.00     0.00     0.00     0.00 -1    -1e-30      0.00 6.514e-01 3.338e-01 1.567e-03 2.876e-03 5.400e-03 -1.000 1.477e-02 -7.497 -0.930 -2.693 -4.330 -5.884 -7.602 -9.316 -10.181 -10.492
