Zini     MH   logAge Mini        int_IMF         Mass   logL    logTe  logg  label   McoreTP C_O  period0  period1  period2  period3  period4  pmode  Mloss  tau1m   X   Y   Xc  Xn  Xo  Cexcess  Z 	 mbolmag  Umag    Bmag    Vmag    Rmag    Imag    Jmag    Hmag    Kmag
0.01471 0.00000 7.26717 0.0900000036 1.0816895962    0.090 -2.244  3.4028  4.199    0  0.000  0.545     0.00     0.00     0.00     0.00     0.00 -1 -1.92e-15      0.00 7.107e-01 2.745e-01 2.655e-03 7.163e-04 6.496e-03 -1.000 1.476e-02 10.379 17.953 16.333 14.808 12.919 10.800 8.331 7.749 7.376
0.01471 0.00000 7.26717 0.0915055424 1.0959571600    0.092 -2.233  3.4039  4.200    0  0.000  0.545     0.00     0.00     0.00     0.00     0.00 -1 -1.95e-15      0.00 7.107e-01 2.745e-01 2.655e-03 7.163e-04 6.496e-03 -1.000 1.476e-02 10.353 17.930 16.308 14.783 12.894 10.774 8.305 7.724 7.350
0.01471 0.00000 7.26717 0.1000000015 1.1711064577    0.100 -2.176  3.4100  4.206    0  0.000  0.545     0.00     0.00     0.00     0.00     0.00 -1 -2.12e-15      0.00 7.107e-01 2.745e-01 2.655e-03 7.163e-04 6.496e-03 -1.000 1.476e-02 10.210 17.795 16.168 14.642 12.751 10.631 8.162 7.580 7.207
0.01471 0.00000 7.26717 0.1053265035 1.2141202688    0.105 -2.143  3.4135  4.209    0  0.000  0.545     0.00     0.00     0.00     0.00     0.00 -1 -2.22e-15      0.00 7.107e-01 2.745e-01 2.655e-03 7.163e-04 6.496e-03 -1.000 1.476e-02 10.128 17.718 16.088 14.561 12.670 10.549 8.079 7.497 7.125
0.01471 0.00000 7.26717 0.1200000048 1.3193155527    0.120 -2.058  3.4224  4.217    0  0.000  0.545     0.00     0.00     0.00     0.00     0.00 -1  -2.5e-15      0.00 7.107e-01 2.745e-01 2.655e-03 7.163e-04 6.496e-03 -1.000 1.476e-02 9.915 17.311 15.717 14.192 12.349 10.267 7.877 7.293 6.925
0.01471 0.00000 7.26717 0.1400000006 1.4384527206    0.140 -1.957  3.4333  4.226    0  0.000  0.545     0.00     0.00     0.00     0.00     0.00 -1  -2.9e-15      0.00 7.107e-01 2.745e-01 2.655e-03 7.163e-04 6.496e-03 -1.000 1.476e-02 9.662 16.628 15.115 13.604 11.866 9.866 7.645 7.058 6.700
0.01471 0.00000 7.26717 0.1688677222 1.5761119127    0.169 -1.834  3.4472  4.240    0  0.000  0.545     0.00     0.00     0.00     0.00     0.00 -1 -3.44e-15      0.00 7.107e-01 2.745e-01 2.655e-03 7.163e-04 6.496e-03 -1.000 1.476e-02 9.355 15.830 14.401 12.922 11.302 9.397 7.363 6.772 6.430
0.01471 0.00000 7.26717 0.1838522702 1.6360322237    0.184 -1.779  3.4531  4.246    0  0.000  0.545     0.00     0.00     0.00     0.00     0.00 -1 -3.71e-15      0.00 7.107e-01 2.745e-01 2.655e-03 7.163e-04 6.496e-03 -1.000 1.476e-02 9.217 15.494 14.097 12.626 11.056 9.196 7.236 6.643 6.309
0.01471 0.00000 7.26717 0.1922578365 1.6669325829    0.192 -1.751  3.4563  4.250    0  0.000  0.545     0.00     0.00     0.00     0.00     0.00 -1 -3.84e-15      0.00 7.107e-01 2.745e-01 2.655e-03 7.163e-04 6.496e-03 -1.000 1.476e-02 9.146 15.323 13.941 12.473 10.928 9.093 7.173 6.578 6.248
0.01471 0.00000 7.26717 0.2013178170 1.6983307600    0.201 -1.720  3.4596  4.252    0  0.000  0.545     0.00     0.00     0.00     0.00     0.00 -1 -4.04e-15      0.00 7.107e-01 2.745e-01 2.655e-03 7.163e-04 6.496e-03 -1.000 1.476e-02 9.070 15.141 13.775 12.310 10.792 8.983 7.103 6.507 6.181
0.01471 0.00000 7.26717 0.2189499289 1.7544744015    0.219 -1.666  3.4653  4.257    0  0.000  0.545     0.00     0.00     0.00     0.00     0.00 -1 -4.37e-15      0.00 7.107e-01 2.745e-01 2.655e-03 7.163e-04 6.496e-03 -1.000 1.476e-02 8.934 14.844 13.499 12.043 10.567 8.798 6.978 6.379 6.061
0.01471 0.00000 7.26717 0.2381746918 1.8093523979    0.238 -1.611  3.4712  4.263    0  0.000  0.545     0.00     0.00     0.00     0.00     0.00 -1 -4.72e-15      0.00 7.107e-01 2.745e-01 2.655e-03 7.163e-04 6.496e-03 -1.000 1.476e-02 8.798 14.547 13.224 11.777 10.342 8.613 6.854 6.251 5.940
0.01471 0.00000 7.26717 0.2553034127 1.8536046743    0.255 -1.567  3.4760  4.268    0  0.000  0.545     0.00     0.00     0.00     0.00     0.00 -1 -5.01e-15      0.00 7.107e-01 2.745e-01 2.655e-03 7.163e-04 6.496e-03 -1.000 1.476e-02 8.687 14.313 13.004 11.562 10.160 8.465 6.753 6.147 5.843
0.01471 0.00000 7.26717 0.2828966379 1.9173346758    0.283 -1.501  3.4833  4.275    0  0.000  0.545     0.00     0.00     0.00     0.00     0.00 -1  -5.5e-15      0.00 7.107e-01 2.745e-01 2.655e-03 7.163e-04 6.496e-03 -1.000 1.476e-02 8.522 13.970 12.677 11.239 9.883 8.246 6.604 5.993 5.698
0.01471 0.00000 7.26717 0.3018357158 1.9565757513    0.302 -1.460  3.4880  4.281    0  0.000  0.545     0.00     0.00     0.00     0.00     0.00 -1 -5.81e-15      0.00 7.107e-01 2.745e-01 2.655e-03 7.163e-04 6.496e-03 -1.000 1.476e-02 8.419 13.761 12.475 11.035 9.707 8.111 6.514 5.898 5.609
0.01471 0.00000 7.26717 0.3417972624 2.0297648907    0.342 -1.381  3.4964  4.290    0  0.000  0.545     0.00     0.00     0.00     0.00     0.00 -1 -6.48e-15      0.00 7.107e-01 2.745e-01 2.655e-03 7.163e-04 6.496e-03 -1.000 1.476e-02 8.222 13.390 12.114 10.685 9.404 7.865 6.336 5.711 5.433
0.01471 0.00000 7.26717 0.3500000238 2.0434176922    0.350 -1.366  3.4980  4.292    0  0.000  0.545     0.00     0.00     0.00     0.00     0.00 -1 -6.62e-15      0.00 7.107e-01 2.745e-01 2.655e-03 7.163e-04 6.496e-03 -1.000 1.476e-02 8.184 13.318 12.045 10.619 9.347 7.818 6.302 5.675 5.399
0.01471 0.00000 7.26717 0.3762652874 2.0844795704    0.376 -1.322  3.5029  4.299    0  0.000  0.545     0.00     0.00     0.00     0.00     0.00 -1 -7.01e-15      0.00 7.107e-01 2.745e-01 2.655e-03 7.163e-04 6.496e-03 -1.000 1.476e-02 8.074 13.116 11.846 10.429 9.182 7.682 6.202 5.570 5.300
0.01471 0.00000 7.26717 0.4000000358 2.1185026169    0.400 -1.283  3.5071  4.304    0  0.000  0.545     0.00     0.00     0.00     0.00     0.00 -1 -7.39e-15      0.00 7.107e-01 2.745e-01 2.655e-03 7.163e-04 6.496e-03 -1.000 1.476e-02 7.978 12.944 11.676 10.266 9.041 7.565 6.116 5.479 5.214
0.01471 0.00000 7.26717 0.4500000179 2.1822810173    0.450 -1.209  3.5158  4.315    0  0.000  0.545     0.00     0.00     0.00     0.00     0.00 -1 -8.15e-15      0.00 7.107e-01 2.745e-01 2.655e-03 7.163e-04 6.496e-03 -1.000 1.476e-02 7.792 12.612 11.344 9.945 8.761 7.339 5.950 5.302 5.047
0.01471 0.00000 7.26717 0.4887238145 2.2256567478    0.489 -1.156  3.5224  4.325    0  0.000  0.545     0.00     0.00     0.00     0.00     0.00 -1 -8.73e-15      0.00 7.107e-01 2.745e-01 2.655e-03 7.163e-04 6.496e-03 -1.000 1.476e-02 7.661 12.382 11.109 9.715 8.561 7.180 5.835 5.180 4.931
0.01471 0.00000 7.26717 0.5000000000 2.2374541759    0.500 -1.141  3.5242  4.327    0  0.000  0.545     0.00     0.00     0.00     0.00     0.00 -1 -8.92e-15      0.00 7.107e-01 2.745e-01 2.655e-03 7.163e-04 6.496e-03 -1.000 1.476e-02 7.623 12.319 11.043 9.651 8.504 7.135 5.802 5.145 4.897
0.01471 0.00000 7.26717 0.5059441328 2.2434990406    0.506 -1.134  3.5253  4.329    0  0.000  0.545     0.00     0.00     0.00     0.00     0.00 -1 -8.99e-15      0.00 7.107e-01 2.745e-01 2.655e-03 7.163e-04 6.496e-03 -1.000 1.476e-02 7.605 12.286 11.009 9.617 8.475 7.113 5.787 5.128 4.882
0.01471 0.00000 7.26717 0.5326679945 2.2687699795    0.532 -1.099  3.5298  4.334    0  0.000  0.545     0.00     0.00     0.00     0.00     0.00 -1 -9.45e-15      0.00 7.107e-01 2.745e-01 2.655e-03 7.163e-04 6.496e-03 -1.000 1.476e-02 7.517 12.134 10.852 9.463 8.340 7.007 5.711 5.047 4.804
0.01471 0.00000 7.26717 0.5500000119 2.2836582661    0.550 -1.076  3.5324  4.336    0  0.000  0.545     0.00     0.00     0.00     0.00     0.00 -1 -9.77e-15      0.00 7.107e-01 2.745e-01 2.655e-03 7.163e-04 6.496e-03 -1.000 1.476e-02 7.461 12.044 10.758 9.371 8.259 6.942 5.662 4.995 4.755
0.01471 0.00000 7.26717 0.5826070309 2.3089270592    0.582 -1.036  3.5380  4.343    0  0.000  0.545     0.00     0.00     0.00     0.00     0.00 -1 -1.03e-14      0.00 7.107e-01 2.745e-01 2.655e-03 7.163e-04 6.496e-03 -1.000 1.476e-02 7.359 11.870 10.574 9.192 8.103 6.822 5.574 4.901 4.667
0.01471 0.00000 7.26717 0.6000000238 2.3211214542    0.600 -1.013  3.5408  4.344    0  0.000  0.545     0.00     0.00     0.00     0.00     0.00 -1 -1.07e-14      0.00 7.107e-01 2.745e-01 2.655e-03 7.163e-04 6.496e-03 -1.000 1.476e-02 7.302 11.778 10.477 9.097 8.018 6.755 5.524 4.848 4.617
0.01471 0.00000 7.26717 0.6125712395 2.3294410706    0.612 -0.998  3.5433  4.348    0  0.000  0.545     0.00     0.00     0.00     0.00     0.00 -1 -1.09e-14      0.00 7.107e-01 2.745e-01 2.655e-03 7.163e-04 6.496e-03 -1.000 1.476e-02 7.264 11.712 10.406 9.027 7.957 6.710 5.494 4.815 4.586
0.01471 0.00000 7.26717 0.6499999762 2.3520355225    0.650 -0.948  3.5506  4.354    0  0.000  0.545     0.00     0.00     0.00     0.00     0.00 -1 -1.18e-14      0.00 7.107e-01 2.745e-01 2.655e-03 7.163e-04 6.496e-03 -1.000 1.476e-02 7.141 11.505 10.183 8.807 7.763 6.566 5.390 4.704 4.482
0.01471 0.00000 7.26717 0.6614636183 2.3583700657    0.661 -0.932  3.5534  4.357    0  0.000  0.545     0.00     0.00     0.00     0.00     0.00 -1 -1.21e-14      0.00 7.107e-01 2.745e-01 2.655e-03 7.163e-04 6.496e-03 -1.000 1.476e-02 7.101 11.434 10.105 8.729 7.694 6.518 5.357 4.669 4.449
0.01471 0.00000 7.26717 0.7000000477 2.3779268265    0.700 -0.873  3.5629  4.360    0  0.000  0.545     0.00     0.00     0.00     0.00     0.00 -1 -1.35e-14      0.00 7.107e-01 2.745e-01 2.655e-03 7.163e-04 6.496e-03 -1.000 1.476e-02 6.952 11.187 9.832 8.458 7.453 6.346 5.235 4.537 4.328
0.01471 0.00000 7.26717 0.7500000000 2.3998889923    0.750 -0.697  3.6248  4.461    0  0.000  0.538     0.00     0.00     0.00     0.00     0.00 -1 -1.73e-14      0.00 7.107e-01 2.745e-01 2.620e-03 7.153e-04 6.497e-03 -1.000 1.476e-02 6.513 10.096 8.639 7.374 6.522 5.819 4.950 4.249 4.125
0.01471 0.00000 7.26717 0.8000000119 2.4187245369    0.800 -0.630  3.6328  4.454    0  0.000  0.538     0.00     0.00     0.00     0.00     0.00 -1 -1.98e-14      0.00 7.107e-01 2.745e-01 2.620e-03 7.153e-04 6.497e-03 -1.000 1.476e-02 6.344 9.806 8.360 7.130 6.302 5.645 4.801 4.109 3.997
0.01471 0.00000 7.26717 0.8402651548 2.4320340157    0.840 -0.568  3.6412  4.446    0  0.000  0.538     0.00     0.00     0.00     0.00     0.00 -1 -2.23e-14      0.00 7.107e-01 2.745e-01 2.620e-03 7.153e-04 6.497e-03 -1.000 1.476e-02 6.189 9.496 8.089 6.897 6.096 5.485 4.669 3.988 3.887
0.01471 0.00000 7.26717 0.8500000238 2.4350347519    0.850 -0.549  3.6438  4.443    0  0.000  0.538     0.00     0.00     0.00     0.00     0.00 -1 -2.32e-14      0.00 7.107e-01 2.745e-01 2.620e-03 7.153e-04 6.497e-03 -1.000 1.476e-02 6.142 9.393 8.007 6.827 6.035 5.437 4.630 3.955 3.857
0.01471 0.00000 7.26717 0.8850355744 2.4452095032    0.884 -0.481  3.6540  4.433    0  0.000  0.538     0.00     0.00     0.00     0.00     0.00 -1 -2.68e-14      0.00 7.107e-01 2.745e-01 2.620e-03 7.153e-04 6.497e-03 -1.000 1.476e-02 5.972 8.984 7.696 6.565 5.811 5.258 4.489 3.844 3.753
0.01471 0.00000 7.26717 0.8999999762 2.4492788315    0.899 -0.449  3.6589  4.429    0  0.000  0.538     0.00     0.00     0.00     0.00     0.00 -1 -2.87e-14      0.00 7.107e-01 2.745e-01 2.620e-03 7.153e-04 6.497e-03 -1.000 1.476e-02 5.893 8.782 7.551 6.444 5.710 5.175 4.425 3.797 3.708
0.01471 0.00000 7.26717 0.9266029000 2.4561409950    0.926 -0.394  3.6680  4.422    0  0.000  0.538     0.00     0.00     0.00     0.00     0.00 -1 -3.24e-14      0.00 7.107e-01 2.745e-01 2.619e-03 7.153e-04 6.497e-03 -1.000 1.476e-02 5.755 8.430 7.296 6.235 5.537 5.030 4.313 3.714 3.631
0.01471 0.00000 7.26717 0.9499999881 2.4618122578    0.950 -0.340  3.6770  4.415    0  0.000  0.538     0.00     0.00     0.00     0.00     0.00 -1 -3.65e-14      0.00 7.107e-01 2.745e-01 2.619e-03 7.153e-04 6.497e-03 -1.000 1.476e-02 5.620 8.080 7.051 6.033 5.372 4.890 4.206 3.639 3.560
0.01471 0.00000 7.26717 0.9570325017 2.4634547234    0.957 -0.324  3.6797  4.413    0  0.000  0.538     0.00     0.00     0.00     0.00     0.00 -1 -3.78e-14      0.00 7.107e-01 2.745e-01 2.619e-03 7.153e-04 6.497e-03 -1.000 1.476e-02 5.579 7.975 6.977 5.973 5.323 4.848 4.174 3.617 3.539
0.01471 0.00000 7.26717 0.9918741584 2.4711985588    0.992 -0.237  3.6944  4.401    0  0.000  0.538     0.00     0.00     0.00     0.00     0.00 -1 -4.59e-14      0.00 7.107e-01 2.745e-01 2.619e-03 7.153e-04 6.497e-03 -1.000 1.476e-02 5.362 7.455 6.606 5.667 5.072 4.629 4.004 3.491 3.421
0.01471 0.00000 7.26717 1.0000000000 2.4729156494    1.000 -0.216  3.6980  4.398    0  0.000  0.538     0.00     0.00     0.00     0.00     0.00 -1 -4.82e-14      0.00 7.107e-01 2.745e-01 2.619e-03 7.153e-04 6.497e-03 -1.000 1.476e-02 5.309 7.328 6.518 5.594 5.012 4.576 3.964 3.461 3.393
0.01471 0.00000 7.26717 1.0127631426 2.4755485058    1.013 -0.183  3.7035  4.392    0  0.000  0.538     0.00     0.00     0.00     0.00     0.00 -1  -5.1e-14      0.00 7.107e-01 2.745e-01 2.619e-03 7.153e-04 6.497e-03 -1.000 1.476e-02 5.227 7.137 6.384 5.483 4.919 4.494 3.900 3.415 3.349
0.01471 0.00000 7.26717 1.0393522978 2.4807958603    1.039 -0.110  3.7155  4.379    0  0.000  0.538     0.00     0.00     0.00     0.00     0.00 -1 -5.81e-14      0.00 7.107e-01 2.745e-01 2.619e-03 7.153e-04 6.497e-03 -1.000 1.476e-02 5.046 6.731 6.099 5.245 4.720 4.317 3.762 3.311 3.250
0.01471 0.00000 7.26717 1.0499999523 2.4828116894    1.050 -0.080  3.7204  4.373    0  0.000  0.538     0.00     0.00     0.00     0.00     0.00 -1 -6.15e-14      0.00 7.107e-01 2.745e-01 2.619e-03 7.153e-04 6.497e-03 -1.000 1.476e-02 4.970 6.566 5.982 5.148 4.638 4.243 3.705 3.267 3.208
0.01471 0.00000 7.26717 1.0618251562 2.4849958420    1.061 -0.046  3.7258  4.365    0  0.000  0.538     0.00     0.00     0.00     0.00     0.00 -1 -6.54e-14      0.00 7.107e-01 2.745e-01 2.619e-03 7.153e-04 6.497e-03 -1.000 1.476e-02 4.884 6.388 5.856 5.042 4.547 4.161 3.639 3.216 3.159
0.01471 0.00000 7.26717 1.0845975876 2.4890484810    1.084  0.023  3.7365  4.348    0  0.000  0.538     0.00     0.00     0.00     0.00     0.00 -1 -7.46e-14      0.00 7.107e-01 2.745e-01 2.619e-03 7.153e-04 6.497e-03 -1.000 1.476e-02 4.712 6.040 5.604 4.832 4.366 3.998 3.510 3.114 3.062
0.01471 0.00000 7.26717 1.1000000238 2.4916803837    1.099  0.072  3.7438  4.335    0  0.000  0.538     0.00     0.00     0.00     0.00     0.00 -1  -8.2e-14      0.00 7.107e-01 2.745e-01 2.619e-03 7.153e-04 6.497e-03 -1.000 1.476e-02 4.591 5.798 5.430 4.688 4.243 3.886 3.420 3.042 2.993
0.01471 0.00000 7.26717 1.1147724390 2.4941260815    1.114  0.120  3.7508  4.320    0  0.000  0.538     0.00     0.00     0.00     0.00     0.00 -1 -9.01e-14      0.00 7.107e-01 2.745e-01 2.619e-03 7.153e-04 6.497e-03 -1.000 1.476e-02 4.471 5.563 5.263 4.549 4.123 3.777 3.330 2.969 2.923
0.01471 0.00000 7.26717 1.1379439831 2.4978156090    1.137  0.198  3.7618  4.295    0  0.000  0.538     0.00     0.00     0.00     0.00     0.00 -1 -1.06e-13      0.00 7.107e-01 2.745e-01 2.619e-03 7.153e-04 6.497e-03 -1.000 1.476e-02 4.275 5.204 4.996 4.328 3.930 3.602 3.185 2.849 2.807
0.01471 0.00000 7.26717 1.1499999762 2.4996678829    1.149  0.239  3.7676  4.281    0  0.000  0.538     0.00     0.00     0.00     0.00     0.00 -1 -1.15e-13      0.00 7.107e-01 2.745e-01 2.619e-03 7.153e-04 6.497e-03 -1.000 1.476e-02 4.172 5.024 4.857 4.213 3.830 3.511 3.109 2.786 2.748
0.01471 0.00000 7.26717 1.1640653610 2.5017731190    1.163  0.287  3.7742  4.265    0  0.000  0.538     0.00     0.00     0.00     0.00     0.00 -1 -1.27e-13      0.00 7.107e-01 2.745e-01 2.619e-03 7.153e-04 6.496e-03 -1.000 1.476e-02 4.051 4.818 4.695 4.081 3.714 3.406 3.022 2.713 2.678
0.01471 0.00000 7.26717 1.1894744635 2.5054316521    1.189  0.365  3.7858  4.244    0  0.000  0.538     0.00     0.00     0.00     0.00     0.00 -1 -1.46e-13      0.00 7.107e-01 2.745e-01 2.619e-03 7.153e-04 6.496e-03 -1.000 1.476e-02 3.858 4.495 4.435 3.871 3.531 3.242 2.887 2.603 2.572
0.01471 0.00000 7.26717 1.2000000477 2.5068950653    1.200  0.393  3.7905  4.238    0  0.000  0.538     0.00     0.00     0.00     0.00     0.00 -1 -1.54e-13      0.00 7.107e-01 2.745e-01 2.619e-03 7.152e-04 6.496e-03 -1.000 1.476e-02 3.787 4.377 4.339 3.795 3.465 3.183 2.840 2.565 2.537
0.01471 0.00000 7.26717 1.2057487965 2.5076818466    1.205  0.409  3.7931  4.235    0  0.000  0.538     0.00     0.00     0.00     0.00     0.00 -1 -1.58e-13      0.00 7.107e-01 2.745e-01 2.619e-03 7.152e-04 6.496e-03 -1.000 1.476e-02 3.748 4.314 4.286 3.753 3.429 3.152 2.814 2.545 2.518
0.01471 0.00000 7.26717 1.2154697180 2.5089929104    1.215  0.421  3.7964  4.239    0  0.000  0.538     0.00     0.00     0.00     0.00     0.00 -1 -1.58e-13      0.00 7.107e-01 2.745e-01 2.619e-03 7.152e-04 6.496e-03 -1.000 1.476e-02 3.716 4.253 4.237 3.718 3.402 3.129 2.800 2.537 2.511
0.01471 0.00000 7.26717 1.2500000000 2.5134611130    1.250  0.448  3.8068  4.266    0  0.000  0.538     0.00     0.00     0.00     0.00     0.00 -1  -1.5e-13      0.00 7.107e-01 2.745e-01 2.619e-03 7.152e-04 6.496e-03 -1.000 1.476e-02 3.650 4.101 4.120 3.644 3.349 3.093 2.789 2.546 2.524
0.01471 0.00000 7.26717 1.2590487003 2.5145857334    1.259  0.453  3.8097  4.276    0  0.000  0.538     0.00     0.00     0.00     0.00     0.00 -1 -1.47e-13      0.00 7.107e-01 2.745e-01 2.619e-03 7.152e-04 6.496e-03 -1.000 1.476e-02 3.637 4.067 4.095 3.629 3.341 3.089 2.791 2.553 2.532
0.01471 0.00000 7.26717 1.2848185301 2.5176882744    1.285  0.442  3.8136  4.311    0  0.000  0.538     0.00     0.00     0.00     0.00     0.00 -1 -1.28e-13      0.00 7.107e-01 2.745e-01 2.619e-03 7.152e-04 6.496e-03 -1.000 1.476e-02 3.666 4.069 4.108 3.656 3.376 3.130 2.840 2.610 2.590
0.01471 0.00000 7.26717 1.2999999523 2.5194499493    1.300  0.433  3.8145  4.329    0  0.000  0.538     0.00     0.00     0.00     0.00     0.00 -1 -1.18e-13      0.00 7.108e-01 2.745e-01 2.619e-03 7.152e-04 6.496e-03 -1.000 1.473e-02 3.688 4.085 4.127 3.678 3.399 3.155 2.868 2.639 2.620
0.01471 0.00000 7.26717 1.3148142099 2.5211241245    1.315  0.429  3.8152  4.341    0  0.000  0.538     0.00     0.00     0.00     0.00     0.00 -1  -1.1e-13      0.00 7.108e-01 2.745e-01 2.619e-03 7.152e-04 6.495e-03 -1.000 1.472e-02 3.699 4.092 4.135 3.689 3.411 3.167 2.882 2.654 2.635
0.01471 0.00000 7.26717 1.3482499123 2.5247476101    1.348  0.440  3.8171  4.348    0  0.000  0.538     0.00     0.00     0.00     0.00     0.00 -1 -1.01e-13      0.00 7.108e-01 2.744e-01 2.619e-03 7.151e-04 6.495e-03 -1.000 1.476e-02 3.670 4.053 4.099 3.659 3.385 3.144 2.863 2.639 2.620
0.01471 0.00000 7.26717 1.3499999046 2.5249314308    1.350  0.443  3.8174  4.347    0  0.000  0.538     0.00     0.00     0.00     0.00     0.00 -1 -1.01e-13      0.00 7.108e-01 2.744e-01 2.619e-03 7.151e-04 6.495e-03 -1.000 1.476e-02 3.663 4.044 4.091 3.652 3.378 3.138 2.857 2.634 2.615
0.01471 0.00000 7.26717 1.3999999762 2.5299651623    1.400  0.527  3.8259  4.313    0  0.000  0.538     0.00     0.00     0.00     0.00     0.00 -1 -1.07e-13      0.00 7.108e-01 2.744e-01 2.619e-03 7.151e-04 6.495e-03 -1.000 1.474e-02 3.453 3.793 3.843 3.434 3.177 2.951 2.691 2.485 2.468
0.01471 0.00000 7.26717 1.4306746721 2.5328538418    1.431  0.580  3.8322  4.295    0  0.000  0.538     0.00     0.00     0.00     0.00     0.00 -1 -1.08e-13      0.00 7.108e-01 2.744e-01 2.619e-03 7.151e-04 6.495e-03 -1.000 1.476e-02 3.321 3.636 3.686 3.299 3.053 2.838 2.592 2.398 2.382
0.01471 0.00000 7.26717 1.4500000477 2.5346016884    1.450  0.613  3.8365  4.285    0  0.000  0.538     0.00     0.00     0.00     0.00     0.00 -1  -1.1e-13      0.00 7.108e-01 2.744e-01 2.619e-03 7.151e-04 6.495e-03 -1.000 1.476e-02 3.237 3.538 3.585 3.212 2.975 2.768 2.532 2.347 2.331
0.01471 0.00000 7.26717 1.4944813251 2.5384280682    1.495  0.696  3.8509  4.272    0  0.000  0.538     0.00     0.00     0.00     0.00     0.00 -1 -1.09e-13      0.00 7.108e-01 2.744e-01 2.619e-03 7.150e-04 6.495e-03 -1.000 1.476e-02 3.031 3.289 3.328 2.997 2.789 2.606 2.402 2.245 2.231
0.01471 0.00000 7.26717 1.5000000000 2.5388846397    1.500  0.706  3.8531  4.272    0  0.000  0.538     0.00     0.00     0.00     0.00     0.00 -1 -1.09e-13      0.00 7.108e-01 2.744e-01 2.619e-03 7.150e-04 6.494e-03 -1.000 1.476e-02 3.004 3.257 3.294 2.970 2.766 2.586 2.387 2.234 2.221
0.01471 0.00000 7.26717 1.5017367601 2.5390274525    1.502  0.710  3.8539  4.272    0  0.000  0.538     0.00     0.00     0.00     0.00     0.00 -1 -1.08e-13      0.00 7.108e-01 2.744e-01 2.619e-03 7.150e-04 6.494e-03 -1.000 1.476e-02 2.996 3.247 3.283 2.961 2.758 2.581 2.383 2.231 2.219
0.01471 0.00000 7.26717 1.5500000715 2.5428512096    1.550  0.784  3.8736  4.290    0  0.000  0.538     0.00     0.00     0.00     0.00     0.00 -1 -9.44e-14      0.00 7.108e-01 2.744e-01 2.618e-03 7.150e-04 6.494e-03 -1.000 1.476e-02 2.809 3.021 3.038 2.768 2.604 2.461 2.306 2.190 2.179
0.01471 0.00000 7.26717 1.6000000238 2.5465342999    1.600  0.844  3.8905  4.312    0  0.000  0.538     0.00     0.00     0.00     0.00     0.00 -1 -6.95e-14      0.00 7.109e-01 2.744e-01 2.618e-03 7.150e-04 6.494e-03 -1.000 1.476e-02 2.661 2.849 2.847 2.619 2.488 2.375 2.254 2.167 2.158
0.01471 0.00000 7.26717 1.6500000954 2.5499615669    1.649  0.895  3.9044  4.330    0  0.000  0.538     0.00     0.00     0.00     0.00     0.00 -1 -3.77e-14      0.00 7.109e-01 2.743e-01 2.618e-03 7.149e-04 6.493e-03 -1.000 1.476e-02 2.533 2.707 2.689 2.497 2.393 2.305 2.210 2.144 2.136
0.01471 0.00000 7.26717 1.6646312475 2.5509197712    1.664  0.906  3.9083  4.338    0  0.000  0.538     0.00     0.00     0.00     0.00     0.00 -1 -4.67e-19      0.00 7.109e-01 2.743e-01 2.618e-03 7.149e-04 6.493e-03 -1.000 1.476e-02 2.504 2.674 2.652 2.470 2.373 2.292 2.204 2.144 2.136
0.01471 0.00000 7.26717 1.7000000477 2.5531582832    1.699  0.946  3.9168  4.342    0  0.000  0.538     0.00     0.00     0.00     0.00     0.00 -1    -1e-30      0.00 7.109e-01 2.744e-01 2.618e-03 7.149e-04 6.493e-03 -1.000 1.476e-02 2.406 2.569 2.539 2.379 2.299 2.231 2.158 2.109 2.102
0.01471 0.00000 7.26717 1.7500000000 2.5561456680    1.749  0.999  3.9282  4.346    0  0.000  0.538     0.00     0.00     0.00     0.00     0.00 -1    -1e-30      0.00 7.109e-01 2.744e-01 2.618e-03 7.149e-04 6.493e-03 -1.000 1.476e-02 2.272 2.426 2.389 2.260 2.201 2.151 2.097 2.062 2.056
0.01471 0.00000 7.26717 1.7999999523 2.5589430332    1.799  1.051  3.9390  4.350    0  0.000  0.538     0.00     0.00     0.00     0.00     0.00 -1    -1e-30      0.00 7.109e-01 2.743e-01 2.618e-03 7.149e-04 6.493e-03 -1.000 1.476e-02 2.143 2.289 2.252 2.152 2.110 2.074 2.038 2.013 2.008
0.01471 0.00000 7.26717 1.8499999046 2.5615673065    1.849  1.099  3.9490  4.354    0  0.000  0.538     0.00     0.00     0.00     0.00     0.00 -1    -1e-30      0.00 7.109e-01 2.743e-01 2.618e-03 7.149e-04 6.493e-03 -1.000 1.476e-02 2.022 2.160 2.134 2.057 2.028 2.005 1.983 1.967 1.964
0.01471 0.00000 7.26717 1.8999999762 2.5640332699    1.899  1.147  3.9587  4.357    0  0.000  0.538     0.00     0.00     0.00     0.00     0.00 -1    -1e-30      0.00 7.109e-01 2.743e-01 2.617e-03 7.148e-04 6.492e-03 -1.000 1.476e-02 1.903 2.035 2.025 1.967 1.950 1.937 1.928 1.920 1.918
0.01471 0.00000 7.26717 1.9500000477 2.5663545132    1.950  1.193  3.9681  4.359    0  0.000  0.538     0.00     0.00     0.00     0.00     0.00 -1    -1e-30      0.00 7.110e-01 2.743e-01 2.617e-03 7.148e-04 6.492e-03 -1.000 1.475e-02 1.787 1.916 1.923 1.884 1.876 1.872 1.875 1.874 1.874
0.01471 0.00000 7.26717 2.0000000000 2.5685424805    2.000  1.238  3.9769  4.361    0  0.000  0.538     0.00     0.00     0.00     0.00     0.00 -1    -1e-30      0.00 7.110e-01 2.743e-01 2.618e-03 7.147e-04 6.492e-03 -1.000 1.476e-02 1.676 1.804 1.831 1.807 1.807 1.810 1.825 1.828 1.830
0.01471 0.00000 7.26717 2.0499999523 2.5706083775    2.050  1.281  3.9853  4.362    0  0.000  0.538     0.00     0.00     0.00     0.00     0.00 -1    -1e-30      0.00 7.110e-01 2.742e-01 2.618e-03 7.147e-04 6.492e-03 -1.000 1.476e-02 1.569 1.699 1.746 1.736 1.741 1.751 1.776 1.783 1.787
0.01471 0.00000 7.26717 2.0999999046 2.5725615025    2.099  1.323  3.9933  4.362    0  0.000  0.538     0.00     0.00     0.00     0.00     0.00 -1    -1e-30      0.00 7.110e-01 2.742e-01 2.617e-03 7.147e-04 6.491e-03 -1.000 1.475e-02 1.463 1.597 1.664 1.666 1.677 1.693 1.726 1.737 1.744
0.01471 0.00000 7.26717 2.1500000954 2.5744106770    2.149  1.364  4.0012  4.363    0  0.000  0.538     0.00     0.00     0.00     0.00     0.00 -1    -1e-30      0.00 7.110e-01 2.742e-01 2.618e-03 7.147e-04 6.491e-03 -1.000 1.475e-02 1.361 1.498 1.586 1.600 1.615 1.636 1.679 1.693 1.701
0.01471 0.00000 7.26717 2.2000000477 2.5761635303    2.199  1.404  4.0087  4.363    0  0.000  0.538     0.00     0.00     0.00     0.00     0.00 -1    -1e-30      0.00 7.110e-01 2.742e-01 2.618e-03 7.146e-04 6.491e-03 -1.000 1.476e-02 1.260 1.402 1.511 1.535 1.555 1.580 1.631 1.648 1.659
0.01471 0.00000 7.26717 2.2500000000 2.5778269768    2.249  1.443  4.0162  4.364    0  0.000  0.538     0.00     0.00     0.00     0.00     0.00 -1    -1e-30      0.00 7.110e-01 2.742e-01 2.617e-03 7.146e-04 6.491e-03 -1.000 1.476e-02 1.163 1.310 1.442 1.475 1.498 1.527 1.586 1.606 1.618
0.01471 0.00000 7.26717 2.2999999523 2.5794074535    2.299  1.480  4.0232  4.364    1  0.000  0.538     0.00     0.00     0.00     0.00     0.00 -1    -1e-30      0.00 7.110e-01 2.742e-01 2.617e-03 7.146e-04 6.491e-03 -1.000 1.476e-02 1.069 1.221 1.374 1.415 1.441 1.474 1.540 1.563 1.577
0.01471 0.00000 7.26717 2.4000000954 2.5823426247    2.399  1.553  4.0364  4.362    0  0.000  0.538     0.00     0.00     0.00     0.00     0.00 -1    -1e-30      0.00 7.110e-01 2.742e-01 2.617e-03 7.146e-04 6.491e-03 -1.000 1.475e-02 0.887 1.051 1.245 1.300 1.330 1.369 1.450 1.477 1.495
0.01471 0.00000 7.26717 2.5999999046 2.5874414444    2.600  1.688  4.0606  4.359    0  0.000  0.538     0.00     0.00     0.00     0.00     0.00 -1    -1e-30      0.00 7.107e-01 2.745e-01 2.620e-03 7.154e-04 6.497e-03 -1.000 1.476e-02 0.549 0.741 1.011 1.087 1.125 1.174 1.279 1.313 1.338
0.01471 0.00000 7.26717 2.7999999523 2.5917119980    2.800  1.813  4.0823  4.353    1  0.000  0.538     0.00     0.00     0.00     0.00     0.00 -1    -1e-30      0.00 7.107e-01 2.745e-01 2.620e-03 7.154e-04 6.497e-03 -1.000 1.476e-02 0.236 0.461 0.799 0.889 0.932 0.989 1.116 1.155 1.185
0.01471 0.00000 7.26717 3.0000000000 2.5953342915    3.000  1.929  4.1019  4.346    1  0.000  0.538     0.00     0.00     0.00     0.00     0.00 -1    -1e-30      0.00 7.107e-01 2.745e-01 2.620e-03 7.154e-04 6.497e-03 -1.000 1.476e-02 -0.053 0.208 0.605 0.707 0.754 0.818 0.961 1.006 1.040
0.01471 0.00000 7.26717 3.2000000477 2.5984411240    3.199  2.037  4.1198  4.337    1  0.000  0.538     0.00     0.00     0.00     0.00     0.00 -1    -1e-30      0.00 7.107e-01 2.745e-01 2.620e-03 7.154e-04 6.497e-03 -1.000 1.476e-02 -0.322 -0.020 0.426 0.538 0.589 0.658 0.817 0.865 0.903
0.01471 0.00000 7.26717 3.4000000954 2.6011312008    3.398  2.138  4.1365  4.329    1  0.000  0.538     0.00     0.00     0.00     0.00     0.00 -1    -1e-30      0.00 7.107e-01 2.745e-01 2.620e-03 7.154e-04 6.497e-03 -1.000 1.476e-02 -0.575 -0.231 0.259 0.380 0.434 0.509 0.681 0.733 0.774
0.01471 0.00000 7.26717 3.5999999046 2.6034805775    3.598  2.233  4.1518  4.320    1  0.000  0.538     0.00     0.00     0.00     0.00     0.00 -1    -1e-30      0.00 7.107e-01 2.745e-01 2.620e-03 7.154e-04 6.497e-03 -1.000 1.476e-02 -0.813 -0.426 0.101 0.230 0.288 0.367 0.551 0.607 0.650
0.01471 0.00000 7.26717 3.7999999523 2.6055479050    3.798  2.323  4.1661  4.311    1  0.000  0.538     0.00     0.00     0.00     0.00     0.00 -1    -1e-30      0.00 7.107e-01 2.745e-01 2.620e-03 7.154e-04 6.497e-03 -1.000 1.476e-02 -1.037 -0.607 -0.046 0.090 0.151 0.235 0.429 0.487 0.533
0.01471 0.00000 7.26717 3.8907339573 2.6064054966    3.890  2.362  4.1721  4.307    1  0.000  0.538     0.00     0.00     0.00     0.00     0.00 -1    -1e-30      0.00 7.107e-01 2.745e-01 2.620e-03 7.154e-04 6.497e-03 -1.000 1.476e-02 -1.134 -0.685 -0.111 0.028 0.091 0.176 0.374 0.434 0.481
0.01471 0.00000 7.26717 4.0000000000 2.6073791981    4.001  2.407  4.1793  4.302    1  0.000  0.538     0.00     0.00     0.00     0.00     0.00 -1    -1e-30      0.00 7.107e-01 2.745e-01 2.620e-03 7.154e-04 6.497e-03 -1.000 1.476e-02 -1.248 -0.777 -0.187 -0.044 0.020 0.107 0.311 0.372 0.421
0.01471 0.00000 7.26717 4.1999998093 2.6090114117    4.198  2.488  4.1920  4.293    1  0.000  0.538     0.00     0.00     0.00     0.00     0.00 -1    -1e-30      0.00 7.107e-01 2.745e-01 2.620e-03 7.154e-04 6.497e-03 -1.000 1.476e-02 -1.451 -0.936 -0.320 -0.171 -0.104 -0.013 0.200 0.264 0.314
0.01471 0.00000 7.26717 4.2956080437 2.6097302437    4.293  2.526  4.1977  4.288    1  0.000  0.538     0.00     0.00     0.00     0.00     0.00 -1    -1e-30      0.00 7.107e-01 2.745e-01 2.620e-03 7.154e-04 6.497e-03 -1.000 1.476e-02 -1.544 -1.010 -0.382 -0.230 -0.161 -0.068 0.148 0.213 0.265
0.01471 0.00000 7.26717 4.4000000954 2.6104743481    4.397  2.565  4.2039  4.283    1  0.000  0.538     0.00     0.00     0.00     0.00     0.00 -1    -1e-30      0.00 7.107e-01 2.745e-01 2.620e-03 7.154e-04 6.497e-03 -1.000 1.476e-02 -1.644 -1.089 -0.448 -0.293 -0.223 -0.128 0.092 0.158 0.211
0.01471 0.00000 7.26717 4.5999999046 2.6117916107    4.598  2.639  4.2152  4.274    1  0.000  0.538     0.00     0.00     0.00     0.00     0.00 -1    -1e-30      0.00 7.107e-01 2.745e-01 2.620e-03 7.154e-04 6.497e-03 -1.000 1.476e-02 -1.828 -1.233 -0.571 -0.410 -0.337 -0.239 -0.011 0.058 0.112
0.01471 0.00000 7.26717 4.7524261475 2.6127107143    4.750  2.693  4.2234  4.267    1  0.000  0.538     0.00     0.00     0.00     0.00     0.00 -1    -1e-30      0.00 7.107e-01 2.745e-01 2.620e-03 7.154e-04 6.497e-03 -1.000 1.476e-02 -1.963 -1.339 -0.661 -0.496 -0.421 -0.320 -0.087 -0.017 0.039
0.01471 0.00000 7.26717 4.8000001907 2.6129837036    4.798  2.710  4.2259  4.265    1  0.000  0.538     0.00     0.00     0.00     0.00     0.00 -1    -1e-30      0.00 7.107e-01 2.745e-01 2.620e-03 7.154e-04 6.497e-03 -1.000 1.476e-02 -2.004 -1.371 -0.689 -0.522 -0.447 -0.345 -0.111 -0.040 0.017
0.01471 0.00000 7.26717 5.0000000000 2.6140668392    4.999  2.777  4.2360  4.255    1  0.000  0.538     0.00     0.00     0.00     0.00     0.00 -1    -1e-30      0.00 7.107e-01 2.745e-01 2.620e-03 7.154e-04 6.497e-03 -1.000 1.476e-02 -2.174 -1.504 -0.803 -0.632 -0.553 -0.449 -0.208 -0.135 -0.077
0.01471 0.00000 7.26717 5.1277322769 2.6147077084    5.127  2.819  4.2421  4.249    1  0.000  0.538     0.00     0.00     0.00     0.00     0.00 -1    -1e-30      0.00 7.107e-01 2.745e-01 2.620e-03 7.154e-04 6.497e-03 -1.000 1.476e-02 -2.278 -1.587 -0.875 -0.700 -0.620 -0.514 -0.268 -0.194 -0.135
0.01471 0.00000 7.26717 5.1999998093 2.6150546074    5.200  2.843  4.2456  4.245    1  0.000  0.538     0.00     0.00     0.00     0.00     0.00 -1    -1e-30      0.00 7.107e-01 2.745e-01 2.620e-03 7.154e-04 6.497e-03 -1.000 1.476e-02 -2.337 -1.633 -0.914 -0.738 -0.657 -0.550 -0.302 -0.228 -0.168
0.01471 0.00000 7.26717 5.3999996185 2.6159586906    5.401  2.906  4.2548  4.236    1  0.000  0.538     0.00     0.00     0.00     0.00     0.00 -1    -1e-30      0.00 7.107e-01 2.745e-01 2.620e-03 7.154e-04 6.497e-03 -1.000 1.476e-02 -2.495 -1.757 -1.022 -0.841 -0.758 -0.648 -0.394 -0.318 -0.256
0.01471 0.00000 7.26717 5.4690637589 2.6162531376    5.470  2.927  4.2578  4.232    1  0.000  0.538     0.00     0.00     0.00     0.00     0.00 -1    -1e-30      0.00 7.107e-01 2.745e-01 2.620e-03 7.154e-04 6.497e-03 -1.000 1.476e-02 -2.548 -1.799 -1.058 -0.876 -0.792 -0.681 -0.426 -0.349 -0.286
0.01471 0.00000 7.26717 5.5999994278 2.6167888641    5.601  2.967  4.2635  4.226    1  0.000  0.538     0.00     0.00     0.00     0.00     0.00 -1    -1e-30      0.00 7.107e-01 2.745e-01 2.620e-03 7.154e-04 6.497e-03 -1.000 1.476e-02 -2.647 -1.878 -1.127 -0.941 -0.856 -0.743 -0.484 -0.406 -0.343
0.01471 0.00000 7.26717 5.6692390442 2.6170606613    5.670  2.987  4.2665  4.222    1  0.000  0.538     0.00     0.00     0.00     0.00     0.00 -1    -1e-30      0.00 7.107e-01 2.745e-01 2.620e-03 7.154e-04 6.497e-03 -1.000 1.476e-02 -2.698 -1.918 -1.163 -0.975 -0.890 -0.776 -0.515 -0.436 -0.372
0.01471 0.00000 7.26717 5.8000001907 2.6175537109    5.801  3.026  4.2719  4.215    1  0.000  0.538     0.00     0.00     0.00     0.00     0.00 -1    -1e-30      0.00 7.107e-01 2.745e-01 2.620e-03 7.154e-04 6.497e-03 -1.000 1.476e-02 -2.794 -1.995 -1.229 -1.039 -0.952 -0.837 -0.573 -0.493 -0.428
0.01471 0.00000 7.26717 5.8674073219 2.6177978516    5.868  3.045  4.2746  4.212    1  0.000  0.538     0.00     0.00     0.00     0.00     0.00 -1    -1e-30      0.00 7.107e-01 2.745e-01 2.620e-03 7.154e-04 6.497e-03 -1.000 1.476e-02 -2.843 -2.033 -1.263 -1.072 -0.984 -0.868 -0.602 -0.521 -0.456
0.01471 0.00000 7.26717 6.0000000000 2.6182601452    6.000  3.083  4.2799  4.205    1  0.000  0.538     0.00     0.00     0.00     0.00     0.00 -1    -1e-30      0.00 7.107e-01 2.745e-01 2.620e-03 7.154e-04 6.497e-03 -1.000 1.476e-02 -2.937 -2.109 -1.329 -1.135 -1.046 -0.928 -0.659 -0.577 -0.511
0.01471 0.00000 7.26717 6.1511955261 2.6187591553    6.151  3.125  4.2856  4.196    1  0.000  0.538     0.00     0.00     0.00     0.00     0.00 -1    -1e-30      0.00 7.107e-01 2.745e-01 2.620e-03 7.154e-04 6.497e-03 -1.000 1.476e-02 -3.043 -2.193 -1.404 -1.208 -1.117 -0.997 -0.725 -0.642 -0.574
0.01471 0.00000 7.26717 6.1999998093 2.6189143658    6.200  3.139  4.2874  4.193    1  0.000  0.538     0.00     0.00     0.00     0.00     0.00 -1    -1e-30      0.00 7.107e-01 2.745e-01 2.620e-03 7.154e-04 6.497e-03 -1.000 1.476e-02 -3.077 -2.221 -1.428 -1.231 -1.140 -1.020 -0.746 -0.662 -0.595
0.01471 0.00000 7.26717 6.2573852539 2.6190931797    6.257  3.154  4.2895  4.190    1  0.000  0.538     0.00     0.00     0.00     0.00     0.00 -1    -1e-30      0.00 7.107e-01 2.745e-01 2.620e-03 7.154e-04 6.497e-03 -1.000 1.476e-02 -3.116 -2.252 -1.456 -1.258 -1.166 -1.045 -0.770 -0.686 -0.618
0.01471 0.00000 7.26717 6.4000000954 2.6195218563    6.399  3.193  4.2947  4.182    1  0.000  0.538     0.00     0.00     0.00     0.00     0.00 -1    -1e-30      0.00 7.107e-01 2.745e-01 2.620e-03 7.154e-04 6.497e-03 -1.000 1.476e-02 -3.212 -2.330 -1.525 -1.324 -1.231 -1.109 -0.830 -0.746 -0.677
0.01471 0.00000 7.26717 6.7203297615 2.6204085350    6.717  3.277  4.3055  4.162    1  0.000  0.538     0.00     0.00     0.00     0.00     0.00 -1    -1e-30      0.00 7.107e-01 2.745e-01 2.620e-03 7.154e-04 6.497e-03 -1.000 1.476e-02 -3.422 -2.501 -1.677 -1.472 -1.376 -1.250 -0.965 -0.878 -0.807
0.01471 0.00000 7.26717 7.0000000000 2.6211071014    6.996  3.348  4.3144  4.144    1  0.000  0.538     0.00     0.00     0.00     0.00     0.00 -1    -1e-30      0.00 7.107e-01 2.745e-01 2.620e-03 7.154e-04 6.497e-03 -1.000 1.476e-02 -3.601 -2.648 -1.809 -1.599 -1.502 -1.373 -1.082 -0.993 -0.920
0.01471 0.00000 7.26717 7.0384778976 2.6211981773    7.035  3.358  4.3156  4.142    1  0.000  0.538     0.00     0.00     0.00     0.00     0.00 -1    -1e-30      0.00 7.107e-01 2.745e-01 2.620e-03 7.154e-04 6.497e-03 -1.000 1.476e-02 -3.624 -2.668 -1.827 -1.616 -1.518 -1.389 -1.098 -1.008 -0.935
0.01471 0.00000 7.26717 7.3844680786 2.6219687462    7.382  3.442  4.3255  4.119    1  0.000  0.538     0.00     0.00     0.00     0.00     0.00 -1    -1e-30      0.00 7.107e-01 2.745e-01 2.620e-03 7.154e-04 6.497e-03 -1.000 1.476e-02 -3.834 -2.843 -1.984 -1.770 -1.669 -1.537 -1.240 -1.148 -1.073
0.01471 0.00000 7.26717 7.6987242699 2.6225998402    7.698  3.516  4.3338  4.096    1  0.000  0.538     0.00     0.00     0.00     0.00     0.00 -1    -1e-30      0.00 7.107e-01 2.745e-01 2.620e-03 7.154e-04 6.497e-03 -1.000 1.476e-02 -4.020 -3.000 -2.127 -1.909 -1.807 -1.672 -1.369 -1.276 -1.199
0.01471 0.00000 7.26717 7.9868001938 2.6231286526    7.988  3.583  4.3408  4.072    1  0.000  0.538     0.00     0.00     0.00     0.00     0.00 -1    -1e-30      0.00 7.107e-01 2.745e-01 2.620e-03 7.154e-04 6.497e-03 -1.000 1.476e-02 -4.188 -3.145 -2.259 -2.038 -1.935 -1.798 -1.490 -1.395 -1.317
0.01471 0.00000 7.26717 8.0000000000 2.6231517792    8.001  3.586  4.3411  4.071    1  0.000  0.538     0.00     0.00     0.00     0.00     0.00 -1    -1e-30      0.00 7.107e-01 2.745e-01 2.620e-03 7.154e-04 6.497e-03 -1.000 1.476e-02 -4.196 -3.151 -2.265 -2.044 -1.941 -1.803 -1.496 -1.401 -1.323
0.01471 0.00000 7.26717 8.1346187592 2.6233832836    8.135  3.617  4.3441  4.060    1  0.000  0.538     0.00     0.00     0.00     0.00     0.00 -1    -1e-30      0.00 7.107e-01 2.745e-01 2.620e-03 7.154e-04 6.497e-03 -1.000 1.476e-02 -4.272 -3.217 -2.326 -2.104 -2.000 -1.862 -1.553 -1.457 -1.378
0.01471 0.00000 7.26717 8.3691453934 2.6237661839    8.368  3.669  4.3488  4.038    1  0.000  0.538     0.00     0.00     0.00     0.00     0.00 -1    -1e-30      0.00 7.107e-01 2.745e-01 2.620e-03 7.154e-04 6.497e-03 -1.000 1.476e-02 -4.404 -3.334 -2.434 -2.210 -2.105 -1.966 -1.653 -1.556 -1.476
0.01471 0.00000 7.26717 8.6178684235 2.6241462231    8.614  3.725  4.3533  4.014    1  0.000  0.538     0.00     0.00     0.00     0.00     0.00 -1    -1e-30      0.00 7.107e-01 2.745e-01 2.620e-03 7.154e-04 6.497e-03 -1.000 1.476e-02 -4.542 -3.458 -2.550 -2.324 -2.218 -2.077 -1.762 -1.664 -1.583
0.01471 0.00000 7.26717 8.8762521744 2.6245150566    8.871  3.782  4.3575  3.986    1  0.000  0.538     0.00     0.00     0.00     0.00     0.00 -1    -1e-30      0.00 7.107e-01 2.745e-01 2.620e-03 7.154e-04 6.497e-03 -1.000 1.476e-02 -4.684 -3.588 -2.672 -2.444 -2.337 -2.195 -1.878 -1.779 -1.697
0.01471 0.00000 7.26717 9.0000000000 2.6246831417    8.995  3.809  4.3592  3.972    1  0.000  0.538     0.00     0.00     0.00     0.00     0.00 -1    -1e-30      0.00 7.107e-01 2.745e-01 2.620e-03 7.154e-04 6.497e-03 -1.000 1.476e-02 -4.752 -3.651 -2.732 -2.503 -2.396 -2.254 -1.935 -1.835 -1.753
0.01471 0.00000 7.26717 9.1697387695 2.6249051094    9.165  3.845  4.3613  3.952    1  0.000  0.538     0.00     0.00     0.00     0.00     0.00 -1    -1e-30      0.00 7.107e-01 2.745e-01 2.620e-03 7.154e-04 6.497e-03 -1.000 1.476e-02 -4.843 -3.737 -2.813 -2.583 -2.476 -2.333 -2.013 -1.913 -1.830
0.01471 0.00000 7.26717 9.4460630417 2.6252472401    9.442  3.905  4.3637  3.915    1  0.000  0.538     0.00     0.00     0.00     0.00     0.00 -1    -1e-30      0.00 7.107e-01 2.745e-01 2.620e-03 7.154e-04 6.497e-03 -1.000 1.476e-02 -4.992 -3.881 -2.951 -2.721 -2.613 -2.470 -2.148 -2.048 -1.964
0.01471 0.00000 7.26717 9.7203292847 2.6255645752    9.717  3.964  4.3651  3.874    1  0.000  0.538     0.00     0.00     0.00     0.00     0.00 -1    -1e-30      0.00 7.107e-01 2.745e-01 2.620e-03 7.154e-04 6.497e-03 -1.000 1.476e-02 -5.139 -4.029 -3.094 -2.863 -2.755 -2.612 -2.289 -2.188 -2.104
0.01471 0.00000 7.26717 9.9702405930 2.6258363724    9.968  4.018  4.3653  3.832    1  0.000  0.538     0.00     0.00     0.00     0.00     0.00 -1    -1e-30      0.00 7.107e-01 2.745e-01 2.620e-03 7.154e-04 6.497e-03 -1.000 1.476e-02 -5.274 -4.168 -3.231 -2.999 -2.892 -2.749 -2.425 -2.324 -2.240
0.01471 0.00000 7.26717 10.0000000000 2.6258678436    9.998  4.024  4.3652  3.827    1  0.000  0.538     0.00     0.00     0.00     0.00     0.00 -1    -1e-30      0.00 7.107e-01 2.745e-01 2.620e-03 7.154e-04 6.497e-03 -1.000 1.476e-02 -5.290 -4.185 -3.248 -3.016 -2.909 -2.766 -2.442 -2.341 -2.257
0.01471 0.00000 7.26717 10.1036777496 2.6259753704   10.102  4.046  4.3649  3.808    1  0.000  0.538     0.00     0.00     0.00     0.00     0.00 -1    -1e-30      0.00 7.107e-01 2.745e-01 2.620e-03 7.154e-04 6.497e-03 -1.000 1.476e-02 -5.344 -4.243 -3.304 -3.073 -2.966 -2.823 -2.500 -2.399 -2.315
0.01471 0.00000 7.26717 10.3174066544 2.6261889935   10.317  4.091  4.3630  3.764    1  0.000  0.538     0.00     0.00     0.00     0.00     0.00 -1    -1e-30      0.00 7.107e-01 2.745e-01 2.620e-03 7.154e-04 6.497e-03 -1.000 1.476e-02 -5.458 -4.368 -3.430 -3.200 -3.093 -2.950 -2.628 -2.527 -2.443
0.01471 0.00000 7.26717 10.5768194199 2.6264352798   10.577  4.147  4.3593  3.705    1  0.000  0.538     0.00     0.00     0.00     0.00     0.00 -1    -1e-30      0.00 7.107e-01 2.745e-01 2.620e-03 7.154e-04 6.497e-03 -1.000 1.476e-02 -5.597 -4.528 -3.592 -3.362 -3.257 -3.115 -2.795 -2.695 -2.611
0.01471 0.00000 7.26717 10.7939081192 2.6266307831   10.795  4.194  4.3542  3.646    1  0.000  0.538     0.00     0.00     0.00     0.00     0.00 -1    -1e-30      0.00 7.107e-01 2.745e-01 2.620e-03 7.154e-04 6.497e-03 -1.000 1.476e-02 -5.715 -4.670 -3.739 -3.511 -3.407 -3.267 -2.949 -2.850 -2.767
0.01471 0.00000 7.26717 10.9962940216 2.6268050671   10.998  4.239  4.3472  3.581    1  0.000  0.538     0.00     0.00     0.00     0.00     0.00 -1    -1e-30      0.00 7.107e-01 2.745e-01 2.620e-03 7.154e-04 6.497e-03 -1.000 1.476e-02 -5.828 -4.815 -3.892 -3.666 -3.563 -3.426 -3.111 -3.014 -2.932
0.01471 0.00000 7.26717 11.0000000000 2.6268081665   11.002  4.240  4.3470  3.579    1  0.000  0.538     0.00     0.00     0.00     0.00     0.00 -1    -1e-30      0.00 7.107e-01 2.745e-01 2.620e-03 7.154e-04 6.497e-03 -1.000 1.476e-02 -5.830 -4.818 -3.895 -3.669 -3.566 -3.429 -3.114 -3.017 -2.936
0.01471 0.00000 7.26717 11.1359691620 2.6269211769   11.138  4.270  4.3415  3.533    1  0.000  0.538     0.00     0.00     0.00     0.00     0.00 -1    -1e-30      0.00 7.107e-01 2.745e-01 2.620e-03 7.154e-04 6.497e-03 -1.000 1.476e-02 -5.904 -4.916 -3.999 -3.775 -3.673 -3.537 -3.226 -3.129 -3.049
0.01471 0.00000 7.26717 11.3003206253 2.6270534992   11.302  4.306  4.3331  3.470    1  0.000  0.538     0.00     0.00     0.00     0.00     0.00 -1    -1e-30      0.00 7.107e-01 2.745e-01 2.620e-03 7.154e-04 6.497e-03 -1.000 1.476e-02 -5.995 -5.043 -4.136 -3.915 -3.815 -3.682 -3.375 -3.281 -3.202
0.01471 0.00000 7.26717 11.4413881302 2.6271636486   11.443  4.339  4.3249  3.409    1  0.000  0.538     0.00     0.00     0.00     0.00     0.00 -1    -1e-30      0.00 7.107e-01 2.745e-01 2.620e-03 7.154e-04 6.497e-03 -1.000 1.476e-02 -6.077 -5.162 -4.263 -4.045 -3.948 -3.817 -3.515 -3.423 -3.345
0.01471 0.00000 7.26717 11.5959005356 2.6272807121   11.597  4.377  4.3178  3.349    1  0.000  0.538     0.00     0.00     0.00     0.00     0.00 -1    -1e-30      0.00 7.107e-01 2.745e-01 2.620e-03 7.154e-04 6.497e-03 -1.000 1.476e-02 -6.172 -5.290 -4.398 -4.182 -4.088 -3.959 -3.660 -3.569 -3.493
0.01471 0.00000 7.26717 11.6041479111 2.6272869110   11.605  4.379  4.3175  3.346    1  0.000  0.538     0.00     0.00     0.00     0.00     0.00 -1    -1e-30      0.00 7.107e-01 2.745e-01 2.620e-03 7.154e-04 6.497e-03 -1.000 1.476e-02 -6.177 -5.296 -4.405 -4.190 -4.095 -3.966 -3.668 -3.577 -3.501
0.01471 0.00000 7.26717 11.6768608093 2.6273407936   11.678  4.406  4.3320  3.379    1  0.000  0.538     0.00     0.00     0.00     0.00     0.00 -1    -1e-30      0.00 7.107e-01 2.745e-01 2.620e-03 7.154e-04 6.497e-03 -1.000 1.476e-02 -6.245 -5.311 -4.397 -4.177 -4.079 -3.946 -3.639 -3.545 -3.466
0.01471 0.00000 7.26717 11.6903600693 2.6273505688   11.692  4.416  4.3404  3.404    1  0.000  0.538     0.00     0.00     0.00     0.00     0.00 -1    -1e-30      0.00 7.107e-01 2.745e-01 2.620e-03 7.154e-04 6.497e-03 -1.000 1.476e-02 -6.269 -5.304 -4.377 -4.154 -4.054 -3.919 -3.607 -3.511 -3.430
0.01471 0.00000 7.26717 11.6965503693 2.6273550987   11.698  4.427  4.3504  3.433    1  0.000  0.538     0.00     0.00     0.00     0.00     0.00 -1    -1e-30      0.00 7.107e-01 2.745e-01 2.620e-03 7.154e-04 6.497e-03 -1.000 1.476e-02 -6.297 -5.293 -4.353 -4.126 -4.024 -3.886 -3.569 -3.470 -3.388
0.01471 0.00000 7.26717 11.7001686096 2.6273579597   11.701  4.442  4.3614  3.462    1  0.000  0.538     0.00     0.00     0.00     0.00     0.00 -1    -1e-30      0.00 7.107e-01 2.745e-01 2.620e-03 7.154e-04 6.497e-03 -1.000 1.476e-02 -6.335 -5.290 -4.334 -4.104 -3.999 -3.858 -3.534 -3.434 -3.349
0.01471 0.00000 7.26717 11.7017450333 2.6273589134   11.703  4.455  4.3695  3.481    1  0.000  0.538     0.00     0.00     0.00     0.00     0.00 -1    -1e-30      0.00 7.107e-01 2.745e-01 2.620e-03 7.154e-04 6.497e-03 -1.000 1.476e-02 -6.368 -5.292 -4.325 -4.092 -3.986 -3.843 -3.515 -3.412 -3.326
0.01471 0.00000 7.26717 11.7024517059 2.6273596287   11.704  4.462  4.3736  3.490    1  0.000  0.538     0.00     0.00     0.00     0.00     0.00 -1    -1e-30      0.00 7.107e-01 2.745e-01 2.620e-03 7.154e-04 6.497e-03 -1.000 1.476e-02 -6.386 -5.294 -4.321 -4.087 -3.979 -3.835 -3.505 -3.402 -3.315
0.01471 0.00000 7.26717 11.7033090591 2.6273601055   11.704  4.445  4.3679  3.485    2  0.000  0.538     0.00     0.00     0.00     0.00     0.00 -1    -1e-30      0.00 7.107e-01 2.745e-01 2.620e-03 7.154e-04 6.497e-03 -1.000 1.476e-02 -6.343 -5.271 -4.307 -4.074 -3.968 -3.825 -3.498 -3.396 -3.310
0.01471 0.00000 7.26717 11.7041225433 2.6273608208   11.705  4.426  4.3562  3.458    2  0.000  0.538     0.00     0.00     0.00     0.00     0.00 -1    -1e-30      0.00 7.107e-01 2.745e-01 2.620e-03 7.154e-04 6.497e-03 -1.000 1.476e-02 -6.294 -5.267 -4.319 -4.090 -3.987 -3.847 -3.526 -3.427 -3.343
0.01471 0.00000 7.26717 11.7047376633 2.6273612976   11.706  4.418  4.3431  3.413    2  0.000  0.538     0.00     0.00     0.00     0.00     0.00 -1    -1e-30      0.00 7.107e-01 2.745e-01 2.620e-03 7.154e-04 6.497e-03 -1.000 1.476e-02 -6.274 -5.298 -4.368 -4.144 -4.043 -3.907 -3.594 -3.497 -3.416
0.01471 0.00000 7.26717 11.7052383423 2.6273615360   11.706  4.417  4.3307  3.364    2  0.000  0.538     0.00     0.00     0.00     0.00     0.00 -1    -1e-30      0.00 7.107e-01 2.745e-01 2.620e-03 7.154e-04 6.497e-03 -1.000 1.476e-02 -6.272 -5.345 -4.432 -4.212 -4.115 -3.982 -3.676 -3.582 -3.503
0.01471 0.00000 7.26717 11.7057962418 2.6273620129   11.707  4.420  4.3154  3.300    2  0.000  0.538     0.00     0.00     0.00     0.00     0.00 -1    -1e-30      0.00 7.107e-01 2.745e-01 2.620e-03 7.154e-04 6.497e-03 -1.000 1.476e-02 -6.280 -5.413 -4.521 -4.307 -4.213 -4.086 -3.788 -3.698 -3.622
0.01471 0.00000 7.26717 11.7063074112 2.6273622513   11.708  4.425  4.3002  3.235    2  0.000  0.538     0.00     0.00     0.00     0.00     0.00 -1    -1e-30      0.00 7.107e-01 2.745e-01 2.620e-03 7.154e-04 6.497e-03 -1.000 1.476e-02 -6.292 -5.484 -4.614 -4.405 -4.315 -4.192 -3.903 -3.816 -3.743
0.01471 0.00000 7.26717 11.7066936493 2.6273627281   11.708  4.428  4.2882  3.183    2  0.000  0.538     0.00     0.00     0.00     0.00     0.00 -1    -1e-30      0.00 7.107e-01 2.745e-01 2.620e-03 7.154e-04 6.497e-03 -1.000 1.476e-02 -6.301 -5.540 -4.687 -4.483 -4.396 -4.277 -3.996 -3.912 -3.841
0.01471 0.00000 7.26717 11.7070636749 2.6273629665   11.708  4.432  4.2761  3.131    2  0.000  0.538     0.00     0.00     0.00     0.00     0.00 -1    -1e-30      0.00 7.107e-01 2.745e-01 2.620e-03 7.154e-04 6.497e-03 -1.000 1.476e-02 -6.310 -5.594 -4.760 -4.560 -4.477 -4.362 -4.088 -4.007 -3.938
0.01471 0.00000 7.26717 11.7074146271 2.6273632050   11.708  4.435  4.2641  3.080    2  0.000  0.538     0.00     0.00     0.00     0.00     0.00 -1    -1e-30      0.00 7.107e-01 2.745e-01 2.620e-03 7.154e-04 6.497e-03 -1.000 1.476e-02 -6.317 -5.647 -4.831 -4.636 -4.555 -4.445 -4.178 -4.100 -4.034
0.01471 0.00000 7.26717 11.7078342438 2.6273634434   11.709  4.437  4.2491  3.017    2  0.000  0.538     0.00     0.00     0.00     0.00     0.00 -1    -1e-30      0.00 7.107e-01 2.745e-01 2.620e-03 7.154e-04 6.497e-03 -1.000 1.476e-02 -6.324 -5.710 -4.918 -4.728 -4.652 -4.547 -4.290 -4.216 -4.152
0.01471 0.00000 7.26717 11.7082328796 2.6273636818   11.709  4.439  4.2341  2.955    2  0.000  0.538     0.00     0.00     0.00     0.00     0.00 -1    -1e-30      0.00 7.107e-01 2.745e-01 2.620e-03 7.154e-04 6.497e-03 -1.000 1.476e-02 -6.328 -5.772 -5.002 -4.819 -4.748 -4.648 -4.400 -4.330 -4.269
0.01471 0.00000 7.26717 11.7085351944 2.6273639202   11.710  4.440  4.2220  2.906    2  0.000  0.538     0.00     0.00     0.00     0.00     0.00 -1    -1e-30      0.00 7.107e-01 2.745e-01 2.620e-03 7.154e-04 6.497e-03 -1.000 1.476e-02 -6.331 -5.820 -5.067 -4.891 -4.823 -4.728 -4.488 -4.421 -4.361
0.01471 0.00000 7.26717 11.7088251114 2.6273641586   11.710  4.441  4.2100  2.858    2  0.000  0.538     0.00     0.00     0.00     0.00     0.00 -1    -1e-30      0.00 7.107e-01 2.745e-01 2.620e-03 7.154e-04 6.497e-03 -1.000 1.476e-02 -6.332 -5.866 -5.132 -4.961 -4.897 -4.807 -4.574 -4.510 -4.453
0.01471 0.00000 7.26717 11.7091016769 2.6273643970   11.710  4.441  4.1979  2.810    2  0.000  0.538     0.00     0.00     0.00     0.00     0.00 -1    -1e-30      0.00 7.107e-01 2.745e-01 2.620e-03 7.154e-04 6.497e-03 -1.000 1.476e-02 -6.332 -5.910 -5.195 -5.030 -4.971 -4.884 -4.660 -4.599 -4.543
0.01471 0.00000 7.26717 11.7093667984 2.6273646355   11.710  4.440  4.1859  2.762    2  0.000  0.538     0.00     0.00     0.00     0.00     0.00 -1    -1e-30      0.00 7.107e-01 2.745e-01 2.620e-03 7.154e-04 6.497e-03 -1.000 1.476e-02 -6.331 -5.952 -5.257 -5.098 -5.042 -4.961 -4.744 -4.686 -4.633
0.01471 0.00000 7.26717 11.7096185684 2.6273646355   11.711  4.440  4.1739  2.714    2  0.000  0.538     0.00     0.00     0.00     0.00     0.00 -1    -1e-30      0.00 7.107e-01 2.745e-01 2.620e-03 7.154e-04 6.497e-03 -1.000 1.476e-02 -6.329 -5.993 -5.318 -5.165 -5.113 -5.036 -4.828 -4.772 -4.722
0.01471 0.00000 7.26717 11.7098608017 2.6273648739   11.711  4.439  4.1618  2.667    2  0.000  0.538     0.00     0.00     0.00     0.00     0.00 -1    -1e-30      0.00 7.107e-01 2.745e-01 2.620e-03 7.154e-04 6.497e-03 -1.000 1.476e-02 -6.326 -6.032 -5.378 -5.231 -5.183 -5.110 -4.911 -4.859 -4.810
0.01471 0.00000 7.26717 11.7100906372 2.6273651123   11.711  4.437  4.1497  2.620    2  0.000  0.538     0.00     0.00     0.00     0.00     0.00 -1    -1e-30      0.00 7.107e-01 2.745e-01 2.620e-03 7.154e-04 6.497e-03 -1.000 1.476e-02 -6.323 -6.069 -5.438 -5.296 -5.252 -5.184 -4.993 -4.944 -4.897
0.01471 0.00000 7.26717 11.7103090286 2.6273653507   11.711  4.436  4.1377  2.574    2  0.000  0.538     0.00     0.00     0.00     0.00     0.00 -1    -1e-30      0.00 7.107e-01 2.745e-01 2.620e-03 7.154e-04 6.497e-03 -1.000 1.476e-02 -6.319 -6.104 -5.495 -5.360 -5.319 -5.256 -5.074 -5.028 -4.983
0.01471 0.00000 7.26717 11.7105169296 2.6273653507   11.712  4.434  4.1256  2.527    2  0.000  0.538     0.00     0.00     0.00     0.00     0.00 -1    -1e-30      0.00 7.107e-01 2.745e-01 2.620e-03 7.154e-04 6.497e-03 -1.000 1.476e-02 -6.315 -6.137 -5.552 -5.422 -5.386 -5.327 -5.154 -5.111 -5.069
0.01471 0.00000 7.26717 11.7107172012 2.6273655891   11.712  4.432  4.1135  2.481    2  0.000  0.538     0.00     0.00     0.00     0.00     0.00 -1    -1e-30      0.00 7.107e-01 2.745e-01 2.620e-03 7.154e-04 6.497e-03 -1.000 1.476e-02 -6.310 -6.167 -5.609 -5.485 -5.451 -5.398 -5.234 -5.194 -5.154
0.01471 0.00000 7.26717 11.7109050751 2.6273655891   11.712  4.430  4.1016  2.435    2  0.000  0.538     0.00     0.00     0.00     0.00     0.00 -1    -1e-30      0.00 7.107e-01 2.745e-01 2.620e-03 7.154e-04 6.497e-03 -1.000 1.476e-02 -6.304 -6.192 -5.664 -5.545 -5.515 -5.466 -5.312 -5.275 -5.237
0.01471 0.00000 7.26717 11.7111291885 2.6273658276   11.712  4.427  4.0865  2.378    2  0.000  0.538     0.00     0.00     0.00     0.00     0.00 -1    -1e-30      0.00 7.107e-01 2.745e-01 2.620e-03 7.154e-04 6.497e-03 -1.000 1.476e-02 -6.296 -6.220 -5.732 -5.620 -5.594 -5.550 -5.408 -5.376 -5.340
0.01471 0.00000 7.26717 11.7113399506 2.6273660660   11.713  4.423  4.0715  2.321    2  0.000  0.538     0.00     0.00     0.00     0.00     0.00 -1    -1e-30      0.00 7.107e-01 2.745e-01 2.620e-03 7.154e-04 6.497e-03 -1.000 1.476e-02 -6.288 -6.254 -5.786 -5.687 -5.668 -5.633 -5.503 -5.476 -5.443
0.01471 0.00000 7.26717 11.7114982605 2.6273660660   11.713  4.420  4.0595  2.276    2  0.000  0.538     0.00     0.00     0.00     0.00     0.00 -1    -1e-30      0.00 7.107e-01 2.745e-01 2.620e-03 7.154e-04 6.497e-03 -1.000 1.476e-02 -6.281 -6.273 -5.832 -5.740 -5.726 -5.697 -5.577 -5.554 -5.523
0.01471 0.00000 7.26717 11.7116508484 2.6273663044   11.713  4.418  4.0475  2.231    2  0.000  0.538     0.00     0.00     0.00     0.00     0.00 -1    -1e-30      0.00 7.107e-01 2.745e-01 2.620e-03 7.154e-04 6.497e-03 -1.000 1.476e-02 -6.274 -6.287 -5.878 -5.793 -5.783 -5.759 -5.650 -5.631 -5.603
0.01471 0.00000 7.26717 11.7117948532 2.6273663044   11.713  4.414  4.0355  2.186    2  0.000  0.538     0.00     0.00     0.00     0.00     0.00 -1    -1e-30      0.00 7.107e-01 2.745e-01 2.620e-03 7.154e-04 6.497e-03 -1.000 1.476e-02 -6.266 -6.297 -5.922 -5.844 -5.838 -5.819 -5.722 -5.707 -5.680
0.01471 0.00000 7.26717 11.7119665146 2.6273665428   11.713  4.410  4.0206  2.131    2  0.000  0.538     0.00     0.00     0.00     0.00     0.00 -1    -1e-30      0.00 7.107e-01 2.745e-01 2.620e-03 7.154e-04 6.497e-03 -1.000 1.476e-02 -6.256 -6.304 -5.976 -5.906 -5.904 -5.892 -5.810 -5.800 -5.776
0.01471 0.00000 7.26717 11.7120952606 2.6273665428   11.713  4.407  4.0087  2.086    2  0.000  0.538     0.00     0.00     0.00     0.00     0.00 -1    -1e-30      0.00 7.107e-01 2.745e-01 2.620e-03 7.154e-04 6.497e-03 -1.000 1.476e-02 -6.248 -6.306 -6.016 -5.953 -5.954 -5.948 -5.879 -5.873 -5.852
0.01471 0.00000 7.26717 11.7122182846 2.6273665428   11.713  4.404  3.9967  2.042    2  0.000  0.538     0.00     0.00     0.00     0.00     0.00 -1    -1e-30      0.00 7.107e-01 2.745e-01 2.620e-03 7.154e-04 6.497e-03 -1.000 1.476e-02 -6.239 -6.304 -6.055 -5.999 -6.003 -6.002 -5.948 -5.946 -5.927
0.01471 0.00000 7.26717 11.7123365402 2.6273667812   11.714  4.400  3.9847  1.997    2  0.000  0.538     0.00     0.00     0.00     0.00     0.00 -1    -1e-30      0.00 7.107e-01 2.745e-01 2.620e-03 7.154e-04 6.497e-03 -1.000 1.476e-02 -6.230 -6.298 -6.093 -6.043 -6.050 -6.055 -6.016 -6.018 -6.002
0.01471 0.00000 7.26717 11.7124767303 2.6273667812   11.714  4.395  3.9698  1.942    2  0.000  0.538     0.00     0.00     0.00     0.00     0.00 -1    -1e-30      0.00 7.107e-01 2.745e-01 2.620e-03 7.154e-04 6.497e-03 -1.000 1.476e-02 -6.219 -6.281 -6.139 -6.096 -6.106 -6.117 -6.099 -6.107 -6.095
0.01471 0.00000 7.26717 11.7125835419 2.6273670197   11.714  4.392  3.9578  1.898    2  0.000  0.538     0.00     0.00     0.00     0.00     0.00 -1    -1e-30      0.00 7.107e-01 2.745e-01 2.620e-03 7.154e-04 6.497e-03 -1.000 1.476e-02 -6.209 -6.267 -6.166 -6.133 -6.148 -6.166 -6.165 -6.179 -6.170
0.01471 0.00000 7.26717 11.7126855850 2.6273670197   11.714  4.388  3.9459  1.855    2  0.000  0.538     0.00     0.00     0.00     0.00     0.00 -1    -1e-30      0.00 7.107e-01 2.745e-01 2.620e-03 7.154e-04 6.497e-03 -1.000 1.476e-02 -6.199 -6.249 -6.186 -6.166 -6.187 -6.214 -6.229 -6.249 -6.244
0.01471 0.00000 7.26717 11.7127828598 2.6273670197   11.714  4.384  3.9340  1.811    2  0.000  0.538     0.00     0.00     0.00     0.00     0.00 -1    -1e-30      0.00 7.107e-01 2.745e-01 2.620e-03 7.154e-04 6.497e-03 -1.000 1.476e-02 -6.189 -6.223 -6.208 -6.198 -6.224 -6.258 -6.293 -6.319 -6.318
0.01471 0.00000 7.26717 11.7128782272 2.6273670197   11.714  4.379  3.9218  1.767    2  0.000  0.538     0.00     0.00     0.00     0.00     0.00 -1    -1e-30      0.00 7.107e-01 2.745e-01 2.620e-03 7.154e-04 6.497e-03 -1.000 1.476e-02 -6.178 -6.185 -6.220 -6.225 -6.258 -6.301 -6.357 -6.391 -6.394
0.01471 0.00000 7.26717 11.7129688263 2.6273672581   11.714  4.375  3.9098  1.723    2  0.000  0.538     0.00     0.00     0.00     0.00     0.00 -1    -1e-30      0.00 7.107e-01 2.745e-01 2.620e-03 7.154e-04 6.497e-03 -1.000 1.476e-02 -6.167 -6.139 -6.221 -6.243 -6.286 -6.341 -6.419 -6.462 -6.469
0.01471 0.00000 7.26717 11.7130556107 2.6273672581   11.714  4.370  3.8977  1.680    2  0.000  0.538     0.00     0.00     0.00     0.00     0.00 -1    -1e-30      0.00 7.107e-01 2.745e-01 2.620e-03 7.154e-04 6.497e-03 -1.000 1.476e-02 -6.155 -6.082 -6.209 -6.254 -6.310 -6.378 -6.480 -6.533 -6.545
0.01471 0.00000 7.26717 11.7131395340 2.6273672581   11.714  4.365  3.8857  1.636    2  0.000  0.538     0.00     0.00     0.00     0.00     0.00 -1    -1e-30      0.00 7.107e-01 2.745e-01 2.620e-03 7.154e-04 6.497e-03 -1.000 1.476e-02 -6.143 -6.017 -6.182 -6.256 -6.330 -6.413 -6.540 -6.606 -6.621
0.01471 0.00000 7.26717 11.7132177353 2.6273674965   11.714  4.360  3.8736  1.593    2  0.000  0.538     0.00     0.00     0.00     0.00     0.00 -1    -1e-30      0.00 7.107e-01 2.745e-01 2.620e-03 7.154e-04 6.497e-03 -1.000 1.476e-02 -6.130 -5.946 -6.143 -6.252 -6.346 -6.447 -6.598 -6.679 -6.698
0.01471 0.00000 7.26717 11.7133102417 2.6273674965   11.714  4.353  3.8587  1.540    2  0.000  0.538     0.00     0.00     0.00     0.00     0.00 -1    -1e-30      0.00 7.107e-01 2.745e-01 2.620e-03 7.154e-04 6.497e-03 -1.000 1.476e-02 -6.113 -5.850 -6.080 -6.239 -6.362 -6.487 -6.670 -6.771 -6.794
0.01471 0.00000 7.26717 11.7133827209 2.6273674965   11.715  4.348  3.8465  1.497    2  0.000  0.538     0.00     0.00     0.00     0.00     0.00 -1    -1e-30      0.00 7.107e-01 2.745e-01 2.620e-03 7.154e-04 6.497e-03 -1.000 1.476e-02 -6.099 -5.765 -6.013 -6.221 -6.371 -6.519 -6.728 -6.848 -6.874
0.01471 0.00000 7.26717 11.7134494781 2.6273674965   11.715  4.342  3.8347  1.456    2  0.000  0.538     0.00     0.00     0.00     0.00     0.00 -1    -1e-30      0.00 7.107e-01 2.745e-01 2.620e-03 7.154e-04 6.497e-03 -1.000 1.476e-02 -6.084 -5.676 -5.938 -6.202 -6.380 -6.549 -6.783 -6.924 -6.953
0.01471 0.00000 7.26717 11.7135295868 2.6273674965   11.715  4.334  3.8197  1.403    2  0.000  0.538     0.00     0.00     0.00     0.00     0.00 -1    -1e-30      0.00 7.107e-01 2.745e-01 2.620e-03 7.154e-04 6.497e-03 -1.000 1.476e-02 -6.065 -5.554 -5.831 -6.171 -6.385 -6.582 -6.851 -7.018 -7.051
0.01471 0.00000 7.26717 11.7135896683 2.6273677349   11.715  4.328  3.8077  1.362    2  0.000  0.538     0.00     0.00     0.00     0.00     0.00 -1    -1e-30      0.00 7.107e-01 2.745e-01 2.620e-03 7.154e-04 6.497e-03 -1.000 1.476e-02 -6.049 -5.439 -5.736 -6.142 -6.387 -6.607 -6.904 -7.094 -7.129
0.01471 0.00000 7.26717 11.7136478424 2.6273677349   11.715  4.321  3.7959  1.321    2  0.000  0.538     0.00     0.00     0.00     0.00     0.00 -1    -1e-30      0.00 7.107e-01 2.745e-01 2.620e-03 7.154e-04 6.497e-03 -1.000 1.476e-02 -6.033 -5.319 -5.635 -6.107 -6.384 -6.628 -6.953 -7.167 -7.207
0.01471 0.00000 7.26717 11.7137041092 2.6273677349   11.715  4.314  3.7839  1.281    2  0.000  0.538     0.00     0.00     0.00     0.00     0.00 -1    -1e-30      0.00 7.107e-01 2.745e-01 2.620e-03 7.154e-04 6.497e-03 -1.000 1.476e-02 -6.015 -5.171 -5.524 -6.068 -6.379 -6.647 -7.002 -7.242 -7.286
0.01471 0.00000 7.26717 11.7137575150 2.6273677349   11.715  4.306  3.7720  1.240    2  0.000  0.538     0.00     0.00     0.00     0.00     0.00 -1    -1e-30      0.00 7.107e-01 2.745e-01 2.620e-03 7.154e-04 6.497e-03 -1.000 1.476e-02 -5.996 -4.990 -5.393 -6.019 -6.369 -6.666 -7.053 -7.322 -7.371
0.01471 0.00000 7.26717 11.7138090134 2.6273677349   11.715  4.298  3.7599  1.200    2  0.000  0.538     0.00     0.00     0.00     0.00     0.00 -1    -1e-30      0.00 7.107e-01 2.745e-01 2.620e-03 7.154e-04 6.497e-03 -1.000 1.476e-02 -5.976 -4.806 -5.262 -5.966 -6.353 -6.676 -7.096 -7.393 -7.447
0.01471 0.00000 7.26717 11.7138576508 2.6273677349   11.715  4.290  3.7481  1.161    2  0.000  0.538     0.00     0.00     0.00     0.00     0.00 -1    -1e-30      0.00 7.107e-01 2.745e-01 2.620e-03 7.154e-04 6.497e-03 -1.000 1.476e-02 -5.955 -4.603 -5.135 -5.912 -6.331 -6.677 -7.129 -7.455 -7.512
0.01471 0.00000 7.26717 11.7139043808 2.6273679733   11.715  4.281  3.7362  1.123    2  0.000  0.538     0.00     0.00     0.00     0.00     0.00 -1    -1e-30      0.00 7.107e-01 2.745e-01 2.620e-03 7.154e-04 6.497e-03 -1.000 1.476e-02 -5.933 -4.330 -4.980 -5.847 -6.306 -6.677 -7.167 -7.524 -7.585
0.01471 0.00000 7.26717 11.7139492035 2.6273679733   11.715  4.272  3.7246  1.085    2  0.000  0.538     0.00     0.00     0.00     0.00     0.00 -1    -1e-30      0.00 7.107e-01 2.745e-01 2.620e-03 7.154e-04 6.497e-03 -1.000 1.476e-02 -5.909 -4.112 -4.845 -5.781 -6.271 -6.664 -7.189 -7.578 -7.639
0.01471 0.00000 7.26717 11.7139921188 2.6273679733   11.715  4.261  3.7127  1.048    2  0.000  0.538     0.00     0.00     0.00     0.00     0.00 -1    -1e-30      0.00 7.107e-01 2.745e-01 2.620e-03 7.154e-04 6.497e-03 -1.000 1.476e-02 -5.884 -3.859 -4.696 -5.705 -6.228 -6.644 -7.211 -7.633 -7.696
0.01471 0.00000 7.26717 11.7140350342 2.6273679733   11.715  4.250  3.7009  1.012    2  0.000  0.538     0.00     0.00     0.00     0.00     0.00 -1    -1e-30      0.00 7.107e-01 2.745e-01 2.620e-03 7.154e-04 6.497e-03 -1.000 1.476e-02 -5.856 -3.589 -4.542 -5.622 -6.179 -6.617 -7.227 -7.683 -7.748
0.01471 0.00000 7.26717 11.7140789032 2.6273679733   11.715  4.238  3.6887  0.976    2  0.000  0.538     0.00     0.00     0.00     0.00     0.00 -1    -1e-30      0.00 7.107e-01 2.745e-01 2.620e-03 7.154e-04 6.497e-03 -1.000 1.476e-02 -5.824 -3.301 -4.382 -5.530 -6.120 -6.580 -7.235 -7.724 -7.796
0.01471 0.00000 7.26717 11.7141218185 2.6273679733   11.715  4.224  3.6770  0.943    2  0.000  0.538     0.00     0.00     0.00     0.00     0.00 -1    -1e-30      0.00 7.107e-01 2.745e-01 2.620e-03 7.154e-04 6.497e-03 -1.000 1.476e-02 -5.789 -3.078 -4.236 -5.441 -6.054 -6.532 -7.234 -7.747 -7.832
0.01471 0.00000 7.26717 11.7141675949 2.6273679733   11.715  4.206  3.6655  0.914    2  0.000  0.538     0.00     0.00     0.00     0.00     0.00 -1    -1e-30      0.00 7.107e-01 2.745e-01 2.620e-03 7.154e-04 6.497e-03 -1.000 1.476e-02 -5.746 -2.860 -4.078 -5.341 -5.976 -6.471 -7.221 -7.752 -7.855
0.01471 0.00000 7.26717 11.7142257690 2.6273682117   11.715  4.183  3.6540  0.892    2  0.000  0.538     0.00     0.00     0.00     0.00     0.00 -1    -1e-30      0.00 7.107e-01 2.745e-01 2.620e-03 7.154e-04 6.497e-03 -1.000 1.476e-02 -5.687 -2.564 -3.883 -5.209 -5.873 -6.390 -7.189 -7.743 -7.864
0.01471 0.00000 7.26717 11.7142801285 2.6273682117   11.715  4.159  3.6455  0.882    2  0.000  0.538     0.00     0.00     0.00     0.00     0.00 -1    -1e-30      0.00 7.107e-01 2.745e-01 2.620e-03 7.154e-04 6.497e-03 -1.000 1.476e-02 -5.627 -2.284 -3.715 -5.085 -5.774 -6.313 -7.149 -7.727 -7.858
0.01471 0.00000 7.26717 11.7143888474 2.6273682117   11.716  4.131  3.6365  0.874    2  0.000  0.538     0.00     0.00     0.00     0.00     0.00 -1    -1e-30      0.00 7.107e-01 2.745e-01 2.620e-03 7.154e-04 6.497e-03 -1.000 1.476e-02 -5.556 -1.976 -3.524 -4.939 -5.657 -6.223 -7.098 -7.703 -7.844
0.01471 0.00000 7.26717 11.7145538330 2.6273684502   11.716  4.098  3.6257  0.863    2  0.000  0.538     0.00     0.00     0.00     0.00     0.00 -1    -1e-30      0.00 7.107e-01 2.745e-01 2.620e-03 7.154e-04 6.497e-03 -1.000 1.476e-02 -5.476 -1.604 -3.291 -4.759 -5.515 -6.116 -7.038 -7.678 -7.831
0.01471 0.00000 7.26717 11.7146005630 2.6273684502   11.716  4.095  3.6225  0.853    2  0.000  0.538     0.00     0.00     0.00     0.00     0.00 -1    -1e-30      0.00 7.107e-01 2.745e-01 2.620e-03 7.154e-04 6.497e-03 -1.000 1.476e-02 -5.468 -1.503 -3.234 -4.719 -5.488 -6.100 -7.036 -7.687 -7.844
0.01471 0.00000 7.26717 11.7146806717 2.6273684502   11.716  4.118  3.6154  0.803    3  0.000  0.536     0.00     0.00     0.00     0.00     0.00 -1    -1e-30      0.00 7.107e-01 2.745e-01 2.613e-03 7.169e-04 6.497e-03 -1.000 1.476e-02 -5.525 -1.345 -3.177 -4.701 -5.499 -6.138 -7.107 -7.779 -7.945
0.01471 0.00000 7.26717 11.7147417068 2.6273684502   11.716  4.154  3.6091  0.741    3  0.000  0.527     0.00     0.00     0.00     0.00     0.00 -1    -1e-30      0.00 7.107e-01 2.745e-01 2.568e-03 7.440e-04 6.497e-03 -1.000 1.476e-02 -5.616 -1.233 -3.160 -4.722 -5.546 -6.212 -7.211 -7.902 -8.078
0.01471 0.00000 7.26717 11.7147855759 2.6273684502   11.716  4.197  3.6035  0.675    3  0.000  0.493     0.00     0.00     0.00     0.00     0.00 -1    -1e-30      0.00 7.107e-01 2.745e-01 2.404e-03 8.934e-04 6.497e-03 -1.000 1.480e-02 -5.724 -1.162 -3.167 -4.760 -5.610 -6.305 -7.331 -8.038 -8.221
0.01471 0.00000 7.26717 11.7148189545 2.6273684502   11.716  4.239  3.5987  0.615    3  0.000  0.455     0.00     0.00     0.00     0.00     0.00 -1    -1e-30      0.00 7.104e-01 2.748e-01 2.213e-03 1.128e-03 6.487e-03 -1.000 1.486e-02 -5.827 -1.108 -3.180 -4.801 -5.673 -6.394 -7.444 -8.165 -8.356
0.01471 0.00000 7.26717 11.7148485184 2.6273684502   11.716  4.279  3.5945  0.558    3  0.000  0.431     0.00     0.00     0.00     0.00     0.00 -1    -1e-30      0.00 7.092e-01 2.760e-01 2.084e-03 1.327e-03 6.440e-03 -1.000 1.486e-02 -5.927 -1.072 -3.197 -4.842 -5.734 -6.481 -7.554 -8.286 -8.484
0.01471 0.00000 7.26717 11.7148551941 2.6273686886   11.716  4.289  3.5934  0.543    3  0.000  0.427     0.00     0.00     0.00     0.00     0.00 -1    -1e-30      0.00 7.086e-01 2.765e-01 2.055e-03 1.382e-03 6.417e-03 -1.000 1.486e-02 -5.954 -1.064 -3.202 -4.853 -5.751 -6.505 -7.582 -8.318 -8.517
0.01471 0.00000 7.26717 11.7148752213 2.6273686886   11.716  4.318  3.5905  0.503    3  0.000  0.420     0.00     0.00     0.00     0.00     0.00 -1    -1e-30      0.00 7.062e-01 2.789e-01 1.994e-03 1.537e-03 6.327e-03 -1.000 1.486e-02 -6.024 -1.042 -3.216 -4.883 -5.795 -6.566 -7.659 -8.402 -8.606
0.01471 0.00000 7.26717 11.7148971558 2.6273686886   11.716  4.348  3.5875  0.461    3  0.000  0.414     0.00     0.00     0.00     0.00     0.00 -1    -1e-30      0.00 7.038e-01 2.814e-01 1.937e-03 1.690e-03 6.232e-03 -1.000 1.486e-02 -6.101 -1.023 -3.226 -4.909 -5.838 -6.633 -7.743 -8.493 -8.702
0.01471 0.00000 7.26717 11.7149038315 2.6273686886   11.716  4.358  3.5866  0.448    3  0.000  0.413     0.00     0.00     0.00     0.00     0.00 -1    -1e-30      0.00 7.031e-01 2.820e-01 1.923e-03 1.728e-03 6.209e-03 -1.000 1.486e-02 -6.124 -1.018 -3.229 -4.917 -5.850 -6.654 -7.769 -8.521 -8.732
0.01471 0.00000 7.26717 11.7149314880 2.6273686886   11.716  4.395  3.5829  0.395    3  0.000  0.408     0.00     0.00     0.00     0.00     0.00 -1    -1e-30      0.00 7.009e-01 2.842e-01 1.875e-03 1.861e-03 6.125e-03 -1.000 1.485e-02 -6.218 -0.995 -3.240 -4.947 -5.901 -6.736 -7.872 -8.634 -8.851
0.01471 0.00000 7.26717 11.7149667740 2.6273686886   11.716  4.439  3.5785  0.333    3  0.000  0.404     0.00     0.00     0.00     0.00     0.00 -1    -1e-30      0.00 6.991e-01 2.861e-01 1.835e-03 1.972e-03 6.055e-03 -1.000 1.481e-02 -6.329 -0.974 -3.249 -4.975 -5.955 -6.831 -7.993 -8.765 -8.990
0.01471 0.00000 7.26717 11.7150011063 2.6273686886   11.716  4.475  3.5750  0.284    3  0.000  0.401     0.00     0.00     0.00     0.00     0.00 -1    -1e-30      0.00 6.980e-01 2.871e-01 1.811e-03 2.038e-03 6.013e-03 -1.000 1.485e-02 -6.417 -0.963 -3.250 -4.987 -5.989 -6.906 -8.091 -8.872 -9.102
0.01471 0.00000 7.26717 11.7150535583 2.6273686886   11.716  4.513  3.5711  0.230    3  0.000  0.399     0.00     0.00     0.00     0.00     0.00 -1    -1e-30      0.00 6.971e-01 2.881e-01 1.789e-03 2.096e-03 5.977e-03 -1.000 1.481e-02 -6.512 -0.951 -3.250 -4.999 -6.026 -6.986 -8.196 -8.986 -9.223
0.01471 0.00000 7.26717 11.7151374817 2.6273686886   11.716  4.547  3.5676  0.182    3  0.000  0.397     0.00     0.00     0.00     0.00     0.00 -1    -1e-30      0.00 6.964e-01 2.888e-01 1.773e-03 2.141e-03 5.949e-03 -1.000 1.481e-02 -6.597 -0.945 -3.240 -4.995 -6.048 -7.055 -8.290 -9.088 -9.331
0.01471 0.00000 7.26717 11.7153787613 2.6273689270   11.717  4.582  3.5639  0.132    3  0.000  0.395     0.00     0.00     0.00     0.00     0.00 -1    -1e-30      0.00 6.955e-01 2.897e-01 1.755e-03 2.192e-03 5.916e-03 -1.000 1.486e-02 -6.685 -0.941 -3.224 -4.982 -6.064 -7.125 -8.389 -9.195 -9.444
0.01471 0.00000 7.26717 11.7167901993 2.6273698807   11.718  4.625  3.5592  0.070    3  0.000  0.394     0.00     0.00     0.00     0.00     0.00 -1    -1e-30      0.00 6.916e-01 2.936e-01 1.717e-03 2.328e-03 5.815e-03 -1.000 1.480e-02 -6.794 -0.935 -3.200 -4.960 -6.080 -7.210 -8.510 -9.327 -9.583
0.01471 0.00000 7.26717 11.7208299637 2.6273729801   11.722  4.655  3.5563  0.029    3  0.000  0.393     0.00     0.00     0.00     0.00     0.00 -1    -1e-30      0.00 6.854e-01 2.998e-01 1.682e-03 2.474e-03 5.699e-03 -1.000 1.484e-02 -6.867 -0.936 -3.179 -4.934 -6.083 -7.265 -8.593 -9.415 -9.676
0.01471 0.00000 7.26717 11.7306518555 2.6273801327   11.732  4.648  3.5573  0.041    3  0.000  0.393     0.00     0.00     0.00     0.00     0.00 -1    -1e-30      0.00 6.854e-01 2.998e-01 1.681e-03 2.475e-03 5.698e-03 -1.000 1.484e-02 -6.849 -0.941 -3.192 -4.950 -6.089 -7.253 -8.572 -9.392 -9.651
0.01471 0.00000 7.26717 11.7682781219 2.6274073124   11.769  4.611  3.5619  0.097    4  0.000  0.393     0.00     0.00     0.00     0.00     0.00 -1    -1e-30      0.00 6.853e-01 2.998e-01 1.681e-03 2.476e-03 5.697e-03 -1.000 1.485e-02 -6.758 -0.958 -3.240 -5.002 -6.100 -7.189 -8.467 -9.277 -9.530
0.01471 0.00000 7.26717 11.7987966537 2.6274292469   11.800  4.574  3.5665  0.154    4  0.000  0.393     0.00     0.00     0.00     0.00     0.00 -1    -1e-30      0.00 6.853e-01 2.998e-01 1.681e-03 2.476e-03 5.697e-03 -1.000 1.485e-02 -6.664 -0.974 -3.273 -5.032 -6.094 -7.117 -8.361 -9.160 -9.405
0.01471 0.00000 7.26717 11.8267059326 2.6274492741   11.828  4.540  3.5707  0.205    4  0.000  0.393     0.00     0.00     0.00     0.00     0.00 -1    -1e-30      0.00 6.853e-01 2.998e-01 1.681e-03 2.477e-03 5.696e-03 -1.000 1.485e-02 -6.581 -0.992 -3.302 -5.057 -6.088 -7.053 -8.267 -9.056 -9.294
0.01471 0.00000 7.26717 11.8558940887 2.6274700165   11.857  4.514  3.5743  0.247    4  0.000  0.393     0.00     0.00     0.00     0.00     0.00 -1    -1e-30      0.00 6.853e-01 2.998e-01 1.681e-03 2.478e-03 5.696e-03 -1.000 1.485e-02 -6.515 -1.019 -3.323 -5.068 -6.077 -7.001 -8.192 -8.972 -9.204
0.01471 0.00000 7.26717 11.9012136459 2.6275019646   11.902  4.493  3.5783  0.286    4  0.000  0.393     0.00     0.00     0.00     0.00     0.00 -1    -1e-30      0.00 6.853e-01 2.998e-01 1.680e-03 2.479e-03 5.695e-03 -1.000 1.486e-02 -6.462 -1.062 -3.363 -5.100 -6.085 -6.964 -8.130 -8.900 -9.126
0.01471 0.00000 7.26717 11.9984436035 2.6275696754   11.999  4.475  3.5841  0.331    4  0.000  0.393     0.00     0.00     0.00     0.00     0.00 -1    -1e-30      0.00 6.853e-01 2.999e-01 1.680e-03 2.481e-03 5.693e-03 -1.000 1.486e-02 -6.418 -1.161 -3.441 -5.161 -6.114 -6.941 -8.072 -8.826 -9.043
0.01471 0.00000 7.26717 12.0000000000 2.6275708675   12.001  4.475  3.5842  0.331    4  0.000  0.393     0.00     0.00     0.00     0.00     0.00 -1    -1e-30      0.00 6.853e-01 2.999e-01 1.680e-03 2.481e-03 5.693e-03 -1.000 1.486e-02 -6.418 -1.162 -3.442 -5.162 -6.115 -6.941 -8.072 -8.825 -9.043
0.01471 0.00000 7.26717 12.0217008591 2.6275856495   12.019  4.474  3.5851  0.336    4  0.000  0.393     0.00     0.00     0.00     0.00     0.00 -1 -1.89e-30      0.00 6.851e-01 3.000e-01 1.679e-03 2.484e-03 5.691e-03 -1.000 1.486e-02 -6.416 -1.182 -3.459 -5.176 -6.124 -6.942 -8.068 -8.819 -9.035
0.01471 0.00000 7.26717 12.0419530869 2.6275997162   12.035  4.477  3.5852  0.334    4  0.000  0.393     0.00     0.00     0.00     0.00     0.00 -1 -3.41e-30      0.00 6.850e-01 3.001e-01 1.679e-03 2.487e-03 5.688e-03 -1.000 1.486e-02 -6.423 -1.189 -3.466 -5.183 -6.132 -6.949 -8.075 -8.825 -9.041
0.01471 0.00000 7.26717 12.0725059509 2.6276204586   12.060  4.482  3.5855  0.331    5  0.000  0.394     0.00     0.00     0.00     0.00     0.00 -1 -8.35e-30      0.00 6.849e-01 3.003e-01 1.678e-03 2.491e-03 5.685e-03 -1.000 1.486e-02 -6.435 -1.205 -3.483 -5.201 -6.148 -6.963 -8.087 -8.836 -9.052
0.01471 0.00000 7.26717 12.0756759644 2.6276226044   12.062  4.484  3.5857  0.331    5  0.000  0.394     0.00     0.00     0.00     0.00     0.00 -1 -9.21e-30      0.00 6.848e-01 3.003e-01 1.678e-03 2.492e-03 5.684e-03 -1.000 1.486e-02 -6.439 -1.212 -3.491 -5.208 -6.154 -6.968 -8.091 -8.839 -9.055
0.01471 0.00000 7.26717 12.0770072937 2.6276235580   12.063  4.485  3.5860  0.330    5  0.000  0.394     0.00     0.00     0.00     0.00     0.00 -1 -9.63e-30      0.00 6.848e-01 3.003e-01 1.678e-03 2.492e-03 5.684e-03 -1.000 1.486e-02 -6.443 -1.219 -3.498 -5.215 -6.160 -6.971 -8.094 -8.841 -9.056
0.01471 0.00000 7.26717 12.0776777267 2.6276240349   12.063  4.486  3.5864  0.331    5  0.000  0.394     0.00     0.00     0.00     0.00     0.00 -1 -9.87e-30      0.00 6.848e-01 3.003e-01 1.678e-03 2.492e-03 5.684e-03 -1.000 1.486e-02 -6.445 -1.231 -3.509 -5.225 -6.168 -6.976 -8.096 -8.841 -9.056
0.01471 0.00000 7.26717 12.0779399872 2.6276240349   12.064  4.487  3.5871  0.333    5  0.000  0.394     0.00     0.00     0.00     0.00     0.00 -1 -9.99e-30      0.00 6.848e-01 3.003e-01 1.678e-03 2.492e-03 5.684e-03 -1.000 1.486e-02 -6.446 -1.246 -3.522 -5.237 -6.177 -6.979 -8.096 -8.839 -9.053
0.01471 0.00000 7.26717 12.0780954361 2.6276242733   12.064  4.487  3.5877  0.336    5  0.000  0.394     0.00     0.00     0.00     0.00     0.00 -1 -1.01e-29      0.00 6.848e-01 3.003e-01 1.678e-03 2.492e-03 5.684e-03 -1.000 1.486e-02 -6.447 -1.261 -3.536 -5.248 -6.185 -6.982 -8.095 -8.836 -9.049
0.01471 0.00000 7.26717 12.0782508850 2.6276242733   12.064  4.487  3.5886  0.339    5  0.000  0.394     0.00     0.00     0.00     0.00     0.00 -1 -1.01e-29      0.00 6.848e-01 3.003e-01 1.678e-03 2.492e-03 5.684e-03 -1.000 1.486e-02 -6.447 -1.282 -3.553 -5.264 -6.196 -6.985 -8.093 -8.832 -9.044
0.01471 0.00000 7.26717 12.0784244537 2.6276245117   12.064  4.487  3.5898  0.344    5  0.000  0.394     0.00     0.00     0.00     0.00     0.00 -1 -1.02e-29      0.00 6.848e-01 3.003e-01 1.678e-03 2.492e-03 5.684e-03 -1.000 1.486e-02 -6.447 -1.307 -3.575 -5.282 -6.209 -6.989 -8.091 -8.827 -9.037
0.01471 0.00000 7.26717 12.0786180496 2.6276245117   12.064  4.487  3.5909  0.348    5  0.000  0.394     0.00     0.00     0.00     0.00     0.00 -1 -1.03e-29      0.00 6.848e-01 3.003e-01 1.678e-03 2.492e-03 5.684e-03 -1.000 1.486e-02 -6.448 -1.336 -3.597 -5.300 -6.221 -6.993 -8.089 -8.821 -9.029
0.01471 0.00000 7.26717 12.0788354874 2.6276247501   12.064  4.487  3.5921  0.353    5  0.000  0.394     0.00     0.00     0.00     0.00     0.00 -1 -1.04e-29      0.00 6.848e-01 3.003e-01 1.678e-03 2.492e-03 5.684e-03 -1.000 1.486e-02 -6.448 -1.365 -3.618 -5.316 -6.232 -6.997 -8.087 -8.815 -9.022
0.01471 0.00000 7.26717 12.0790767670 2.6276249886   12.064  4.487  3.5932  0.357    5  0.000  0.394     0.00     0.00     0.00     0.00     0.00 -1 -1.05e-29      0.00 6.848e-01 3.003e-01 1.678e-03 2.492e-03 5.684e-03 -1.000 1.486e-02 -6.448 -1.394 -3.638 -5.332 -6.243 -7.001 -8.086 -8.809 -9.015
0.01471 0.00000 7.26717 12.0793495178 2.6276249886   12.065  4.487  3.5943  0.362    5  0.000  0.394     0.00     0.00     0.00     0.00     0.00 -1 -1.06e-29      0.00 6.848e-01 3.003e-01 1.678e-03 2.492e-03 5.684e-03 -1.000 1.486e-02 -6.448 -1.422 -3.658 -5.348 -6.253 -7.005 -8.084 -8.804 -9.008
0.01471 0.00000 7.26717 12.0796527863 2.6276252270   12.065  4.487  3.5954  0.366    5  0.000  0.394     0.00     0.00     0.00     0.00     0.00 -1 -1.07e-29      0.00 6.848e-01 3.003e-01 1.678e-03 2.492e-03 5.684e-03 -1.000 1.486e-02 -6.448 -1.449 -3.677 -5.363 -6.263 -7.008 -8.082 -8.799 -9.001
0.01471 0.00000 7.26717 12.0799922943 2.6276254654   12.065  4.487  3.5964  0.370    5  0.000  0.394     0.00     0.00     0.00     0.00     0.00 -1 -1.09e-29      0.00 6.848e-01 3.003e-01 1.678e-03 2.492e-03 5.684e-03 -1.000 1.486e-02 -6.448 -1.474 -3.696 -5.377 -6.273 -7.011 -8.080 -8.794 -8.994
0.01471 0.00000 7.26717 12.0803718567 2.6276257038   12.065  4.487  3.5974  0.374    5  0.000  0.394     0.00     0.00     0.00     0.00     0.00 -1  -1.1e-29      0.00 6.848e-01 3.003e-01 1.678e-03 2.492e-03 5.684e-03 -1.000 1.486e-02 -6.448 -1.499 -3.713 -5.391 -6.282 -7.014 -8.078 -8.789 -8.988
0.01471 0.00000 7.26717 12.0807952881 2.6276261806   12.066  4.487  3.5983  0.378    5  0.000  0.394     0.00     0.00     0.00     0.00     0.00 -1 -1.12e-29      0.00 6.848e-01 3.003e-01 1.678e-03 2.492e-03 5.684e-03 -1.000 1.486e-02 -6.448 -1.522 -3.729 -5.404 -6.291 -7.017 -8.077 -8.784 -8.982
0.01471 0.00000 7.26717 12.0812692642 2.6276264191   12.066  4.487  3.5991  0.381    5  0.000  0.394     0.00     0.00     0.00     0.00     0.00 -1 -1.14e-29      0.00 6.848e-01 3.003e-01 1.678e-03 2.493e-03 5.684e-03 -1.000 1.486e-02 -6.448 -1.542 -3.744 -5.415 -6.298 -7.020 -8.075 -8.780 -8.977
0.01471 0.00000 7.26717 12.0818004608 2.6276266575   12.066  4.487  3.5998  0.384    5  0.000  0.394     0.00     0.00     0.00     0.00     0.00 -1 -1.16e-29      0.00 6.848e-01 3.003e-01 1.678e-03 2.493e-03 5.684e-03 -1.000 1.486e-02 -6.448 -1.560 -3.756 -5.425 -6.305 -7.022 -8.074 -8.776 -8.973
0.01471 0.00000 7.26717 12.0823936462 2.6276271343   12.067  4.487  3.6004  0.386    5  0.000  0.394     0.00     0.00     0.00     0.00     0.00 -1 -1.18e-29      0.00 6.848e-01 3.003e-01 1.678e-03 2.493e-03 5.684e-03 -1.000 1.486e-02 -6.448 -1.576 -3.767 -5.432 -6.310 -7.024 -8.073 -8.773 -8.969
0.01471 0.00000 7.26717 12.0830574036 2.6276276112   12.067  4.487  3.6009  0.388    5  0.000  0.394     0.00     0.00     0.00     0.00     0.00 -1  -1.2e-29      0.00 6.848e-01 3.003e-01 1.678e-03 2.493e-03 5.684e-03 -1.000 1.486e-02 -6.448 -1.590 -3.776 -5.439 -6.314 -7.025 -8.072 -8.771 -8.966
0.01471 0.00000 7.26717 12.0846290588 2.6276288033   12.068  4.487  3.6017  0.391    5  0.000  0.394     0.00     0.00     0.00     0.00     0.00 -1 -1.26e-29      0.00 6.848e-01 3.004e-01 1.678e-03 2.493e-03 5.683e-03 -1.000 1.486e-02 -6.448 -1.613 -3.790 -5.449 -6.321 -7.028 -8.071 -8.767 -8.961
0.01471 0.00000 7.26717 12.0874338150 2.6276304722   12.070  4.488  3.6027  0.395    5  0.000  0.394     0.00     0.00     0.00     0.00     0.00 -1 -1.25e-29      0.00 6.848e-01 3.004e-01 1.678e-03 2.493e-03 5.683e-03 -1.000 1.486e-02 -6.450 -1.640 -3.808 -5.462 -6.330 -7.032 -8.071 -8.764 -8.956
0.01471 0.00000 7.26717 12.0934820175 2.6276347637   12.075  4.489  3.6044  0.400    5  0.000  0.394     0.00     0.00     0.00     0.00     0.00 -1 -1.49e-29      0.00 6.847e-01 3.004e-01 1.677e-03 2.494e-03 5.682e-03 -1.000 1.486e-02 -6.453 -1.689 -3.839 -5.486 -6.346 -7.040 -8.071 -8.758 -8.948
0.01471 0.00000 7.26717 12.1010684967 2.6276397705   12.080  4.491  3.6064  0.407    5  0.000  0.394     0.00     0.00     0.00     0.00     0.00 -1 -1.86e-29      0.00 6.847e-01 3.004e-01 1.677e-03 2.495e-03 5.682e-03 -1.000 1.486e-02 -6.456 -1.748 -3.877 -5.515 -6.366 -7.050 -8.071 -8.752 -8.939
0.01471 0.00000 7.26717 12.1161527634 2.6276500225   12.092  4.493  3.6101  0.419    5  0.000  0.394     0.00     0.00     0.00     0.00     0.00 -1 -2.88e-29      0.00 6.846e-01 3.005e-01 1.677e-03 2.498e-03 5.680e-03 -1.000 1.486e-02 -6.464 -1.855 -3.947 -5.567 -6.403 -7.069 -8.072 -8.741 -8.923
0.01471 0.00000 7.26717 12.1223077774 2.6276540756   12.096  4.495  3.6114  0.424    5  0.000  0.394     0.00     0.00     0.00     0.00     0.00 -1 -3.44e-29      0.00 6.846e-01 3.006e-01 1.677e-03 2.498e-03 5.679e-03 -1.000 1.486e-02 -6.467 -1.897 -3.972 -5.585 -6.415 -7.076 -8.072 -8.737 -8.918
0.01471 0.00000 7.26717 12.1465015411 2.6276705265   12.114  4.502  3.6149  0.431    5  0.000  0.394     0.00     0.00     0.00     0.00     0.00 -1 -6.88e-29      0.00 6.844e-01 3.007e-01 1.676e-03 2.502e-03 5.676e-03 -1.000 1.486e-02 -6.484 -2.011 -4.044 -5.641 -6.456 -7.103 -8.084 -8.738 -8.914
0.01471 0.00000 7.26717 12.1595602036 2.6276791096   12.124  4.505  3.6162  0.433    6  0.000  0.394     0.00     0.00     0.00     0.00     0.00 -1 -9.98e-29      0.00 6.844e-01 3.008e-01 1.676e-03 2.504e-03 5.675e-03 -1.000 1.486e-02 -6.493 -2.057 -4.075 -5.665 -6.475 -7.116 -8.091 -8.740 -8.915
0.01471 0.00000 7.26717 12.1696128845 2.6276857853   12.131  4.508  3.6170  0.434    6  0.000  0.394     0.00     0.00     0.00     0.00     0.00 -1 -1.33e-28      0.00 6.843e-01 3.008e-01 1.675e-03 2.505e-03 5.674e-03 -1.000 1.486e-02 -6.500 -2.085 -4.094 -5.680 -6.488 -7.125 -8.097 -8.743 -8.917
0.01471 0.00000 7.26717 12.1782131195 2.6276917458   12.137  4.511  3.6175  0.434    6  0.000  0.394     0.00     0.00     0.00     0.00     0.00 -1  -1.7e-28      0.00 6.842e-01 3.009e-01 1.675e-03 2.506e-03 5.673e-03 -1.000 1.486e-02 -6.506 -2.105 -4.108 -5.692 -6.497 -7.133 -8.102 -8.747 -8.920
0.01471 0.00000 7.26717 12.1849784851 2.6276960373   12.141  4.513  3.6176  0.431    6  0.000  0.394     0.00     0.00     0.00     0.00     0.00 -1 -2.49e-28      0.00 6.842e-01 3.009e-01 1.675e-03 2.507e-03 5.672e-03 -1.000 1.486e-02 -6.513 -2.111 -4.115 -5.699 -6.504 -7.140 -8.109 -8.753 -8.926
0.01471 0.00000 7.26717 12.1900711060 2.6276996136   12.143  4.516  3.6173  0.428    6  0.000  0.394     0.00     0.00     0.00     0.00     0.00 -1 -2.89e-28      0.00 6.842e-01 3.010e-01 1.675e-03 2.508e-03 5.671e-03 -1.000 1.486e-02 -6.519 -2.108 -4.116 -5.702 -6.509 -7.145 -8.115 -8.761 -8.934
0.01471 0.00000 7.26717 12.1957101822 2.6277031898   12.145  4.518  3.6170  0.424    6  0.000  0.394     0.00     0.00     0.00     0.00     0.00 -1  -3.4e-28      0.00 6.841e-01 3.010e-01 1.675e-03 2.509e-03 5.671e-03 -1.000 1.486e-02 -6.526 -2.101 -4.116 -5.705 -6.513 -7.151 -8.123 -8.769 -8.943
0.01471 0.00000 7.26717 12.1998071671 2.6277060509   12.146  4.520  3.6166  0.421    6  0.000  0.394     0.00     0.00     0.00     0.00     0.00 -1 -3.83e-28      0.00 6.841e-01 3.010e-01 1.675e-03 2.509e-03 5.670e-03 -1.000 1.486e-02 -6.530 -2.094 -4.114 -5.705 -6.515 -7.155 -8.128 -8.775 -8.949
0.01471 0.00000 7.26717 12.2044458389 2.6277091503   12.148  4.523  3.6161  0.416    6  0.000  0.394     0.00     0.00     0.00     0.00     0.00 -1 -4.38e-28      0.00 6.841e-01 3.010e-01 1.675e-03 2.510e-03 5.670e-03 -1.000 1.486e-02 -6.537 -2.082 -4.111 -5.705 -6.517 -7.159 -8.136 -8.784 -8.959
0.01471 0.00000 7.26717 12.2082958221 2.6277115345   12.149  4.525  3.6155  0.412    6  0.000  0.394     0.00     0.00     0.00     0.00     0.00 -1 -4.89e-28      0.00 6.841e-01 3.011e-01 1.674e-03 2.511e-03 5.669e-03 -1.000 1.486e-02 -6.542 -2.069 -4.107 -5.704 -6.519 -7.163 -8.142 -8.792 -8.968
0.01471 0.00000 7.26717 12.2126398087 2.6277146339   12.151  4.527  3.6148  0.407    6  0.000  0.394     0.00     0.00     0.00     0.00     0.00 -1 -5.55e-28      0.00 6.840e-01 3.011e-01 1.674e-03 2.511e-03 5.669e-03 -1.000 1.486e-02 -6.548 -2.051 -4.100 -5.702 -6.520 -7.167 -8.150 -8.802 -8.979
0.01471 0.00000 7.26717 12.2158946991 2.6277167797   12.152  4.529  3.6141  0.402    6  0.000  0.394     0.00     0.00     0.00     0.00     0.00 -1  -6.1e-28      0.00 6.840e-01 3.011e-01 1.674e-03 2.512e-03 5.669e-03 -1.000 1.486e-02 -6.552 -2.034 -4.092 -5.699 -6.519 -7.170 -8.155 -8.809 -8.987
0.01471 0.00000 7.26717 12.2194929123 2.6277191639   12.153  4.531  3.6133  0.397    6  0.000  0.394     0.00     0.00     0.00     0.00     0.00 -1 -6.75e-28      0.00 6.840e-01 3.011e-01 1.674e-03 2.512e-03 5.668e-03 -1.000 1.486e-02 -6.557 -2.012 -4.083 -5.694 -6.518 -7.172 -8.162 -8.818 -8.998
0.01471 0.00000 7.26717 12.2225599289 2.6277210712   12.154  4.533  3.6124  0.392    6  0.000  0.394     0.00     0.00     0.00     0.00     0.00 -1 -7.38e-28      0.00 6.840e-01 3.011e-01 1.674e-03 2.513e-03 5.668e-03 -1.000 1.486e-02 -6.561 -1.990 -4.073 -5.689 -6.517 -7.174 -8.167 -8.827 -9.007
0.01471 0.00000 7.26717 12.2257404327 2.6277232170   12.155  4.534  3.6115  0.386    6  0.000  0.394     0.00     0.00     0.00     0.00     0.00 -1 -8.07e-28      0.00 6.840e-01 3.012e-01 1.674e-03 2.513e-03 5.667e-03 -1.000 1.486e-02 -6.566 -1.963 -4.060 -5.682 -6.514 -7.175 -8.173 -8.836 -9.017
0.01471 0.00000 7.26717 12.2288322449 2.6277251244   12.156  4.536  3.6104  0.381    6  0.000  0.394     0.00     0.00     0.00     0.00     0.00 -1 -8.82e-28      0.00 6.840e-01 3.012e-01 1.674e-03 2.514e-03 5.667e-03 -1.000 1.486e-02 -6.570 -1.933 -4.046 -5.674 -6.510 -7.176 -8.179 -8.845 -9.028
0.01471 0.00000 7.26717 12.2317810059 2.6277272701   12.157  4.537  3.6092  0.374    6  0.000  0.394     0.00     0.00     0.00     0.00     0.00 -1 -9.58e-28      0.00 6.839e-01 3.012e-01 1.674e-03 2.514e-03 5.667e-03 -1.000 1.486e-02 -6.573 -1.902 -4.029 -5.663 -6.505 -7.177 -8.185 -8.854 -9.039
0.01471 0.00000 7.26717 12.2345752716 2.6277289391   12.158  4.539  3.6079  0.368    6  0.000  0.394     0.00     0.00     0.00     0.00     0.00 -1 -1.04e-27      0.00 6.839e-01 3.012e-01 1.674e-03 2.514e-03 5.666e-03 -1.000 1.486e-02 -6.577 -1.869 -4.010 -5.650 -6.498 -7.176 -8.191 -8.864 -9.051
0.01471 0.00000 7.26717 12.2372169495 2.6277308464   12.159  4.540  3.6065  0.361    6  0.000  0.394     0.00     0.00     0.00     0.00     0.00 -1 -1.11e-27      0.00 6.839e-01 3.012e-01 1.674e-03 2.515e-03 5.666e-03 -1.000 1.486e-02 -6.580 -1.831 -3.988 -5.636 -6.490 -7.175 -8.197 -8.875 -9.064
0.01471 0.00000 7.26717 12.2397127151 2.6277325153   12.160  4.541  3.6048  0.353    6  0.000  0.394     0.00     0.00     0.00     0.00     0.00 -1 -1.19e-27      0.00 6.839e-01 3.012e-01 1.674e-03 2.515e-03 5.666e-03 -1.000 1.486e-02 -6.583 -1.788 -3.963 -5.618 -6.480 -7.173 -8.203 -8.886 -9.077
0.01471 0.00000 7.26717 12.2420654297 2.6277339458   12.161  4.542  3.6030  0.345    6  0.000  0.394     0.00     0.00     0.00     0.00     0.00 -1 -1.27e-27      0.00 6.839e-01 3.013e-01 1.674e-03 2.515e-03 5.666e-03 -1.000 1.486e-02 -6.586 -1.738 -3.933 -5.598 -6.468 -7.170 -8.209 -8.898 -9.091
0.01471 0.00000 7.26717 12.2431907654 2.6277346611   12.161  4.543  3.6020  0.340    6  0.000  0.394     0.00     0.00     0.00     0.00     0.00 -1 -1.31e-27      0.00 6.839e-01 3.013e-01 1.674e-03 2.516e-03 5.665e-03 -1.000 1.486e-02 -6.587 -1.711 -3.917 -5.587 -6.461 -7.169 -8.212 -8.904 -9.099
0.01471 0.00000 7.26717 12.2442817688 2.6277353764   12.162  4.543  3.6009  0.335    6  0.000  0.394     0.00     0.00     0.00     0.00     0.00 -1 -1.35e-27      0.00 6.839e-01 3.013e-01 1.674e-03 2.516e-03 5.665e-03 -1.000 1.486e-02 -6.588 -1.681 -3.899 -5.574 -6.453 -7.166 -8.215 -8.911 -9.107
0.01471 0.00000 7.26717 12.2453403473 2.6277360916   12.162  4.544  3.5997  0.330    6  0.000  0.394     0.00     0.00     0.00     0.00     0.00 -1 -1.39e-27      0.00 6.839e-01 3.013e-01 1.674e-03 2.516e-03 5.665e-03 -1.000 1.486e-02 -6.589 -1.649 -3.879 -5.560 -6.444 -7.164 -8.218 -8.918 -9.116
0.01471 0.00000 7.26717 12.2463684082 2.6277368069   12.162  4.544  3.5983  0.324    6  0.000  0.394     0.00     0.00     0.00     0.00     0.00 -1 -1.42e-27      0.00 6.839e-01 3.013e-01 1.673e-03 2.516e-03 5.665e-03 -1.000 1.486e-02 -6.590 -1.617 -3.856 -5.542 -6.433 -7.160 -8.221 -8.925 -9.125
0.01471 0.00000 7.26717 12.2473640442 2.6277375221   12.163  4.544  3.5969  0.318    6  0.000  0.394     0.00     0.00     0.00     0.00     0.00 -1 -1.46e-27      0.00 6.838e-01 3.013e-01 1.673e-03 2.516e-03 5.665e-03 -1.000 1.486e-02 -6.591 -1.581 -3.830 -5.522 -6.420 -7.157 -8.225 -8.933 -9.135
0.01471 0.00000 7.26717 12.2483282089 2.6277379990   12.163  4.545  3.5952  0.311    6  0.000  0.394     0.00     0.00     0.00     0.00     0.00 -1 -1.49e-27      0.00 6.838e-01 3.013e-01 1.673e-03 2.516e-03 5.665e-03 -1.000 1.486e-02 -6.591 -1.539 -3.801 -5.500 -6.405 -7.152 -8.228 -8.942 -9.146
0.01471 0.00000 7.26717 12.2492637634 2.6277387142   12.164  4.545  3.5933  0.304    6  0.000  0.394     0.00     0.00     0.00     0.00     0.00 -1 -1.53e-27      0.00 6.838e-01 3.013e-01 1.673e-03 2.517e-03 5.665e-03 -1.000 1.486e-02 -6.592 -1.491 -3.767 -5.473 -6.387 -7.146 -8.232 -8.952 -9.159
0.01471 0.00000 7.26717 12.2497177124 2.6277389526   12.164  4.545  3.5923  0.299    6  0.000  0.394     0.00     0.00     0.00     0.00     0.00 -1 -1.54e-27      0.00 6.838e-01 3.013e-01 1.673e-03 2.517e-03 5.665e-03 -1.000 1.486e-02 -6.592 -1.465 -3.748 -5.459 -6.377 -7.143 -8.234 -8.958 -9.166
0.01471 0.00000 7.26717 12.2502241135 2.6277394295   12.164  4.545  3.5910  0.294    6  0.000  0.394     0.00     0.00     0.00     0.00     0.00 -1 -1.56e-27      0.00 6.838e-01 3.013e-01 1.673e-03 2.517e-03 5.665e-03 -1.000 1.486e-02 -6.592 -1.433 -3.725 -5.440 -6.365 -7.139 -8.237 -8.964 -9.174
0.01471 0.00000 7.26717 12.2508230209 2.6277396679   12.164  4.545  3.5893  0.287    6  0.000  0.394     0.00     0.00     0.00     0.00     0.00 -1 -1.57e-27      0.00 6.838e-01 3.013e-01 1.673e-03 2.517e-03 5.665e-03 -1.000 1.486e-02 -6.592 -1.392 -3.693 -5.414 -6.347 -7.133 -8.240 -8.973 -9.185
0.01471 0.00000 7.26717 12.2511987686 2.6277399063   12.165  4.545  3.5881  0.283    6  0.000  0.394     0.00     0.00     0.00     0.00     0.00 -1 -1.58e-27      0.00 6.838e-01 3.013e-01 1.673e-03 2.517e-03 5.665e-03 -1.000 1.486e-02 -6.592 -1.365 -3.670 -5.394 -6.333 -7.129 -8.242 -8.978 -9.192
0.01471 0.00000 7.26717 12.2516670227 2.6277403831   12.165  4.544  3.5864  0.276    6  0.000  0.394     0.00     0.00     0.00     0.00     0.00 -1 -1.59e-27      0.00 6.838e-01 3.013e-01 1.673e-03 2.517e-03 5.664e-03 -1.000 1.486e-02 -6.591 -1.328 -3.637 -5.367 -6.313 -7.122 -8.244 -8.986 -9.203
0.01471 0.00000 7.26717 12.2519435883 2.6277403831   12.165  4.544  3.5854  0.272    6  0.000  0.394     0.00     0.00     0.00     0.00     0.00 -1  -1.6e-27      0.00 6.838e-01 3.013e-01 1.673e-03 2.517e-03 5.664e-03 -1.000 1.486e-02 -6.591 -1.304 -3.616 -5.348 -6.301 -7.118 -8.246 -8.991 -9.209
0.01471 0.00000 7.26717 12.2522525787 2.6277406216   12.165  4.544  3.5841  0.268    6  0.000  0.394     0.00     0.00     0.00     0.00     0.00 -1  -1.6e-27      0.00 6.838e-01 3.013e-01 1.673e-03 2.517e-03 5.664e-03 -1.000 1.486e-02 -6.590 -1.276 -3.592 -5.327 -6.285 -7.113 -8.247 -8.997 -9.216
0.01471 0.00000 7.26717 12.2525997162 2.6277408600   12.165  4.543  3.5827  0.263    6  0.000  0.394     0.00     0.00     0.00     0.00     0.00 -1 -1.61e-27      0.00 6.838e-01 3.013e-01 1.673e-03 2.517e-03 5.664e-03 -1.000 1.486e-02 -6.588 -1.245 -3.564 -5.303 -6.268 -7.107 -8.248 -9.002 -9.224
0.01471 0.00000 7.26717 12.2530078888 2.6277410984   12.165  4.542  3.5814  0.258    6  0.000  0.394     0.00     0.00     0.00     0.00     0.00 -1 -1.61e-27      0.00 6.838e-01 3.013e-01 1.673e-03 2.517e-03 5.664e-03 -1.000 1.486e-02 -6.586 -1.214 -3.536 -5.279 -6.250 -7.100 -8.249 -9.007 -9.230
0.01471 0.00000 7.26717 12.2533855438 2.6277413368   12.166  4.541  3.5804  0.255    6  0.000  0.394     0.00     0.00     0.00     0.00     0.00 -1 -1.61e-27      0.00 6.838e-01 3.013e-01 1.673e-03 2.517e-03 5.664e-03 -1.000 1.486e-02 -6.583 -1.189 -3.514 -5.259 -6.235 -7.093 -8.247 -9.009 -9.233
0.01471 0.00000 7.26717 12.2541046143 2.6277418137   12.166  4.539  3.5793  0.253    6  0.000  0.394     0.00     0.00     0.00     0.00     0.00 -1 -1.63e-27      0.00 6.838e-01 3.013e-01 1.673e-03 2.517e-03 5.664e-03 -1.000 1.486e-02 -6.578 -1.165 -3.488 -5.234 -6.216 -7.084 -8.245 -9.009 -9.235
0.01471 0.00000 7.26717 12.2548999786 2.6277422905   12.166  4.536  3.5785  0.253    6  0.000  0.394     0.00     0.00     0.00     0.00     0.00 -1 -1.64e-27      0.00 6.838e-01 3.013e-01 1.673e-03 2.517e-03 5.664e-03 -1.000 1.486e-02 -6.570 -1.145 -3.464 -5.210 -6.196 -7.073 -8.238 -9.005 -9.232
0.01471 0.00000 7.26717 12.2559976578 2.6277432442   12.167  4.535  3.5772  0.250    6  0.000  0.394     0.00     0.00     0.00     0.00     0.00 -1 -1.65e-27      0.00 6.838e-01 3.013e-01 1.673e-03 2.517e-03 5.664e-03 -1.000 1.486e-02 -6.566 -1.118 -3.433 -5.179 -6.173 -7.064 -8.237 -9.008 -9.237
0.01471 0.00000 7.26717 12.2568120956 2.6277437210   12.167  4.539  3.5764  0.242    6  0.000  0.394     0.00     0.00     0.00     0.00     0.00 -1 -1.71e-27      0.00 6.838e-01 3.013e-01 1.673e-03 2.518e-03 5.664e-03 -1.000 1.486e-02 -6.577 -1.108 -3.424 -5.172 -6.170 -7.072 -8.250 -9.024 -9.254
0.01471 0.00000 7.26717 12.2600374222 2.6277458668   12.169  4.544  3.5755  0.233    6  0.000  0.394     0.00     0.00     0.00     0.00     0.00 -1 -1.93e-27      0.00 6.838e-01 3.014e-01 1.673e-03 2.518e-03 5.664e-03 -1.000 1.486e-02 -6.591 -1.101 -3.418 -5.168 -6.171 -7.083 -8.266 -9.042 -9.273
0.01471 0.00000 7.26717 12.2752923965 2.6277558804   12.177  4.596  3.5686  0.154    6  0.000  0.394     0.00     0.00     0.00     0.00     0.00 -1 -3.06e-27      0.00 6.837e-01 3.014e-01 1.673e-03 2.520e-03 5.662e-03 -1.000 1.486e-02 -6.720 -1.057 -3.376 -5.141 -6.189 -7.183 -8.412 -9.205 -9.447
0.01471 0.00000 7.26717 12.2761459351 2.6277563572   12.177  4.607  3.5672  0.137    6  0.000  0.394     0.00     0.00     0.00     0.00     0.00 -1 -3.16e-27      0.00 6.837e-01 3.015e-01 1.673e-03 2.520e-03 5.662e-03 -1.000 1.486e-02 -6.747 -1.051 -3.365 -5.130 -6.190 -7.204 -8.444 -9.240 -9.484
0.01471 0.00000 7.26717 12.2762250900 2.6277563572   12.177  4.610  3.5669  0.133    7  0.000  0.394     0.00     0.00     0.00     0.00     0.00 -1 -3.17e-27      0.00 6.837e-01 3.015e-01 1.673e-03 2.520e-03 5.662e-03 -1.000 1.486e-02 -6.754 -1.051 -3.363 -5.129 -6.190 -7.209 -8.451 -9.248 -9.493
0.01471 0.00000 7.26717 12.2768802643 2.6277568340   12.178  4.641  3.5632  0.088    7  0.000  0.394     0.00     0.00     0.00     0.00     0.00 -1 -3.25e-27      0.00 6.837e-01 3.015e-01 1.673e-03 2.521e-03 5.662e-03 -1.000 1.486e-02 -6.832 -1.040 -3.340 -5.108 -6.198 -7.269 -8.539 -9.344 -9.595
0.01471 0.00000 7.26717 12.2804965973 2.6277592182   12.180  4.673  3.5593  0.040    7  0.000  0.394     0.00     0.00     0.00     0.00     0.00 -1 -3.69e-27      0.00 6.837e-01 3.015e-01 1.672e-03 2.522e-03 5.661e-03 -1.000 1.486e-02 -6.912 -1.029 -3.312 -5.080 -6.201 -7.330 -8.630 -9.444 -9.702
0.01471 0.00000 7.26717 12.2818288803 2.6277601719   12.181  4.708  3.5553 -0.011    7  0.000  0.393     0.00     0.00     0.00     0.00     0.00 -1 -3.85e-27      0.00 6.837e-01 3.015e-01 1.671e-03 2.522e-03 5.661e-03 -1.000 1.486e-02 -7.000 -1.022 -3.269 -5.030 -6.191 -7.391 -8.730 -9.552 -9.816
0.01471 0.00000 7.26717 12.2830219269 2.6277608871   12.181  4.742  3.5514 -0.060    7  0.000  0.392     0.00     0.00     0.00     0.00     0.00 -1 -4.01e-27      0.00 6.836e-01 3.015e-01 1.666e-03 2.527e-03 5.661e-03 -1.000 1.486e-02 -7.084 -1.016 -3.225 -4.979 -6.181 -7.450 -8.826 -9.656 -9.927
0.01471 0.00000 7.26717 12.2845106125 2.6277618408   12.182  4.777  3.5473 -0.112    7  0.000  0.390     0.00     0.00     0.00     0.00     0.00 -1 -4.21e-27      0.00 6.836e-01 3.015e-01 1.655e-03 2.540e-03 5.661e-03 -1.000 1.486e-02 -7.172 -1.012 -3.164 -4.904 -6.157 -7.504 -8.927 -9.764 -10.042
0.01471 0.00000 7.26717 12.2864580154 2.6277630329   12.183  4.816  3.5428 -0.169    7  0.000  0.388     0.00     0.00     0.00     0.00     0.00 -1 -4.51e-27      0.00 6.836e-01 3.015e-01 1.649e-03 2.548e-03 5.660e-03 -1.000 1.486e-02 -7.269 -1.009 -3.087 -4.808 -6.122 -7.559 -9.039 -9.884 -10.169
0.01471 0.00000 7.26717 12.2885770798 2.6277644634   12.184  4.852  3.5386 -0.221    7  0.000  0.387     0.00     0.00     0.00     0.00     0.00 -1 -4.89e-27      0.00 6.835e-01 3.016e-01 1.644e-03 2.556e-03 5.659e-03 -1.000 1.486e-02 -7.359 -1.006 -3.007 -4.708 -6.085 -7.605 -9.144 -9.995 -10.288
0.01471 0.00000 7.26717 12.2908430099 2.6277658939   12.185  4.893  3.5341 -0.280    7  0.000  0.386     0.00     0.00     0.00     0.00     0.00 -1 -5.37e-27      0.00 6.817e-01 3.035e-01 1.633e-03 2.594e-03 5.631e-03 -1.000 1.479e-02 -7.462 -1.007 -2.905 -4.579 -6.035 -7.647 -9.263 -10.120 -10.421
0.01471 0.00000 7.26717 12.2966756821 2.6277697086   12.188  4.929  3.5300 -0.333    7  0.000  0.386     0.00     0.00     0.00     0.00     0.00 -1 -6.67e-27      0.00 6.768e-01 3.084e-01 1.617e-03 2.659e-03 5.580e-03 -1.000 1.485e-02 -7.553 -1.005 -2.808 -4.457 -5.986 -7.683 -9.368 -10.231 -10.540
0.01471 0.00000 7.26717 12.3098058701 2.6277782917   12.195  4.949  3.5293 -0.355    7  0.000  0.387     0.00     0.00     0.00     0.00     0.00 -1 -1.06e-26      0.00 6.517e-01 3.336e-01 1.558e-03 2.913e-03 5.373e-03 -1.000 1.478e-02 -7.601 -1.028 -2.813 -4.460 -6.007 -7.718 -9.420 -10.282 -10.593
