Zini     MH   logAge Mini        int_IMF         Mass   logL    logTe  logg  label   McoreTP C_O  period0  period1  period2  period3  period4  pmode  Mloss  tau1m   X   Y   Xc  Xn  Xo  Cexcess  Z 	 mbolmag  Gmag    G_BPbrmag  G_BPftmag  G_RPmag
0.0152 0.01508 10.00000 0.0900000036 1.0816895962    0.090 -3.423  3.3625  5.217    1  0.000  0.545     0.00     0.00     0.00     0.00     0.00 -1  -3.9e-17      0.00 7.080e-01 2.767e-01 2.746e-03 7.408e-04 6.719e-03 -1.000 1.527e-02 13.327 15.372 18.275 18.322 13.903
0.0152 0.01508 10.00000 0.1000000015 1.1711064577    0.100 -3.240  3.3884  5.184    1  0.000  0.545     0.00     0.00     0.00     0.00     0.00 -1 -2.59e-17      0.00 7.076e-01 2.771e-01 2.746e-03 7.408e-04 6.719e-03 -1.000 1.527e-02 12.871 14.915 17.805 17.852 13.446
0.0152 0.01508 10.00000 0.1077039689 1.2324166298    0.108 -3.133  3.4026  5.165    1  0.000  0.545     0.00     0.00     0.00     0.00     0.00 -1 -4.21e-17      0.00 7.072e-01 2.775e-01 2.746e-03 7.408e-04 6.719e-03 -1.000 1.527e-02 12.601 14.644 17.527 17.574 13.176
0.0152 0.01508 10.00000 0.1200000122 1.3193155527    0.120 -2.975  3.4232  5.137    1  0.000  0.545     0.00     0.00     0.00     0.00     0.00 -1 -1.04e-16      0.00 7.067e-01 2.780e-01 2.746e-03 7.408e-04 6.719e-03 -1.000 1.527e-02 12.209 14.166 16.924 16.971 12.720
0.0152 0.01508 10.00000 0.1400000006 1.4384527206    0.140 -2.792  3.4435  5.102    1  0.000  0.545     0.00     0.00     0.00     0.00     0.00 -1 -1.53e-16      0.00 7.060e-01 2.788e-01 2.746e-03 7.408e-04 6.719e-03 -1.000 1.527e-02 11.749 13.431 15.820 15.867 12.056
0.0152 0.01508 10.00000 0.1496137679 1.4881080389    0.150 -2.721  3.4502  5.087    1  0.000  0.545     0.00     0.00     0.00     0.00     0.00 -1 -1.77e-16      0.00 7.056e-01 2.791e-01 2.746e-03 7.408e-04 6.719e-03 -1.000 1.527e-02 11.573 13.167 15.443 15.490 11.816
0.0152 0.01508 10.00000 0.1599999964 1.5372931957    0.160 -2.650  3.4571  5.073    1  0.000  0.545     0.00     0.00     0.00     0.00     0.00 -1 -2.05e-16      0.00 7.053e-01 2.794e-01 2.746e-03 7.408e-04 6.719e-03 -1.000 1.527e-02 11.395 12.902 15.058 15.105 11.575
0.0152 0.01508 10.00000 0.2000000030 1.6938791275    0.200 -2.430  3.4758  5.025    1  0.000  0.545     0.00     0.00     0.00     0.00     0.00 -1 -3.21e-16      0.00 7.042e-01 2.806e-01 2.746e-03 7.408e-04 6.719e-03 -1.000 1.527e-02 10.846 12.135 14.001 14.048 10.874
0.0152 0.01508 10.00000 0.2500000000 1.8403258324    0.250 -2.217  3.4921  4.974    1  0.000  0.545     0.00     0.00     0.00     0.00     0.00 -1 -3.89e-17      0.00 7.033e-01 2.814e-01 2.746e-03 7.408e-04 6.719e-03 -1.000 1.527e-02 10.314 11.428 13.069 13.116 10.225
0.0152 0.01508 10.00000 0.3000000119 1.9529139996    0.300 -2.052  3.5027  4.930    1  0.000  0.545     0.00     0.00     0.00     0.00     0.00 -1 -1.13e-17      0.00 7.030e-01 2.817e-01 2.746e-03 7.408e-04 6.719e-03 -1.000 1.527e-02 9.900 10.920 12.447 12.493 9.752
0.0152 0.01508 10.00000 0.3493747115 2.0423915386    0.349 -1.906  3.5113  4.885    1  0.000  0.545     0.00     0.00     0.00     0.00     0.00 -1 -2.32e-16      0.00 7.088e-01 2.759e-01 2.746e-03 7.408e-04 6.719e-03 -1.000 1.527e-02 9.536 10.486 11.928 11.975 9.344
0.0152 0.01508 10.00000 0.3500000238 2.0434176922    0.350 -1.905  3.5114  4.884    1  0.000  0.545     0.00     0.00     0.00     0.00     0.00 -1 -2.34e-16      0.00 7.089e-01 2.759e-01 2.746e-03 7.408e-04 6.719e-03 -1.000 1.527e-02 9.532 10.481 11.922 11.969 9.339
0.0152 0.01508 10.00000 0.3668254614 2.0701627731    0.367 -1.854  3.5153  4.870    1  0.000  0.545     0.00     0.00     0.00     0.00     0.00 -1 -4.02e-16      0.00 7.089e-01 2.758e-01 2.746e-03 7.408e-04 6.719e-03 -1.000 1.527e-02 9.405 10.323 11.730 11.776 9.193
0.0152 0.01508 10.00000 0.4000000358 2.1185026169    0.400 -1.760  3.5225  4.842    1  0.000  0.545     0.00     0.00     0.00     0.00     0.00 -1 -1.31e-15      0.00 7.091e-01 2.756e-01 2.746e-03 7.408e-04 6.719e-03 -1.000 1.527e-02 9.171 10.035 11.380 11.426 8.927
0.0152 0.01508 10.00000 0.4500000477 2.1822810173    0.450 -1.610  3.5350  4.793    1  0.000  0.545     0.00     0.00     0.00     0.00     0.00 -1 -1.85e-15      0.00 7.092e-01 2.755e-01 2.746e-03 7.408e-04 6.719e-03 -1.000 1.527e-02 8.795 9.575 10.826 10.873 8.502
0.0152 0.01508 10.00000 0.5000000000 2.2374541759    0.500 -1.451  3.5504  4.742    1  0.000  0.545     0.00     0.00     0.00     0.00     0.00 -1 -2.68e-15      0.00 7.092e-01 2.755e-01 2.746e-03 7.408e-04 6.719e-03 -1.000 1.527e-02 8.398 9.081 10.230 10.277 8.050
0.0152 0.01508 10.00000 0.5500000119 2.2836582661    0.550 -1.273  3.5707  4.686    1  0.000  0.545     0.00     0.00     0.00     0.00     0.00 -1  -4.1e-15      0.00 7.319e-01 2.540e-01 2.545e-03 6.868e-04 6.231e-03 -1.000 1.417e-02 7.952 8.511 9.535 9.582 7.537
0.0152 0.01508 10.00000 0.6000000238 2.3211214542    0.600 -1.098  3.5958  4.649    1  0.000  0.544     0.00     0.00     0.00     0.00     0.00 -1 -6.13e-15      0.00 7.352e-01 2.507e-01 2.517e-03 6.796e-04 6.166e-03 -1.000 1.404e-02 7.515 7.935 8.831 8.878 7.031
0.0152 0.01508 10.00000 0.6499999762 2.3520355225    0.650 -0.919  3.6267  4.628    1  0.000  0.544     0.00     0.00     0.00     0.00     0.00 -1 -9.12e-15      0.00 7.383e-01 2.478e-01 2.492e-03 6.729e-04 6.107e-03 -1.000 1.389e-02 7.066 7.336 8.095 8.143 6.513
0.0152 0.01508 10.00000 0.6599112749 2.3575270176    0.660 -0.883  3.6331  4.625    1  0.000  0.544     0.00     0.00     0.00     0.00     0.00 -1 -9.87e-15      0.00 7.389e-01 2.472e-01 2.488e-03 6.716e-04 6.095e-03 -1.000 1.387e-02 6.977 7.216 7.945 7.994 6.411
0.0152 0.01508 10.00000 0.7000000477 2.3779268265    0.700 -0.743  3.6579  4.610    1  0.000  0.544     0.00     0.00     0.00     0.00     0.00 -1 -1.34e-14      0.00 7.412e-01 2.450e-01 2.469e-03 6.666e-04 6.050e-03 -1.000 1.378e-02 6.628 6.746 7.368 7.415 6.013
0.0152 0.01508 10.00000 0.7199136615 2.3870944977    0.720 -0.674  3.6700  4.601    1  0.000  0.541     0.00     0.00     0.00     0.00     0.00 -1 -1.57e-14      0.00 7.425e-01 2.438e-01 2.444e-03 6.634e-04 6.025e-03 -1.000 1.370e-02 6.456 6.522 7.100 7.146 5.823
0.0152 0.01508 10.00000 0.7426754832 2.3968837261    0.743 -0.596  3.6833  4.590    1  0.000  0.538     0.00     0.00     0.00     0.00     0.00 -1 -1.87e-14      0.00 7.440e-01 2.423e-01 2.417e-03 6.597e-04 5.996e-03 -1.000 1.365e-02 6.261 6.278 6.811 6.855 5.614
0.0152 0.01508 10.00000 0.7500000000 2.3998889923    0.750 -0.571  3.6875  4.586    1  0.000  0.537     0.00     0.00     0.00     0.00     0.00 -1 -1.98e-14      0.00 7.445e-01 2.419e-01 2.409e-03 6.585e-04 5.986e-03 -1.000 1.359e-02 6.198 6.202 6.723 6.766 5.548
0.0152 0.01508 10.00000 0.7583735585 2.4032430649    0.758 -0.544  3.6915  4.579    1  0.000  0.536     0.00     0.00     0.00     0.00     0.00 -1 -2.11e-14      0.00 7.453e-01 2.412e-01 2.403e-03 6.568e-04 5.971e-03 -1.000 1.353e-02 6.129 6.121 6.629 6.672 5.477
0.0152 0.01508 10.00000 0.7776705623 2.4106569290    0.777 -0.480  3.7006  4.563    1  0.000  0.536     0.00     0.00     0.00     0.00     0.00 -1 -2.47e-14      0.00 7.470e-01 2.395e-01 2.388e-03 6.530e-04 5.937e-03 -1.000 1.349e-02 5.969 5.935 6.416 6.458 5.314
0.0152 0.01508 10.00000 0.7952715158 2.4170596600    0.795 -0.422  3.7088  4.547    1  0.000  0.536     0.00     0.00     0.00     0.00     0.00 -1 -2.84e-14      0.00 7.486e-01 2.380e-01 2.375e-03 6.496e-04 5.906e-03 -1.000 1.341e-02 5.824 5.769 6.229 6.269 5.167
0.0152 0.01508 10.00000 0.8000000119 2.4187245369    0.800 -0.406  3.7109  4.542    1  0.000  0.536     0.00     0.00     0.00     0.00     0.00 -1 -2.95e-14      0.00 7.490e-01 2.376e-01 2.372e-03 6.487e-04 5.898e-03 -1.000 1.340e-02 5.785 5.725 6.179 6.219 5.127
0.0152 0.01508 10.00000 0.8115743399 2.4227061272    0.811 -0.367  3.7160  4.530    1  0.000  0.536     0.00     0.00     0.00     0.00     0.00 -1 -3.24e-14      0.00 7.502e-01 2.365e-01 2.362e-03 6.460e-04 5.874e-03 -1.000 1.335e-02 5.688 5.617 6.059 6.097 5.032
0.0152 0.01508 10.00000 0.8286699653 2.4283535480    0.828 -0.310  3.7232  4.511    1  0.000  0.536     0.00     0.00     0.00     0.00     0.00 -1 -3.75e-14      0.00 7.520e-01 2.347e-01 2.348e-03 6.421e-04 5.840e-03 -1.000 1.330e-02 5.545 5.459 5.883 5.921 4.890
0.0152 0.01508 10.00000 0.8440065980 2.4331967831    0.843 -0.258  3.7295  4.492    1  0.000  0.536     0.00     0.00     0.00     0.00     0.00 -1 -4.27e-14      0.00 7.536e-01 2.332e-01 2.335e-03 6.386e-04 5.809e-03 -1.000 1.323e-02 5.416 5.319 5.729 5.765 4.763
0.0152 0.01508 10.00000 0.8500000238 2.4350347519    0.849 -0.238  3.7319  4.485    1  0.000  0.536     0.00     0.00     0.00     0.00     0.00 -1  -4.5e-14      0.00 7.542e-01 2.326e-01 2.330e-03 6.373e-04 5.797e-03 -1.000 1.320e-02 5.365 5.264 5.669 5.704 4.714
0.0152 0.01508 10.00000 0.8506687880 2.4352381229    0.850 -0.236  3.7321  4.484    1  0.000  0.536     0.00     0.00     0.00     0.00     0.00 -1 -4.52e-14      0.00 7.543e-01 2.325e-01 2.329e-03 6.371e-04 5.795e-03 -1.000 1.319e-02 5.359 5.258 5.662 5.697 4.708
0.0152 0.01508 10.00000 0.8669279218 2.4400689602    0.866 -0.179  3.7381  4.460    1  0.000  0.536     0.00     0.00     0.00     0.00     0.00 -1 -5.24e-14      0.00 7.563e-01 2.306e-01 2.312e-03 6.326e-04 5.754e-03 -1.000 1.312e-02 5.219 5.108 5.497 5.531 4.572
0.0152 0.01508 10.00000 0.8824838400 2.4444997311    0.882 -0.125  3.7436  4.434    1  0.000  0.536     0.00     0.00     0.00     0.00     0.00 -1 -6.06e-14      0.00 7.583e-01 2.287e-01 2.296e-03 6.283e-04 5.716e-03 -1.000 1.296e-02 5.082 4.964 5.340 5.374 4.441
0.0152 0.01508 10.00000 0.8968155384 2.4484257698    0.896 -0.074  3.7483  4.409    1  0.000  0.536     0.00     0.00     0.00     0.00     0.00 -1 -6.97e-14      0.00 7.601e-01 2.270e-01 2.282e-03 6.244e-04 5.681e-03 -1.000 1.289e-02 4.954 4.831 5.196 5.228 4.319
0.0152 0.01508 10.00000 0.9000000358 2.4492788315    0.899 -0.062  3.7493  4.403    1  0.000  0.535     0.00     0.00     0.00     0.00     0.00 -1 -7.19e-14      0.00 7.605e-01 2.267e-01 2.279e-03 6.235e-04 5.673e-03 -1.000 1.288e-02 4.925 4.801 5.163 5.195 4.291
0.0152 0.01508 10.00000 0.9123089910 2.4525110722    0.911 -0.017  3.7528  4.377    1  0.000  0.535     0.00     0.00     0.00     0.00     0.00 -1 -8.16e-14      0.00 7.623e-01 2.248e-01 2.263e-03 6.194e-04 5.636e-03 -1.000 1.284e-02 4.811 4.685 5.039 5.070 4.183
0.0152 0.01508 10.00000 0.9294092059 2.4568386078    0.928  0.047  3.7570  4.339    1  0.000  0.535     0.00     0.00     0.00     0.00     0.00 -1 -9.78e-14      0.00 7.649e-01 2.224e-01 2.242e-03 6.138e-04 5.587e-03 -1.000 1.272e-02 4.652 4.522 4.867 4.896 4.030
0.0152 0.01508 10.00000 0.9448647499 2.4605951309    0.944  0.104  3.7599  4.300    1  0.000  0.535     0.00     0.00     0.00     0.00     0.00 -1 -1.16e-13      0.00 7.668e-01 2.206e-01 2.227e-03 6.097e-04 5.550e-03 -1.000 1.259e-02 4.509 4.377 4.714 4.743 3.892
0.0152 0.01508 10.00000 0.9500000477 2.4618122578    0.949  0.125  3.7607  4.285    1  0.000  0.535     0.00     0.00     0.00     0.00     0.00 -1 -1.23e-13      0.00 7.668e-01 2.206e-01 2.228e-03 6.099e-04 5.551e-03 -1.000 1.260e-02 4.458 4.325 4.660 4.689 3.842
0.0152 0.01508 10.00000 0.9568482041 2.4634120464    0.956  0.153  3.7618  4.265    1  0.000  0.535     0.00     0.00     0.00     0.00     0.00 -1 -1.34e-13      0.00 7.670e-01 2.204e-01 2.227e-03 6.096e-04 5.550e-03 -1.000 1.261e-02 4.388 4.255 4.587 4.616 3.774
0.0152 0.01508 10.00000 0.9585533142 2.4638063908    0.957  0.160  3.7620  4.259    1  0.000  0.535     0.00     0.00     0.00     0.00     0.00 -1 -1.37e-13      0.00 7.669e-01 2.205e-01 2.227e-03 6.098e-04 5.551e-03 -1.000 1.262e-02 4.370 4.237 4.569 4.597 3.757
0.0152 0.01508 10.00000 0.9680970907 2.4659833908    0.967  0.201  3.7628  4.225    1  0.000  0.535     0.00     0.00     0.00     0.00     0.00 -1 -1.56e-13      0.00 7.662e-01 2.211e-01 2.234e-03 6.117e-04 5.568e-03 -1.000 1.269e-02 4.267 4.133 4.464 4.492 3.655
0.0152 0.01508 10.00000 0.9755672216 2.4676535130    0.975  0.234  3.7628  4.196    1  0.000  0.535     0.00     0.00     0.00     0.00     0.00 -1 -1.73e-13      0.00 7.654e-01 2.219e-01 2.243e-03 6.142e-04 5.591e-03 -1.000 1.273e-02 4.184 4.050 4.380 4.408 3.573
0.0152 0.01508 10.00000 0.9840705991 2.4695188999    0.983  0.273  3.7621  4.158    1  0.000  0.535     0.00     0.00     0.00     0.00     0.00 -1 -1.97e-13      0.00 7.635e-01 2.236e-01 2.263e-03 6.195e-04 5.640e-03 -1.000 1.284e-02 4.086 3.953 4.284 4.312 3.475
0.0152 0.01508 10.00000 0.9897478223 2.4707438946    0.989  0.300  3.7610  4.129    1  0.000  0.535     0.00     0.00     0.00     0.00     0.00 -1 -2.16e-13      0.00 7.618e-01 2.253e-01 2.280e-03 6.244e-04 5.684e-03 -1.000 1.290e-02 4.019 3.887 4.220 4.248 3.406
0.0152 0.01508 10.00000 0.9916135669 2.4711430073    0.991  0.309  3.7605  4.119    2  0.000  0.535     0.00     0.00     0.00     0.00     0.00 -1 -2.24e-13      0.00 7.604e-01 2.265e-01 2.293e-03 6.280e-04 5.717e-03 -1.000 1.303e-02 3.997 3.865 4.199 4.227 3.383
0.0152 0.01508 10.00000 0.9992115498 2.4727504253    0.998  0.346  3.7568  4.071    2  0.000  0.535     0.00     0.00     0.00     0.00     0.00 -1 -2.55e-13      0.00 7.543e-01 2.323e-01 2.350e-03 6.435e-04 5.858e-03 -1.000 1.334e-02 3.905 3.777 4.119 4.148 3.287
0.0152 0.01508 10.00000 1.0000000000 2.4729156494    0.999  0.349  3.7560  4.064    2  0.000  0.535     0.00     0.00     0.00     0.00     0.00 -1 -2.59e-13      0.00 7.534e-01 2.332e-01 2.358e-03 6.457e-04 5.878e-03 -1.000 1.339e-02 3.897 3.769 4.112 4.142 3.277
0.0152 0.01508 10.00000 1.0062853098 2.4742217064    1.005  0.377  3.7489  4.011    2  0.000  0.535     0.00     0.00     0.00     0.00     0.00 -1  -2.9e-13      0.00 7.453e-01 2.409e-01 2.427e-03 6.645e-04 6.047e-03 -1.000 1.375e-02 3.828 3.707 4.066 4.097 3.200
0.0152 0.01508 10.00000 1.0105534792 2.4750981331    1.009  0.388  3.7396  3.965    2  0.000  0.536     0.00     0.00     0.00     0.00     0.00 -1 -3.12e-13      0.00 7.380e-01 2.480e-01 2.486e-03 6.803e-04 6.188e-03 -1.000 1.407e-02 3.800 3.690 4.068 4.101 3.164
0.0152 0.01508 10.00000 1.0134459734 2.4756872654    1.012  0.388  3.7291  3.923    2  0.000  0.536     0.00     0.00     0.00     0.00     0.00 -1 -3.27e-13      0.00 7.322e-01 2.535e-01 2.531e-03 6.923e-04 6.296e-03 -1.000 1.433e-02 3.799 3.706 4.107 4.142 3.157
0.0152 0.01508 10.00000 1.0154302120 2.4760892391    1.014  0.388  3.7192  3.885    2  0.000  0.536     0.00     0.00     0.00     0.00     0.00 -1  -3.4e-13      0.00 7.280e-01 2.575e-01 2.563e-03 7.006e-04 6.370e-03 -1.000 1.445e-02 3.799 3.724 4.148 4.185 3.155
0.0152 0.01508 10.00000 1.0172933340 2.4764649868    1.016  0.399  3.7096  3.836    2  0.000  0.537     0.00     0.00     0.00     0.00     0.00 -1 -3.67e-13      0.00 7.242e-01 2.611e-01 2.589e-03 7.078e-04 6.433e-03 -1.000 1.463e-02 3.772 3.718 4.164 4.202 3.129
0.0152 0.01508 10.00000 1.0191289186 2.4768335819    1.018  0.429  3.7015  3.774    2  0.000  0.537     0.00     0.00     0.00     0.00     0.00 -1 -4.19e-13      0.00 7.205e-01 2.647e-01 2.612e-03 7.139e-04 6.487e-03 -1.000 1.476e-02 3.696 3.662 4.127 4.167 3.055
0.0152 0.01508 10.00000 1.0201272964 2.4770333767    1.019  0.454  3.6980  3.736    2  0.000  0.537     0.00     0.00     0.00     0.00     0.00 -1 -4.62e-13      0.00 7.185e-01 2.667e-01 2.623e-03 7.169e-04 6.514e-03 -1.000 1.479e-02 3.635 3.611 4.085 4.125 2.996
0.0152 0.01508 10.00000 1.0215713978 2.4773216248    1.020  0.505  3.6946  3.673    3  0.000  0.537     0.00     0.00     0.00     0.00     0.00 -1 -5.56e-13      0.00 7.152e-01 2.699e-01 2.635e-03 7.206e-04 6.545e-03 -1.000 1.486e-02 3.509 3.494 3.976 4.016 2.872
0.0152 0.01508 10.00000 1.0228266716 2.4775714874    1.021  0.556  3.6923  3.613    3  0.000  0.535     0.00     0.00     0.00     0.00     0.00 -1 -6.69e-13      0.00 7.120e-01 2.731e-01 2.634e-03 7.262e-04 6.567e-03 -1.000 1.493e-02 3.380 3.372 3.859 3.900 2.745
0.0152 0.01508 10.00000 1.0237306356 2.4777510166    1.022  0.597  3.6910  3.566    3  0.000  0.530     0.00     0.00     0.00     0.00     0.00 -1 -7.75e-13      0.00 7.092e-01 2.758e-01 2.616e-03 7.415e-04 6.581e-03 -1.000 1.498e-02 3.277 3.272 3.762 3.803 2.643
0.0152 0.01508 10.00000 1.0245987177 2.4779229164    1.023  0.641  3.6898  3.518    3  0.000  0.521     0.00     0.00     0.00     0.00     0.00 -1 -9.02e-13      0.00 7.064e-01 2.785e-01 2.575e-03 7.804e-04 6.594e-03 -1.000 1.502e-02 3.169 3.168 3.660 3.702 2.536
0.0152 0.01508 10.00000 1.0254149437 2.4780843258    1.024  0.684  3.6886  3.470    3  0.000  0.508     0.00     0.00     0.00     0.00     0.00 -1 -1.05e-12      0.00 7.038e-01 2.811e-01 2.516e-03 8.457e-04 6.603e-03 -1.000 1.503e-02 3.059 3.062 3.557 3.598 2.428
0.0152 0.01508 10.00000 1.0261753798 2.4782345295    1.025  0.729  3.6876  3.422    3  0.000  0.495     0.00     0.00     0.00     0.00     0.00 -1 -1.23e-12      0.00 7.014e-01 2.835e-01 2.453e-03 9.225e-04 6.610e-03 -1.000 1.506e-02 2.949 2.955 3.453 3.495 2.319
0.0152 0.01508 10.00000 1.0268266201 2.4783627987    1.025  0.769  3.6866  3.378    3  0.000  0.484     0.00     0.00     0.00     0.00     0.00 -1 -1.42e-12      0.00 6.993e-01 2.856e-01 2.400e-03 9.900e-04 6.616e-03 -1.000 1.508e-02 2.847 2.856 3.357 3.399 2.218
0.0152 0.01508 10.00000 1.0274474621 2.4784851074    1.026  0.811  3.6855  3.332    3  0.000  0.475     0.00     0.00     0.00     0.00     0.00 -1 -1.65e-12      0.00 6.976e-01 2.873e-01 2.360e-03 1.041e-03 6.621e-03 -1.000 1.509e-02 2.742 2.755 3.259 3.301 2.114
0.0152 0.01508 10.00000 1.0280750990 2.4786083698    1.026  0.857  3.6842  3.281    3  0.000  0.468     0.00     0.00     0.00     0.00     0.00 -1 -1.94e-12      0.00 6.960e-01 2.889e-01 2.327e-03 1.083e-03 6.624e-03 -1.000 1.511e-02 2.627 2.644 3.151 3.193 2.000
0.0152 0.01508 10.00000 1.0286061764 2.4787127972    1.027  0.899  3.6830  3.234    3  0.000  0.464     0.00     0.00     0.00     0.00     0.00 -1 -2.25e-12      0.00 6.949e-01 2.900e-01 2.306e-03 1.112e-03 6.627e-03 -1.000 1.513e-02 2.523 2.543 3.054 3.096 1.896
0.0152 0.01508 10.00000 1.0290813446 2.4788057804    1.027  0.940  3.6817  3.189    3  0.000  0.460     0.00     0.00     0.00     0.00     0.00 -1 -2.61e-12      0.00 6.940e-01 2.909e-01 2.290e-03 1.132e-03 6.629e-03 -1.000 1.513e-02 2.421 2.446 2.960 3.002 1.796
0.0152 0.01508 10.00000 1.0295226574 2.4788923264    1.028  0.980  3.6804  3.144    3  0.000  0.458     0.00     0.00     0.00     0.00     0.00 -1 -3.01e-12      0.00 6.933e-01 2.916e-01 2.277e-03 1.149e-03 6.631e-03 -1.000 1.511e-02 2.321 2.349 2.867 2.909 1.697
0.0152 0.01508 10.00000 1.0299593210 2.4789776802    1.028  1.023  3.6789  3.094    3  0.000  0.456     0.00     0.00     0.00     0.00     0.00 -1 -3.52e-12      0.00 6.928e-01 2.921e-01 2.268e-03 1.161e-03 6.632e-03 -1.000 1.512e-02 2.212 2.246 2.768 2.810 1.589
0.0152 0.01508 10.00000 1.0304344893 2.4790706635    1.028  1.075  3.6769  3.035    3  0.000  0.454     0.00     0.00     0.00     0.00     0.00 -1 -4.24e-12      0.00 6.923e-01 2.926e-01 2.261e-03 1.170e-03 6.633e-03 -1.000 1.513e-02 2.082 2.123 2.651 2.694 1.462
0.0152 0.01508 10.00000 1.0307823420 2.4791386127    1.029  1.117  3.6753  2.986    3  0.000  0.454     0.00     0.00     0.00     0.00     0.00 -1 -4.93e-12      0.00 6.921e-01 2.927e-01 2.258e-03 1.174e-03 6.634e-03 -1.000 1.513e-02 1.978 2.025 2.557 2.600 1.360
0.0152 0.01508 10.00000 1.0310891867 2.4791984558    1.029  1.157  3.6736  2.940    3  0.000  0.453     0.00     0.00     0.00     0.00     0.00 -1 -5.69e-12      0.00 6.921e-01 2.928e-01 2.256e-03 1.176e-03 6.634e-03 -1.000 1.513e-02 1.879 1.931 2.468 2.511 1.263
0.0152 0.01508 10.00000 1.0313726664 2.4792537689    1.029  1.196  3.6720  2.894    3  0.000  0.453     0.00     0.00     0.00     0.00     0.00 -1 -6.57e-12      0.00 6.920e-01 2.928e-01 2.255e-03 1.177e-03 6.634e-03 -1.000 1.513e-02 1.780 1.839 2.380 2.424 1.167
0.0152 0.01508 10.00000 1.0317133665 2.4793200493    1.029  1.248  3.6697  2.834    3  0.000  0.453     0.00     0.00     0.00     0.00     0.00 -1 -7.93e-12      0.00 6.920e-01 2.928e-01 2.255e-03 1.178e-03 6.634e-03 -1.000 1.513e-02 1.651 1.718 2.265 2.309 1.040
0.0152 0.01508 10.00000 1.0320152044 2.4793789387    1.030  1.298  3.6673  2.774    3  0.000  0.453     0.00     0.00     0.00     0.00     0.00 -1 -9.52e-12      0.00 6.920e-01 2.928e-01 2.255e-03 1.178e-03 6.634e-03 -1.000 1.514e-02 1.526 1.601 2.155 2.200 0.919
0.0152 0.01508 10.00000 1.0322917700 2.4794328213    1.030  1.348  3.6649  2.715    3  0.000  0.453     0.00     0.00     0.00     0.00     0.00 -1 -1.14e-11      0.00 6.920e-01 2.929e-01 2.254e-03 1.178e-03 6.634e-03 -1.000 1.514e-02 1.401 1.485 2.046 2.091 0.798
0.0152 0.01508 10.00000 1.0325486660 2.4794826508    1.030  1.398  3.6624  2.655    3  0.000  0.453     0.00     0.00     0.00     0.00     0.00 -1 -1.37e-11      0.00 6.920e-01 2.929e-01 2.254e-03 1.179e-03 6.635e-03 -1.000 1.514e-02 1.276 1.370 1.938 1.983 0.677
0.0152 0.01508 10.00000 1.0327839851 2.4795284271    1.030  1.445  3.6600  2.598    3  0.000  0.453     0.00     0.00     0.00     0.00     0.00 -1 -1.64e-11      0.00 6.920e-01 2.929e-01 2.254e-03 1.179e-03 6.635e-03 -1.000 1.514e-02 1.157 1.260 1.835 1.880 0.561
0.0152 0.01508 10.00000 1.0330250263 2.4795753956    1.030  1.490  3.6577  2.544    3  0.000  0.453     0.00     0.00     0.00     0.00     0.00 -1 -1.93e-11      0.00 6.920e-01 2.929e-01 2.254e-03 1.180e-03 6.635e-03 -1.000 1.514e-02 1.045 1.158 1.740 1.785 0.454
0.0152 0.01508 10.00000 1.0332717896 2.4796233177    1.030  1.524  3.6559  2.502    3  0.000  0.453     0.00     0.00     0.00     0.00     0.00 -1  -2.2e-11      0.00 6.920e-01 2.929e-01 2.253e-03 1.180e-03 6.635e-03 -1.000 1.514e-02 0.959 1.080 1.667 1.712 0.372
0.0152 0.01508 10.00000 1.0334594250 2.4796595573    1.030  1.496  3.6579  2.539    3  0.000  0.453     0.00     0.00     0.00     0.00     0.00 -1    -2e-11      0.00 6.920e-01 2.929e-01 2.253e-03 1.180e-03 6.635e-03 -1.000 1.514e-02 1.031 1.143 1.724 1.769 0.439
0.0152 0.01508 10.00000 1.0335848331 2.4796841145    1.030  1.454  3.6606  2.591    3  0.000  0.453     0.00     0.00     0.00     0.00     0.00 -1 -1.72e-11      0.00 6.920e-01 2.929e-01 2.253e-03 1.180e-03 6.635e-03 -1.000 1.514e-02 1.135 1.236 1.809 1.854 0.539
0.0152 0.01508 10.00000 1.0335954428 2.4796860218    1.030  1.451  3.6608  2.595    3  0.000  0.453     0.00     0.00     0.00     0.00     0.00 -1 -1.69e-11      0.00 6.920e-01 2.929e-01 2.253e-03 1.180e-03 6.635e-03 -1.000 1.514e-02 1.142 1.242 1.814 1.859 0.545
0.0152 0.01508 10.00000 1.0337706804 2.4797201157    1.030  1.498  3.6583  2.538    3  0.000  0.453     0.00     0.00     0.00     0.00     0.00 -1 -1.98e-11      0.00 6.920e-01 2.929e-01 2.253e-03 1.181e-03 6.635e-03 -1.000 1.514e-02 1.026 1.137 1.717 1.762 0.434
0.0152 0.01508 10.00000 1.0339505672 2.4797549248    1.030  1.545  3.6556  2.480    3  0.000  0.453     0.00     0.00     0.00     0.00     0.00 -1 -2.36e-11      0.00 6.920e-01 2.929e-01 2.253e-03 1.181e-03 6.635e-03 -1.000 1.514e-02 0.908 1.029 1.618 1.663 0.320
0.0152 0.01508 10.00000 1.0341225863 2.4797883034    1.030  1.593  3.6529  2.421    3  0.000  0.453     0.00     0.00     0.00     0.00     0.00 -1 -2.82e-11      0.00 6.919e-01 2.929e-01 2.252e-03 1.181e-03 6.635e-03 -1.000 1.514e-02 0.788 0.921 1.519 1.565 0.204
0.0152 0.01508 10.00000 1.0342770815 2.4798181057    1.030  1.639  3.6502  2.364    3  0.000  0.453     0.00     0.00     0.00     0.00     0.00 -1 -3.35e-11      0.00 6.919e-01 2.929e-01 2.252e-03 1.181e-03 6.635e-03 -1.000 1.514e-02 0.672 0.816 1.423 1.470 0.092
0.0152 0.01508 10.00000 1.0344238281 2.4798467159    1.030  1.687  3.6474  2.305    3  0.000  0.452     0.00     0.00     0.00     0.00     0.00 -1    -4e-11      0.00 6.919e-01 2.929e-01 2.252e-03 1.182e-03 6.635e-03 -1.000 1.514e-02 0.553 0.710 1.328 1.375 -0.021
0.0152 0.01508 10.00000 1.0345529318 2.4798715115    1.030  1.733  3.6446  2.249    3  0.000  0.452     0.00     0.00     0.00     0.00     0.00 -1 -4.74e-11      0.00 6.919e-01 2.929e-01 2.252e-03 1.182e-03 6.635e-03 -1.000 1.514e-02 0.439 0.609 1.238 1.285 -0.130
0.0152 0.01508 10.00000 1.0346741676 2.4798951149    1.030  1.779  3.6417  2.191    3  0.000  0.452     0.00     0.00     0.00     0.00     0.00 -1 -5.64e-11      0.00 6.919e-01 2.929e-01 2.252e-03 1.182e-03 6.635e-03 -1.000 1.514e-02 0.322 0.506 1.145 1.193 -0.241
0.0152 0.01508 10.00000 1.0347834826 2.4799163342    1.030  1.825  3.6389  2.134    3  0.000  0.452     0.00     0.00     0.00     0.00     0.00 -1 -6.69e-11      0.00 6.919e-01 2.929e-01 2.252e-03 1.182e-03 6.635e-03 -1.000 1.514e-02 0.208 0.405 1.056 1.104 -0.349
0.0152 0.01508 10.00000 1.0348836184 2.4799356461    1.030  1.870  3.6360  2.077    3  0.000  0.452     0.00     0.00     0.00     0.00     0.00 -1 -7.93e-11      0.00 6.919e-01 2.929e-01 2.252e-03 1.182e-03 6.636e-03 -1.000 1.514e-02 0.095 0.307 0.971 1.019 -0.455
0.0152 0.01508 10.00000 1.0349775553 2.4799537659    1.030  1.916  3.6330  2.019    3  0.000  0.452     0.00     0.00     0.00     0.00     0.00 -1 -9.42e-11      0.00 6.919e-01 2.929e-01 2.251e-03 1.183e-03 6.636e-03 -1.000 1.514e-02 -0.019 0.208 0.884 0.933 -0.562
0.0152 0.01508 10.00000 1.0350606441 2.4799699783    1.029  1.960  3.6301  1.963    3  0.000  0.452     0.00     0.00     0.00     0.00     0.00 -1 -1.11e-10      0.00 6.919e-01 2.929e-01 2.251e-03 1.183e-03 6.636e-03 -1.000 1.514e-02 -0.130 0.113 0.799 0.848 -0.665
0.0152 0.01508 10.00000 1.0351366997 2.4799845219    1.029  2.004  3.6271  1.907    3  0.000  0.452     0.00     0.00     0.00     0.00     0.00 -1 -1.31e-10      0.00 6.919e-01 2.929e-01 2.251e-03 1.183e-03 6.636e-03 -1.000 1.514e-02 -0.240 0.020 0.717 0.767 -0.764
0.0152 0.01508 10.00000 1.0352082253 2.4799983501    1.029  2.049  3.6241  1.850    3  0.000  0.452     0.00     0.00     0.00     0.00     0.00 -1 -1.56e-10      0.00 6.919e-01 2.929e-01 2.251e-03 1.183e-03 6.636e-03 -1.000 1.514e-02 -0.353 -0.075 0.633 0.682 -0.867
0.0152 0.01508 10.00000 1.0352715254 2.4800107479    1.029  2.092  3.6211  1.794    3  0.000  0.452     0.00     0.00     0.00     0.00     0.00 -1 -1.84e-10      0.00 6.919e-01 2.930e-01 2.251e-03 1.183e-03 6.636e-03 -1.000 1.514e-02 -0.461 -0.166 0.552 0.601 -0.965
0.0152 0.01508 10.00000 1.0353313684 2.4800221920    1.028  2.137  3.6180  1.737    3  0.000  0.452     0.00     0.00     0.00     0.00     0.00 -1 -2.17e-10      0.00 6.919e-01 2.930e-01 2.251e-03 1.183e-03 6.636e-03 -1.000 1.514e-02 -0.572 -0.259 0.470 0.519 -1.065
0.0152 0.01508 10.00000 1.0353835821 2.4800322056    1.028  2.179  3.6150  1.683    3  0.000  0.452     0.00     0.00     0.00     0.00     0.00 -1 -2.55e-10      0.00 6.919e-01 2.930e-01 2.251e-03 1.183e-03 6.636e-03 -1.000 1.514e-02 -0.676 -0.345 0.394 0.444 -1.157
0.0152 0.01508 10.00000 1.0354336500 2.4800419807    1.027  2.222  3.6119  1.627    3  0.000  0.452     0.00     0.00     0.00     0.00     0.00 -1    -3e-10      0.00 6.919e-01 2.930e-01 2.251e-03 1.183e-03 6.636e-03 -1.000 1.514e-02 -0.785 -0.434 0.315 0.364 -1.254
0.0152 0.01508 10.00000 1.0354794264 2.4800508022    1.027  2.265  3.6087  1.572    3  0.000  0.452     0.00     0.00     0.00     0.00     0.00 -1 -3.54e-10      0.00 6.919e-01 2.930e-01 2.251e-03 1.183e-03 6.636e-03 -1.000 1.514e-02 -0.892 -0.521 0.237 0.287 -1.348
0.0152 0.01508 10.00000 1.0355205536 2.4800586700    1.026  2.306  3.6056  1.518    3  0.000  0.452     0.00     0.00     0.00     0.00     0.00 -1 -4.14e-10      0.00 6.919e-01 2.930e-01 2.251e-03 1.183e-03 6.636e-03 -1.000 1.514e-02 -0.995 -0.603 0.166 0.216 -1.438
0.0152 0.01508 10.00000 1.0355592966 2.4800662994    1.026  2.348  3.6024  1.463    3  0.000  0.452     0.00     0.00     0.00     0.00     0.00 -1 -4.87e-10      0.00 6.919e-01 2.930e-01 2.251e-03 1.183e-03 6.636e-03 -1.000 1.514e-02 -1.100 -0.686 0.097 0.147 -1.530
0.0152 0.01508 10.00000 1.0355945826 2.4800729752    1.025  2.389  3.5992  1.408    3  0.000  0.452     0.00     0.00     0.00     0.00     0.00 -1 -5.71e-10      0.00 6.919e-01 2.930e-01 2.251e-03 1.183e-03 6.636e-03 -1.000 1.514e-02 -1.204 -0.767 0.033 0.084 -1.621
0.0152 0.01508 10.00000 1.0356268883 2.4800794125    1.025  2.430  3.5960  1.354    3  0.000  0.452     0.00     0.00     0.00     0.00     0.00 -1 -6.68e-10      0.00 6.919e-01 2.930e-01 2.251e-03 1.184e-03 6.636e-03 -1.000 1.514e-02 -1.305 -0.842 -0.023 0.028 -1.708
0.0152 0.01508 10.00000 1.0356571674 2.4800851345    1.024  2.471  3.5927  1.300    3  0.000  0.452     0.00     0.00     0.00     0.00     0.00 -1 -7.82e-10      0.00 6.919e-01 2.930e-01 2.251e-03 1.184e-03 6.636e-03 -1.000 1.514e-02 -1.408 -0.918 -0.079 -0.029 -1.795
0.0152 0.01508 10.00000 1.0356844664 2.4800903797    1.023  2.511  3.5895  1.247    3  0.000  0.452     0.00     0.00     0.00     0.00     0.00 -1 -9.12e-10      0.00 6.919e-01 2.930e-01 2.251e-03 1.184e-03 6.636e-03 -1.000 1.514e-02 -1.507 -0.990 -0.132 -0.081 -1.879
0.0152 0.01508 10.00000 1.0357092619 2.4800951481    1.022  2.550  3.5862  1.195    3  0.000  0.452     0.00     0.00     0.00     0.00     0.00 -1 -1.06e-09      0.00 6.919e-01 2.930e-01 2.251e-03 1.184e-03 6.636e-03 -1.000 1.514e-02 -1.604 -1.056 -0.174 -0.123 -1.959
0.0152 0.01508 10.00000 1.0357328653 2.4800996780    1.021  2.589  3.5828  1.141    3  0.000  0.452     0.00     0.00     0.00     0.00     0.00 -1 -1.24e-09      0.00 6.919e-01 2.930e-01 2.251e-03 1.184e-03 6.636e-03 -1.000 1.514e-02 -1.703 -1.124 -0.218 -0.167 -2.040
0.0152 0.01508 10.00000 1.0357542038 2.4801039696    1.020  2.627  3.5795  1.089    3  0.000  0.452     0.00     0.00     0.00     0.00     0.00 -1 -1.44e-09      0.00 6.919e-01 2.930e-01 2.251e-03 1.184e-03 6.636e-03 -1.000 1.514e-02 -1.799 -1.188 -0.257 -0.206 -2.117
0.0152 0.01508 10.00000 1.0357739925 2.4801077843    1.019  2.665  3.5761  1.038    3  0.000  0.452     0.00     0.00     0.00     0.00     0.00 -1 -1.67e-09      0.00 6.919e-01 2.930e-01 2.251e-03 1.184e-03 6.636e-03 -1.000 1.514e-02 -1.893 -1.244 -0.280 -0.229 -2.189
0.0152 0.01508 10.00000 1.0357925892 2.4801113605    1.018  2.703  3.5726  0.985    3  0.000  0.452     0.00     0.00     0.00     0.00     0.00 -1 -1.93e-09      0.00 6.919e-01 2.930e-01 2.251e-03 1.184e-03 6.636e-03 -1.000 1.514e-02 -1.988 -1.299 -0.302 -0.251 -2.261
0.0152 0.01508 10.00000 1.0358099937 2.4801146984    1.017  2.741  3.5691  0.933    3  0.000  0.452     0.00     0.00     0.00     0.00     0.00 -1 -2.24e-09      0.00 6.919e-01 2.930e-01 2.251e-03 1.184e-03 6.636e-03 -1.000 1.514e-02 -2.081 -1.351 -0.316 -0.266 -2.331
0.0152 0.01508 10.00000 1.0358296633 2.4801185131    1.015  2.786  3.5648  0.870    3  0.000  0.452     0.00     0.00     0.00     0.00     0.00 -1 -2.68e-09      0.00 6.919e-01 2.930e-01 2.250e-03 1.184e-03 6.636e-03 -1.000 1.514e-02 -2.195 -1.404 -0.312 -0.262 -2.409
0.0152 0.01508 10.00000 1.0358475447 2.4801218510    1.014  2.830  3.5605  0.808    3  0.000  0.452     0.00     0.00     0.00     0.00     0.00 -1  -3.2e-09      0.00 6.919e-01 2.930e-01 2.250e-03 1.184e-03 6.636e-03 -1.000 1.514e-02 -2.305 -1.455 -0.306 -0.257 -2.485
0.0152 0.01508 10.00000 1.0358639956 2.4801251888    1.012  2.873  3.5561  0.746    3  0.000  0.452     0.00     0.00     0.00     0.00     0.00 -1  -3.8e-09      0.00 6.919e-01 2.930e-01 2.250e-03 1.184e-03 6.636e-03 -1.000 1.514e-02 -2.414 -1.496 -0.274 -0.225 -2.552
0.0152 0.01508 10.00000 1.0358792543 2.4801280499    1.009  2.917  3.5517  0.684    3  0.000  0.452     0.00     0.00     0.00     0.00     0.00 -1 -4.53e-09      0.00 6.919e-01 2.930e-01 2.250e-03 1.184e-03 6.636e-03 -1.000 1.514e-02 -2.522 -1.533 -0.235 -0.186 -2.617
0.0152 0.01508 10.00000 1.0358933210 2.4801306725    1.007  2.959  3.5472  0.623    3  0.000  0.452     0.00     0.00     0.00     0.00     0.00 -1 -5.38e-09      0.00 6.919e-01 2.930e-01 2.250e-03 1.184e-03 6.636e-03 -1.000 1.514e-02 -2.628 -1.559 -0.175 -0.126 -2.673
0.0152 0.01508 10.00000 1.0359063148 2.4801332951    1.004  3.000  3.5427  0.562    3  0.000  0.452     0.00     0.00     0.00     0.00     0.00 -1 -6.37e-09      0.00 6.919e-01 2.930e-01 2.250e-03 1.184e-03 6.636e-03 -1.000 1.514e-02 -2.731 -1.578 -0.098 -0.051 -2.722
0.0152 0.01508 10.00000 1.0359184742 2.4801356792    1.001  3.042  3.5381  0.501    3  0.000  0.452     0.00     0.00     0.00     0.00     0.00 -1 -7.55e-09      0.00 6.919e-01 2.930e-01 2.250e-03 1.184e-03 6.636e-03 -1.000 1.514e-02 -2.834 -1.591 -0.009 0.038 -2.764
0.0152 0.01508 10.00000 1.0359295607 2.4801378250    0.998  3.082  3.5336  0.442    3  0.000  0.452     0.00     0.00     0.00     0.00     0.00 -1 -8.91e-09      0.00 6.919e-01 2.930e-01 2.250e-03 1.184e-03 6.636e-03 -1.000 1.514e-02 -2.935 -1.591 0.107 0.153 -2.796
0.0152 0.01508 10.00000 1.0359399319 2.4801397324    0.995  3.122  3.5290  0.382    3  0.000  0.452     0.00     0.00     0.00     0.00     0.00 -1 -1.05e-08      0.00 6.919e-01 2.930e-01 2.250e-03 1.184e-03 6.636e-03 -1.000 1.514e-02 -3.034 -1.586 0.232 0.277 -2.822
0.0152 0.01508 10.00000 1.0359495878 2.4801416397    0.991  3.160  3.5244  0.323    3  0.000  0.452     0.00     0.00     0.00     0.00     0.00 -1 -1.24e-08      0.00 6.919e-01 2.930e-01 2.250e-03 1.184e-03 6.636e-03 -1.000 1.514e-02 -3.131 -1.561 0.387 0.430 -2.828
0.0152 0.01508 10.00000 1.0359584093 2.4801433086    0.987  3.198  3.5197  0.265    3  0.000  0.452     0.00     0.00     0.00     0.00     0.00 -1 -1.45e-08      0.00 6.919e-01 2.930e-01 2.250e-03 1.184e-03 6.636e-03 -1.000 1.514e-02 -3.226 -1.531 0.553 0.595 -2.828
0.0152 0.01508 10.00000 1.0359668732 2.4801449776    0.982  3.236  3.5150  0.207    3  0.000  0.452     0.00     0.00     0.00     0.00     0.00 -1  -1.7e-08      0.00 6.919e-01 2.930e-01 2.250e-03 1.184e-03 6.636e-03 -1.000 1.514e-02 -3.319 -1.470 0.765 0.804 -2.798
0.0152 0.01508 10.00000 1.0359747410 2.4801464081    0.977  3.272  3.5103  0.149    3  0.000  0.452     0.00     0.00     0.00     0.00     0.00 -1 -1.99e-08      0.00 6.919e-01 2.930e-01 2.250e-03 1.184e-03 6.636e-03 -1.000 1.514e-02 -3.411 -1.405 0.984 1.020 -2.765
0.0152 0.01508 10.00000 1.0359820127 2.4801478386    0.972  3.308  3.5056  0.092    3  0.000  0.452     0.00     0.00     0.00     0.00     0.00 -1 -2.31e-08      0.00 6.919e-01 2.930e-01 2.250e-03 1.184e-03 6.636e-03 -1.000 1.514e-02 -3.501 -1.355 1.154 1.188 -2.740
0.0152 0.01508 10.00000 1.0359889269 2.4801492691    0.966  3.343  3.5010  0.036    3  0.000  0.452     0.00     0.00     0.00     0.00     0.00 -1 -2.68e-08      0.00 6.919e-01 2.930e-01 2.250e-03 1.184e-03 6.636e-03 -1.000 1.514e-02 -3.588 -1.294 1.338 1.369 -2.705
0.0152 0.01508 10.00000 1.0359956026 2.4801504612    0.959  3.378  3.4964 -0.021    3  0.000  0.452     0.00     0.00     0.00     0.00     0.00 -1 -3.11e-08      0.00 6.919e-01 2.930e-01 2.250e-03 1.184e-03 6.636e-03 -1.000 1.514e-02 -3.674 -1.237 1.499 1.527 -2.670
0.0152 0.01508 10.00000 1.0360008478 2.4801514149    0.953  3.403  3.4929 -0.063    3  0.000  0.452     0.00     0.00     0.00     0.00     0.00 -1 -3.48e-08      0.00 6.919e-01 2.930e-01 2.250e-03 1.184e-03 6.636e-03 -1.000 1.514e-02 -3.738 -1.195 1.611 1.638 -2.644
0.0152 0.01508 10.00000 1.0360008478 2.4801514149    0.953  1.679  3.6673  2.359    4  0.000  0.472     0.00     0.00     0.00     0.00     0.00 -1    -1e-30      0.00 6.947e-01 2.902e-01 2.340e-03 1.062e-03 6.610e-03 -1.000 1.507e-02 0.572 0.646 1.200 1.244 -0.035
0.0152 0.01508 10.00000 1.0360876322 2.4801683426    0.953  1.687  3.6668  2.349    4  0.000  0.472     0.00     0.00     0.00     0.00     0.00 -1    -1e-30      0.00 6.947e-01 2.902e-01 2.340e-03 1.063e-03 6.610e-03 -1.000 1.507e-02 0.553 0.629 1.185 1.229 -0.054
0.0152 0.01508 10.00000 1.0361766815 2.4801855087    0.953  1.690  3.6666  2.345    4  0.000  0.472     0.00     0.00     0.00     0.00     0.00 -1    -1e-30      0.00 6.947e-01 2.902e-01 2.340e-03 1.063e-03 6.610e-03 -1.000 1.507e-02 0.544 0.621 1.177 1.221 -0.063
0.0152 0.01508 10.00000 1.0362657309 2.4802026749    0.953  1.690  3.6668  2.346    4  0.000  0.472     0.00     0.00     0.00     0.00     0.00 -1    -1e-30      0.00 6.947e-01 2.902e-01 2.340e-03 1.063e-03 6.610e-03 -1.000 1.507e-02 0.544 0.621 1.176 1.220 -0.062
0.0152 0.01508 10.00000 1.0363553762 2.4802198410    0.953  1.688  3.6672  2.350    4  0.000  0.472     0.00     0.00     0.00     0.00     0.00 -1    -1e-30      0.00 6.947e-01 2.902e-01 2.340e-03 1.063e-03 6.610e-03 -1.000 1.508e-02 0.550 0.624 1.178 1.223 -0.058
0.0152 0.01508 10.00000 1.0364483595 2.4802377224    0.953  1.685  3.6677  2.355    4  0.000  0.472     0.00     0.00     0.00     0.00     0.00 -1    -1e-30      0.00 6.947e-01 2.902e-01 2.340e-03 1.063e-03 6.610e-03 -1.000 1.508e-02 0.557 0.630 1.182 1.226 -0.051
0.0152 0.01508 10.00000 1.0365377665 2.4802551270    0.953  1.682  3.6683  2.360    4  0.000  0.472     0.00     0.00     0.00     0.00     0.00 -1    -1e-30      0.00 6.947e-01 2.902e-01 2.340e-03 1.063e-03 6.610e-03 -1.000 1.508e-02 0.564 0.635 1.186 1.230 -0.045
0.0152 0.01508 10.00000 1.0366318226 2.4802732468    0.954  1.679  3.6688  2.365    4  0.000  0.472     0.00     0.00     0.00     0.00     0.00 -1    -1e-30      0.00 6.947e-01 2.902e-01 2.340e-03 1.063e-03 6.610e-03 -1.000 1.508e-02 0.572 0.640 1.189 1.233 -0.038
0.0152 0.01508 10.00000 1.0367223024 2.4802906513    0.954  1.676  3.6693  2.370    4  0.000  0.472     0.00     0.00     0.00     0.00     0.00 -1    -1e-30      0.00 6.947e-01 2.902e-01 2.340e-03 1.063e-03 6.610e-03 -1.000 1.508e-02 0.579 0.645 1.193 1.237 -0.031
0.0152 0.01508 10.00000 1.0368109941 2.4803075790    0.954  1.674  3.6698  2.375    4  0.000  0.472     0.00     0.00     0.00     0.00     0.00 -1    -1e-30      0.00 6.947e-01 2.902e-01 2.340e-03 1.064e-03 6.610e-03 -1.000 1.508e-02 0.585 0.650 1.196 1.240 -0.026
0.0152 0.01508 10.00000 1.0369075537 2.4803261757    0.954  1.672  3.6702  2.379    4  0.000  0.472     0.00     0.00     0.00     0.00     0.00 -1    -1e-30      0.00 6.947e-01 2.902e-01 2.340e-03 1.064e-03 6.610e-03 -1.000 1.508e-02 0.591 0.654 1.199 1.243 -0.020
0.0152 0.01508 10.00000 1.0370041132 2.4803447723    0.954  1.670  3.6707  2.383    4  0.000  0.472     0.00     0.00     0.00     0.00     0.00 -1    -1e-30      0.00 6.947e-01 2.903e-01 2.339e-03 1.064e-03 6.610e-03 -1.000 1.508e-02 0.596 0.658 1.201 1.245 -0.016
0.0152 0.01508 10.00000 1.0371010303 2.4803636074    0.954  1.668  3.6710  2.386    4  0.000  0.472     0.00     0.00     0.00     0.00     0.00 -1    -1e-30      0.00 6.947e-01 2.903e-01 2.339e-03 1.064e-03 6.611e-03 -1.000 1.508e-02 0.601 0.661 1.203 1.247 -0.012
0.0152 0.01508 10.00000 1.0371954441 2.4803817272    0.954  1.666  3.6713  2.389    4  0.000  0.472     0.00     0.00     0.00     0.00     0.00 -1    -1e-30      0.00 6.947e-01 2.903e-01 2.339e-03 1.064e-03 6.611e-03 -1.000 1.508e-02 0.604 0.664 1.205 1.249 -0.008
0.0152 0.01508 10.00000 1.0372377634 2.4803898335    0.954  1.666  3.6715  2.390    4  0.000  0.472     0.00     0.00     0.00     0.00     0.00 -1    -1e-30      0.00 6.947e-01 2.903e-01 2.339e-03 1.064e-03 6.611e-03 -1.000 1.508e-02 0.606 0.665 1.205 1.249 -0.007
0.0152 0.01508 10.00000 1.0372672081 2.4803955555    0.954  1.665  3.6716  2.391    4  0.000  0.472     0.00     0.00     0.00     0.00     0.00 -1    -1e-30      0.00 6.947e-01 2.903e-01 2.339e-03 1.064e-03 6.611e-03 -1.000 1.508e-02 0.607 0.665 1.206 1.250 -0.006
0.0152 0.01508 10.00000 1.0373581648 2.4804129601    0.954  1.664  3.6718  2.393    4  0.000  0.472     0.00     0.00     0.00     0.00     0.00 -1    -1e-30      0.00 6.947e-01 2.903e-01 2.339e-03 1.064e-03 6.611e-03 -1.000 1.508e-02 0.609 0.667 1.207 1.250 -0.004
0.0152 0.01508 10.00000 1.0374464989 2.4804301262    0.955  1.664  3.6720  2.394    4  0.000  0.472     0.00     0.00     0.00     0.00     0.00 -1    -1e-30      0.00 6.947e-01 2.903e-01 2.339e-03 1.064e-03 6.611e-03 -1.000 1.508e-02 0.611 0.668 1.207 1.251 -0.002
0.0152 0.01508 10.00000 1.0375312567 2.4804463387    0.955  1.663  3.6722  2.395    4  0.000  0.472     0.00     0.00     0.00     0.00     0.00 -1    -1e-30      0.00 6.947e-01 2.903e-01 2.339e-03 1.065e-03 6.611e-03 -1.000 1.508e-02 0.612 0.669 1.207 1.251 -0.001
0.0152 0.01508 10.00000 1.0376223326 2.4804637432    0.955  1.663  3.6723  2.396    4  0.000  0.472     0.00     0.00     0.00     0.00     0.00 -1    -1e-30      0.00 6.946e-01 2.903e-01 2.339e-03 1.065e-03 6.611e-03 -1.000 1.508e-02 0.612 0.668 1.207 1.250 -0.001
0.0152 0.01508 10.00000 1.0377086401 2.4804804325    0.955  1.663  3.6724  2.396    4  0.000  0.472     0.00     0.00     0.00     0.00     0.00 -1    -1e-30      0.00 6.946e-01 2.903e-01 2.339e-03 1.065e-03 6.611e-03 -1.000 1.508e-02 0.612 0.668 1.206 1.249 -0.002
0.0152 0.01508 10.00000 1.0377969742 2.4804973602    0.955  1.664  3.6724  2.396    4  0.000  0.472     0.00     0.00     0.00     0.00     0.00 -1    -1e-30      0.00 6.946e-01 2.903e-01 2.339e-03 1.065e-03 6.611e-03 -1.000 1.508e-02 0.610 0.666 1.204 1.248 -0.004
0.0152 0.01508 10.00000 1.0378836393 2.4805140495    0.955  1.665  3.6724  2.394    4  0.000  0.472     0.00     0.00     0.00     0.00     0.00 -1    -1e-30      0.00 6.946e-01 2.903e-01 2.339e-03 1.065e-03 6.611e-03 -1.000 1.508e-02 0.607 0.663 1.201 1.245 -0.006
0.0152 0.01508 10.00000 1.0378897190 2.4805152416    0.955  1.665  3.6724  2.394    4  0.000  0.472     0.00     0.00     0.00     0.00     0.00 -1    -1e-30      0.00 6.946e-01 2.903e-01 2.339e-03 1.065e-03 6.611e-03 -1.000 1.508e-02 0.607 0.663 1.201 1.245 -0.006
0.0152 0.01508 10.00000 1.0379265547 2.4805223942    0.955  1.666  3.6723  2.394    4  0.000  0.472     0.00     0.00     0.00     0.00     0.00 -1    -1e-30      0.00 6.946e-01 2.903e-01 2.339e-03 1.065e-03 6.611e-03 -1.000 1.508e-02 0.606 0.662 1.200 1.244 -0.008
0.0152 0.01508 10.00000 1.0380171537 2.4805397987    0.955  1.668  3.6722  2.391    4  0.000  0.472     0.00     0.00     0.00     0.00     0.00 -1    -1e-30      0.00 6.946e-01 2.903e-01 2.338e-03 1.065e-03 6.611e-03 -1.000 1.508e-02 0.601 0.657 1.196 1.240 -0.013
0.0152 0.01508 10.00000 1.0381066799 2.4805569649    0.955  1.670  3.6720  2.388    4  0.000  0.472     0.00     0.00     0.00     0.00     0.00 -1    -1e-30      0.00 6.946e-01 2.903e-01 2.338e-03 1.065e-03 6.611e-03 -1.000 1.508e-02 0.595 0.652 1.191 1.235 -0.019
0.0152 0.01508 10.00000 1.0381959677 2.4805741310    0.955  1.673  3.6718  2.384    4  0.000  0.472     0.00     0.00     0.00     0.00     0.00 -1    -1e-30      0.00 6.946e-01 2.903e-01 2.338e-03 1.066e-03 6.611e-03 -1.000 1.508e-02 0.587 0.645 1.185 1.229 -0.026
0.0152 0.01508 10.00000 1.0382874012 2.4805915356    0.956  1.677  3.6714  2.379    4  0.000  0.472     0.00     0.00     0.00     0.00     0.00 -1    -1e-30      0.00 6.946e-01 2.903e-01 2.338e-03 1.066e-03 6.611e-03 -1.000 1.508e-02 0.577 0.636 1.177 1.221 -0.036
0.0152 0.01508 10.00000 1.0383775234 2.4806089401    0.956  1.682  3.6710  2.372    4  0.000  0.472     0.00     0.00     0.00     0.00     0.00 -1    -1e-30      0.00 6.946e-01 2.903e-01 2.338e-03 1.066e-03 6.611e-03 -1.000 1.508e-02 0.565 0.626 1.168 1.212 -0.047
0.0152 0.01508 10.00000 1.0384677649 2.4806263447    0.956  1.687  3.6705  2.365    4  0.000  0.472     0.00     0.00     0.00     0.00     0.00 -1    -1e-30      0.00 6.946e-01 2.903e-01 2.338e-03 1.066e-03 6.611e-03 -1.000 1.508e-02 0.551 0.614 1.158 1.202 -0.060
0.0152 0.01508 10.00000 1.0385576487 2.4806435108    0.956  1.694  3.6699  2.356    4  0.000  0.472     0.00     0.00     0.00     0.00     0.00 -1    -1e-30      0.00 6.946e-01 2.903e-01 2.338e-03 1.066e-03 6.611e-03 -1.000 1.508e-02 0.536 0.600 1.146 1.190 -0.075
0.0152 0.01508 10.00000 1.0386466980 2.4806606770    0.956  1.701  3.6692  2.346    4  0.000  0.472     0.00     0.00     0.00     0.00     0.00 -1    -1e-30      0.00 6.946e-01 2.903e-01 2.338e-03 1.066e-03 6.611e-03 -1.000 1.508e-02 0.518 0.585 1.133 1.177 -0.092
0.0152 0.01508 10.00000 1.0387381315 2.4806780815    0.956  1.707  3.6686  2.338    4  0.000  0.472     0.00     0.00     0.00     0.00     0.00 -1    -1e-30      0.00 6.946e-01 2.903e-01 2.338e-03 1.066e-03 6.611e-03 -1.000 1.508e-02 0.503 0.573 1.123 1.167 -0.106
0.0152 0.01508 10.00000 1.0388308764 2.4806959629    0.956  1.713  3.6680  2.329    4  0.000  0.472     0.00     0.00     0.00     0.00     0.00 -1    -1e-30      0.00 6.946e-01 2.903e-01 2.338e-03 1.066e-03 6.611e-03 -1.000 1.508e-02 0.487 0.558 1.110 1.154 -0.122
0.0152 0.01508 10.00000 1.0389230251 2.4807136059    0.956  1.740  3.6655  2.292    4  0.000  0.472     0.00     0.00     0.00     0.00     0.00 -1    -1e-30      0.00 6.946e-01 2.903e-01 2.338e-03 1.067e-03 6.611e-03 -1.000 1.508e-02 0.419 0.500 1.060 1.105 -0.186
0.0152 0.01508 10.00000 1.0389945507 2.4807271957    0.956  1.779  3.6619  2.239    4  0.000  0.472     0.00     0.00     0.00     0.00     0.00 -1    -1e-30      0.00 6.946e-01 2.903e-01 2.337e-03 1.067e-03 6.611e-03 -1.000 1.508e-02 0.323 0.417 0.989 1.034 -0.278
0.0152 0.01508 10.00000 1.0390301943 2.4807341099    0.956  1.817  3.6583  2.187    4  0.000  0.472     0.00     0.00     0.00     0.00     0.00 -1    -1e-30      0.00 6.946e-01 2.903e-01 2.337e-03 1.067e-03 6.611e-03 -1.000 1.508e-02 0.228 0.336 0.920 0.966 -0.368
0.0152 0.01508 10.00000 1.0390501022 2.4807379246    0.956  1.858  3.6545  2.131    4  0.000  0.472     0.00     0.00     0.00     0.00     0.00 -1    -1e-30      0.00 6.946e-01 2.903e-01 2.337e-03 1.067e-03 6.611e-03 -1.000 1.508e-02 0.124 0.249 0.845 0.891 -0.465
0.0152 0.01508 10.00000 1.0390599966 2.4807398319    0.956  1.897  3.6510  2.077    4  0.000  0.472     0.00     0.00     0.00     0.00     0.00 -1    -1e-30      0.00 6.946e-01 2.903e-01 2.337e-03 1.067e-03 6.611e-03 -1.000 1.508e-02 0.027 0.166 0.775 0.822 -0.557
0.0152 0.01508 10.00000 1.0390652418 2.4807407856    0.956  1.936  3.6475  2.025    4  0.000  0.472     0.00     0.00     0.00     0.00     0.00 -1    -1e-30      0.00 6.946e-01 2.903e-01 2.337e-03 1.067e-03 6.611e-03 -1.000 1.508e-02 -0.070 0.086 0.707 0.754 -0.647
0.0152 0.01508 10.00000 1.0390683413 2.4807415009    0.956  1.975  3.6440  1.972    4  0.000  0.472     0.00     0.00     0.00     0.00     0.00 -1    -1e-30      0.00 6.946e-01 2.903e-01 2.337e-03 1.067e-03 6.611e-03 -1.000 1.508e-02 -0.167 0.005 0.638 0.686 -0.736
0.0152 0.01508 10.00000 1.0390704870 2.4807417393    0.956  2.014  3.6405  1.919    4  0.000  0.472     0.00     0.00     0.00     0.00     0.00 -1    -1e-30      0.00 6.946e-01 2.903e-01 2.337e-03 1.067e-03 6.611e-03 -1.000 1.508e-02 -0.265 -0.077 0.568 0.616 -0.827
0.0152 0.01508 10.00000 1.0390715599 2.4807419777    0.956  2.041  3.6382  1.883    7  0.000  0.472     0.00     0.00     0.00     0.00     0.00 -1    -1e-30      0.00 6.946e-01 2.903e-01 2.337e-03 1.067e-03 6.611e-03 -1.000 1.508e-02 -0.332 -0.133 0.521 0.569 -0.887
0.0152 0.01508 10.00000 1.0390719175 2.4807422161    0.956  2.051  3.6373  1.869    7  0.000  0.472     0.00     0.00     0.00     0.00     0.00 -1    -1e-30      0.00 6.946e-01 2.903e-01 2.337e-03 1.067e-03 6.611e-03 -1.000 1.508e-02 -0.357 -0.153 0.503 0.552 -0.910
0.0152 0.01508 10.00000 1.0390734673 2.4807424545    0.956  2.097  3.6333  1.806    7  0.000  0.472     0.00     0.00     0.00     0.00     0.00 -1    -1e-30      0.00 6.946e-01 2.903e-01 2.337e-03 1.067e-03 6.611e-03 -1.000 1.508e-02 -0.473 -0.248 0.421 0.470 -1.015
0.0152 0.01508 10.00000 1.0390750170 2.4807426929    0.956  2.136  3.6300  1.754    7  0.000  0.472     0.00     0.00     0.00     0.00     0.00 -1    -1e-30      0.00 6.946e-01 2.903e-01 2.337e-03 1.067e-03 6.611e-03 -1.000 1.508e-02 -0.570 -0.328 0.352 0.401 -1.102
0.0152 0.01508 10.00000 1.0390789509 2.4807434082    0.957  2.149  3.6289  1.737    7  0.000  0.472     0.00     0.00     0.00     0.00     0.00 -1    -1e-30      0.00 6.946e-01 2.903e-01 2.337e-03 1.067e-03 6.611e-03 -1.000 1.508e-02 -0.602 -0.354 0.329 0.378 -1.130
0.0152 0.01508 10.00000 1.0390828848 2.4807441235    0.957  2.116  3.6318  1.782    7  0.000  0.472     0.00     0.00     0.00     0.00     0.00 -1    -1e-30      0.00 6.946e-01 2.903e-01 2.337e-03 1.067e-03 6.611e-03 -1.000 1.508e-02 -0.519 -0.287 0.387 0.436 -1.056
0.0152 0.01508 10.00000 1.0391182899 2.4807510376    0.956  2.089  3.6341  1.817    7  0.000  0.472     0.00     0.00     0.00     0.00     0.00 -1 -2.64e-17      0.00 6.946e-01 2.895e-01 2.337e-03 1.067e-03 6.611e-03 -1.000 1.594e-02 -0.453 -0.233 0.434 0.483 -0.997
0.0152 0.01508 10.00000 1.0391775370 2.4807622433    0.955  2.126  3.6308  1.767    7  0.000  0.472     0.00     0.00     0.00     0.00     0.00 -1  -7.6e-10      0.00 6.946e-01 2.890e-01 2.337e-03 1.067e-03 6.611e-03 -1.000 1.643e-02 -0.545 -0.308 0.370 0.419 -1.080
0.0152 0.01508 10.00000 1.0392121077 2.4807689190    0.954  2.167  3.6272  1.712    7  0.000  0.472     0.00     0.00     0.00     0.00     0.00 -1 -9.42e-10      0.00 6.946e-01 2.890e-01 2.337e-03 1.067e-03 6.611e-03 -1.000 1.643e-02 -0.647 -0.389 0.300 0.349 -1.169
0.0152 0.01508 10.00000 1.0392442942 2.4807751179    0.953  2.207  3.6237  1.657    7  0.000  0.472     0.00     0.00     0.00     0.00     0.00 -1 -1.16e-09      0.00 6.946e-01 2.890e-01 2.337e-03 1.067e-03 6.611e-03 -1.000 1.643e-02 -0.748 -0.470 0.231 0.280 -1.258
0.0152 0.01508 10.00000 1.0392729044 2.4807806015    0.952  2.249  3.6201  1.600    7  0.000  0.471     0.00     0.00     0.00     0.00     0.00 -1 -1.43e-09      0.00 6.946e-01 2.890e-01 2.337e-03 1.067e-03 6.611e-03 -1.000 1.643e-02 -0.852 -0.554 0.158 0.208 -1.350
0.0152 0.01508 10.00000 1.0392974615 2.4807853699    0.951  2.290  3.6165  1.544    7  0.000  0.471     0.00     0.00     0.00     0.00     0.00 -1 -1.77e-09      0.00 6.946e-01 2.890e-01 2.337e-03 1.067e-03 6.611e-03 -1.000 1.643e-02 -0.955 -0.635 0.089 0.138 -1.439
0.0152 0.01508 10.00000 1.0393191576 2.4807894230    0.949  2.331  3.6129  1.488    7  0.000  0.471     0.00     0.00     0.00     0.00     0.00 -1 -2.18e-09      0.00 6.946e-01 2.890e-01 2.337e-03 1.067e-03 6.611e-03 -1.000 1.643e-02 -1.058 -0.716 0.020 0.070 -1.529
0.0152 0.01508 10.00000 1.0393383503 2.4807932377    0.948  2.373  3.6092  1.431    7  0.000  0.471     0.00     0.00     0.00     0.00     0.00 -1 -2.69e-09      0.00 6.946e-01 2.890e-01 2.337e-03 1.067e-03 6.611e-03 -1.000 1.643e-02 -1.162 -0.796 -0.043 0.007 -1.620
0.0152 0.01508 10.00000 1.0393552780 2.4807963371    0.946  2.414  3.6056  1.374    7  0.000  0.471     0.00     0.00     0.00     0.00     0.00 -1 -3.34e-09      0.00 6.946e-01 2.890e-01 2.337e-03 1.067e-03 6.611e-03 -1.000 1.643e-02 -1.266 -0.875 -0.104 -0.053 -1.710
0.0152 0.01508 10.00000 1.0393704176 2.4807991982    0.944  2.456  3.6019  1.317    7  0.000  0.471     0.00     0.00     0.00     0.00     0.00 -1 -4.11e-09      0.00 6.946e-01 2.890e-01 2.337e-03 1.067e-03 6.611e-03 -1.000 1.643e-02 -1.369 -0.952 -0.163 -0.112 -1.799
0.0152 0.01508 10.00000 1.0393841267 2.4808018208    0.942  2.497  3.5982  1.260    7  0.000  0.471     0.00     0.00     0.00     0.00     0.00 -1 -5.02e-09      0.00 6.946e-01 2.890e-01 2.337e-03 1.067e-03 6.611e-03 -1.000 1.643e-02 -1.472 -1.026 -0.217 -0.166 -1.886
0.0152 0.01508 10.00000 1.0393968821 2.4808044434    0.940  2.537  3.5942  1.202    7  0.000  0.471     0.00     0.00     0.00     0.00     0.00 -1 -6.18e-09      0.00 6.946e-01 2.890e-01 2.336e-03 1.068e-03 6.611e-03 -1.000 1.642e-02 -1.574 -1.096 -0.263 -0.213 -1.970
0.0152 0.01508 10.00000 1.0394089222 2.4808065891    0.937  2.578  3.5891  1.140    7  0.000  0.471     0.00     0.00     0.00     0.00     0.00 -1 -7.58e-09      0.00 6.946e-01 2.890e-01 2.334e-03 1.069e-03 6.611e-03 -1.000 1.642e-02 -1.675 -1.155 -0.292 -0.241 -2.047
0.0152 0.01508 10.00000 1.0394204855 2.4808089733    0.934  2.619  3.5816  1.068    7  0.000  0.470     0.00     0.00     0.00     0.00     0.00 -1  -9.2e-09      0.00 6.946e-01 2.890e-01 2.330e-03 1.071e-03 6.612e-03 -1.000 1.639e-02 -1.777 -1.188 -0.272 -0.221 -2.108
0.0152 0.01508 10.00000 1.0394312143 2.4808108807    0.930  2.659  3.5773  1.008    7  0.000  0.469     0.00     0.00     0.00     0.00     0.00 -1 -1.13e-08      0.00 6.946e-01 2.891e-01 2.325e-03 1.078e-03 6.612e-03 -1.000 1.637e-02 -1.879 -1.244 -0.290 -0.240 -2.184
0.0152 0.01508 10.00000 1.0394414663 2.4808130264    0.926  2.700  3.5731  0.948    7  0.000  0.467     0.00     0.00     0.00     0.00     0.00 -1 -1.38e-08      0.00 6.946e-01 2.891e-01 2.317e-03 1.086e-03 6.612e-03 -1.000 1.637e-02 -1.981 -1.297 -0.302 -0.252 -2.258
0.0152 0.01508 10.00000 1.0394508839 2.4808146954    0.921  2.742  3.5687  0.887    7  0.000  0.466     0.00     0.00     0.00     0.00     0.00 -1  -1.7e-08      0.00 6.946e-01 2.891e-01 2.309e-03 1.095e-03 6.612e-03 -1.000 1.637e-02 -2.084 -1.347 -0.304 -0.254 -2.330
0.0152 0.01508 10.00000 1.0394591093 2.4808163643    0.916  2.785  3.5640  0.822    7  0.000  0.464     0.00     0.00     0.00     0.00     0.00 -1 -2.11e-08      0.00 6.946e-01 2.891e-01 2.302e-03 1.104e-03 6.612e-03 -1.000 1.637e-02 -2.193 -1.391 -0.287 -0.237 -2.401
0.0152 0.01508 10.00000 1.0394649506 2.4808173180    0.911  2.828  3.5591  0.758    7  0.000  0.463     0.00     0.00     0.00     0.00     0.00 -1 -2.59e-08      0.00 6.946e-01 2.891e-01 2.296e-03 1.112e-03 6.612e-03 -1.000 1.636e-02 -2.300 -1.431 -0.260 -0.210 -2.469
0.0152 0.01508 10.00000 1.0394688845 2.4808182716    0.907  2.868  3.5545  0.697    7  0.000  0.462     0.00     0.00     0.00     0.00     0.00 -1 -3.13e-08      0.00 6.946e-01 2.891e-01 2.290e-03 1.119e-03 6.612e-03 -1.000 1.636e-02 -2.401 -1.457 -0.207 -0.157 -2.524
0.0152 0.01508 10.00000 1.0394723415 2.4808187485    0.903  2.908  3.5497  0.637    7  0.000  0.461     0.00     0.00     0.00     0.00     0.00 -1 -3.79e-08      0.00 6.946e-01 2.891e-01 2.285e-03 1.124e-03 6.612e-03 -1.000 1.636e-02 -2.501 -1.480 -0.148 -0.099 -2.577
0.0152 0.01508 10.00000 1.0394754410 2.4808194637    0.899  2.948  3.5448  0.575    7  0.000  0.460     0.00     0.00     0.00     0.00     0.00 -1 -4.56e-08      0.00 6.946e-01 2.891e-01 2.281e-03 1.129e-03 6.612e-03 -1.000 1.636e-02 -2.600 -1.488 -0.052 -0.004 -2.617
0.0152 0.01508 10.00000 1.0394783020 2.4808199406    0.894  2.987  3.5400  0.515    7  0.000  0.460     0.00     0.00     0.00     0.00     0.00 -1 -5.47e-08      0.00 6.946e-01 2.891e-01 2.279e-03 1.133e-03 6.612e-03 -1.000 1.636e-02 -2.697 -1.495 0.042 0.089 -2.656
0.0152 0.01508 10.00000 1.0394809246 2.4808204174    0.889  3.022  3.5353  0.458    7  0.000  0.459     0.00     0.00     0.00     0.00     0.00 -1 -6.51e-08      0.00 6.946e-01 2.891e-01 2.277e-03 1.135e-03 6.612e-03 -1.000 1.633e-02 -2.786 -1.481 0.173 0.219 -2.674
0.0152 0.01508 10.00000 1.0394835472 2.4808208942    0.883  3.058  3.5305  0.400    7  0.000  0.459     0.00     0.00     0.00     0.00     0.00 -1 -7.71e-08      0.00 6.946e-01 2.891e-01 2.277e-03 1.136e-03 6.612e-03 -1.000 1.633e-02 -2.875 -1.463 0.315 0.360 -2.689
0.0152 0.01508 10.00000 1.0394862890 2.4808216095    0.875  3.094  3.5254  0.339    7  0.000  0.459     0.00     0.00     0.00     0.00     0.00 -1 -9.26e-08      0.00 6.946e-01 2.891e-01 2.276e-03 1.136e-03 6.612e-03 -1.000 1.633e-02 -2.965 -1.421 0.499 0.542 -2.681
0.0152 0.01508 10.00000 1.0394891500 2.4808220863    0.865  3.129  3.5203  0.279    7  0.000  0.459     0.00     0.00     0.00     0.00     0.00 -1 -1.11e-07      0.00 6.946e-01 2.891e-01 2.276e-03 1.136e-03 6.612e-03 -1.000 1.633e-02 -3.052 -1.374 0.691 0.733 -2.667
0.0152 0.01508 10.00000 1.0394922495 2.4808225632    0.851  3.162  3.5151  0.218    7  0.000  0.459     0.00     0.00     0.00     0.00     0.00 -1 -1.32e-07      0.00 6.946e-01 2.891e-01 2.276e-03 1.136e-03 6.612e-03 -1.000 1.633e-02 -3.136 -1.289 0.942 0.980 -2.617
0.0152 0.01508 10.00000 1.0394955873 2.4808232784    0.835  3.207  3.5079  0.137    7  0.000  0.459     0.00     0.00     0.00     0.00     0.00 -1 -1.68e-07      0.00 6.946e-01 2.891e-01 2.276e-03 1.136e-03 6.612e-03 -1.000 1.633e-02 -3.248 -1.171 1.277 1.311 -2.544
0.0152 0.01508 10.00000 1.0394976139 2.4808237553    0.821  3.300  3.4927 -0.026    7  0.000  0.459     0.00     0.00     0.00     0.00     0.00 -1 -2.57e-07      0.00 6.946e-01 2.891e-01 2.276e-03 1.136e-03 6.612e-03 -1.000 1.633e-02 -3.481 -0.938 1.861 1.887 -2.386
0.0152 0.01508 10.00000 1.0394980907 2.4808237553    0.814  3.317  3.4896 -0.058    7  0.000  0.459     0.00     0.00     0.00     0.00     0.00 -1 -2.81e-07      0.00 6.946e-01 2.891e-01 2.276e-03 1.136e-03 6.612e-03 -1.000 1.633e-02 -3.522 -0.888 1.967 1.991 -2.350
0.0152 0.01508 10.00000 1.0394982100 2.4808237553    0.812  3.308  3.4907 -0.045    7  0.000  0.459     0.00     0.00     0.00     0.00     0.00 -1 -2.72e-07      0.00 6.946e-01 2.891e-01 2.276e-03 1.136e-03 6.612e-03 -1.000 1.633e-02 -3.500 -0.897 1.940 1.965 -2.354
0.0152 0.01508 10.00000 1.0394983292 2.4808237553    0.812  3.297  3.4922 -0.029    7  0.000  0.459     0.00     0.00     0.00     0.00     0.00 -1 -2.61e-07      0.00 6.946e-01 2.891e-01 2.276e-03 1.136e-03 6.612e-03 -1.000 1.633e-02 -3.473 -0.915 1.893 1.919 -2.365
0.0152 0.01508 10.00000 1.0394984484 2.4808237553    0.810  3.319  3.4888 -0.066    7  0.000  0.459     0.00     0.00     0.00     0.00     0.00 -1 -2.87e-07      0.00 6.946e-01 2.891e-01 2.276e-03 1.136e-03 6.612e-03 -1.000 1.633e-02 -3.528 -0.878 1.983 2.007 -2.341
0.0152 0.01508 10.00000 1.0394986868 2.4808239937    0.808  3.339  3.4857 -0.099    7  0.000  0.459     0.00     0.00     0.00     0.00     0.00 -1 -3.14e-07      0.00 6.946e-01 2.891e-01 2.276e-03 1.136e-03 6.612e-03 -1.000 1.633e-02 -3.578 -0.864 2.017 2.041 -2.335
0.0152 0.01508 10.00000 1.0394989252 2.4808239937    0.805  3.362  3.4821 -0.138    7  0.000  0.459     0.00     0.00     0.00     0.00     0.00 -1 -3.47e-07      0.00 6.946e-01 2.891e-01 2.276e-03 1.136e-03 6.612e-03 -1.000 1.633e-02 -3.635 -0.846 2.059 2.082 -2.325
0.0152 0.01508 10.00000 1.0394990444 2.4808239937    0.801  3.381  3.4791 -0.171    7  0.000  0.459     0.00     0.00     0.00     0.00     0.00 -1 -3.79e-07      0.01 6.946e-01 2.891e-01 2.276e-03 1.136e-03 6.612e-03 -1.000 1.633e-02 -3.682 -0.832 2.091 2.115 -2.319
0.0152 0.01508 10.00000 1.0394994020 2.4808239937    0.796  3.400  3.4757 -0.206    7  0.524  0.459     0.00     0.00     0.00     0.00     0.00 -1 -4.17e-07      0.01 6.946e-01 2.891e-01 2.276e-03 1.136e-03 6.612e-03 -1.000 1.633e-02 -3.731 -0.824 2.121 2.144 -2.318
0.0152 0.01508 10.00000 1.0394997597 2.4808239937    0.790  3.420  3.4722 -0.244    7  0.522  0.459     0.00     0.00     0.00     0.00     0.00 -1 -4.58e-07      0.01 6.946e-01 2.891e-01 2.276e-03 1.136e-03 6.612e-03 -1.000 1.633e-02 -3.781 -0.813 2.154 2.176 -2.314
0.0152 0.01508 10.00000 1.0395001173 2.4808242321    0.783  3.434  3.4697 -0.271    8  0.522  0.480   315.44   130.57    80.37    65.13    53.09  0 -4.97e-07      0.01 6.946e-01 2.904e-01 2.388e-03 1.138e-03 6.627e-03 -1.000 1.503e-02 -3.814 -0.803 2.180 2.202 -2.308
0.0152 0.01508 10.00000 1.0395001173 2.4808242321    0.782  3.160  3.5081  0.155    8  0.522  0.480   115.60    60.36    38.46    30.82    25.07  1 -1.68e-07      0.00 6.946e-01 2.904e-01 2.388e-03 1.138e-03 6.627e-03 -1.000 1.503e-02 -3.131 -1.061 1.379 1.413 -2.432
0.0152 0.01508 10.00000 1.0395002365 2.4808242321    0.781  3.030  3.5276  0.363    8  0.522  0.480    72.46    41.45    26.87    21.41    17.40  1 -9.89e-08      0.00 6.946e-01 2.904e-01 2.388e-03 1.138e-03 6.627e-03 -1.000 1.503e-02 -2.805 -1.319 0.539 0.583 -2.565
0.0152 0.01508 10.00000 1.0395003557 2.4808242321    0.779  2.870  3.5514  0.616    8  0.522  0.480    41.71    26.20    17.33    13.72    11.14  2 -5.09e-08      0.00 6.946e-01 2.904e-01 2.388e-03 1.138e-03 6.627e-03 -1.000 1.503e-02 -2.406 -1.412 -0.107 -0.058 -2.499
0.0152 0.01508 10.00000 1.0395005941 2.4808242321    0.775  2.898  3.5469  0.569    8  0.522  0.480    46.15    28.51    18.79    14.89    12.09  1 -5.81e-08      0.00 6.946e-01 2.904e-01 2.388e-03 1.138e-03 6.627e-03 -1.000 1.503e-02 -2.475 -1.401 -0.008 0.040 -2.517
0.0152 0.01508 10.00000 1.0395008326 2.4808242321    0.771  3.027  3.5271  0.358    8  0.522  0.480    73.16    41.70    27.01    21.54    17.50  1 -1.02e-07      0.00 6.946e-01 2.904e-01 2.388e-03 1.138e-03 6.627e-03 -1.000 1.503e-02 -2.799 -1.300 0.572 0.616 -2.549
0.0152 0.01508 10.00000 1.0395010710 2.4808242321    0.765  3.187  3.5027  0.098    8  0.523  0.480   131.48    66.58    42.22    33.91    27.59  1 -1.99e-07      0.00 6.946e-01 2.904e-01 2.388e-03 1.138e-03 6.627e-03 -1.000 1.503e-02 -3.197 -0.966 1.609 1.641 -2.365
0.0152 0.01508 10.00000 1.0395014286 2.4808244705    0.759  3.316  3.4828 -0.115    8  0.523  0.480   215.80    97.57    60.81    49.12    40.00  1  -3.4e-07      0.00 6.946e-01 2.904e-01 2.388e-03 1.138e-03 6.627e-03 -1.000 1.503e-02 -3.520 -0.749 2.146 2.169 -2.226
0.0152 0.01508 10.00000 1.0395019054 2.4808244705    0.751  3.397  3.4700 -0.251    8  0.523  0.480   299.06   124.64    76.81    62.29    50.75  0 -4.81e-07      0.01 6.946e-01 2.904e-01 2.388e-03 1.138e-03 6.627e-03 -1.000 1.503e-02 -3.723 -0.721 2.254 2.276 -2.225
0.0152 0.01508 10.00000 1.0395023823 2.4808244705    0.743  3.438  3.4632 -0.324    8  0.524  0.480   356.34   141.75    86.82    70.58    57.52  0 -5.81e-07      0.01 6.946e-01 2.904e-01 2.388e-03 1.138e-03 6.627e-03 -1.000 1.503e-02 -3.825 -0.723 2.297 2.319 -2.239
0.0152 0.01508 10.00000 1.0395028591 2.4808247089    0.734  3.455  3.4598 -0.360    8  0.524  0.480   388.15   150.68    92.02    74.90    61.04  0 -6.43e-07      0.01 6.946e-01 2.904e-01 2.388e-03 1.138e-03 6.627e-03 -1.000 1.503e-02 -3.867 -0.713 2.332 2.354 -2.235
0.0152 0.01508 10.00000 1.0395034552 2.4808247089    0.724  3.463  3.4642 -0.356    8  0.524  0.480   384.23   149.21    91.13    74.20    60.47  0 -7.09e-07      0.02 6.946e-01 2.904e-01 2.388e-03 1.138e-03 6.627e-03 -1.000 1.503e-02 -3.887 -0.779 2.255 2.277 -2.296
0.0152 0.01508 10.00000 1.0395034552 2.4808247089    0.724  3.249  3.4899 -0.040    8  0.524  0.480   179.87    84.20    52.77    42.60    34.67  1    -3e-07      0.00 6.946e-01 2.904e-01 2.388e-03 1.138e-03 6.627e-03 -1.000 1.503e-02 -3.352 -0.726 2.122 2.147 -2.186
0.0152 0.01508 10.00000 1.0395034552 2.4808247089    0.723  3.067  3.5170  0.250    8  0.524  0.480    92.29    49.83    31.97    25.62    20.82  1 -1.45e-07      0.00 6.946e-01 2.904e-01 2.388e-03 1.138e-03 6.627e-03 -1.000 1.503e-02 -2.897 -1.115 1.052 1.092 -2.429
0.0152 0.01508 10.00000 1.0395035744 2.4808247089    0.722  2.907  3.5410  0.506    8  0.524  0.480    52.35    31.38    20.56    16.36    13.28  1 -7.47e-08      0.00 6.946e-01 2.904e-01 2.388e-03 1.138e-03 6.627e-03 -1.000 1.503e-02 -2.496 -1.312 0.205 0.253 -2.467
0.0152 0.01508 10.00000 1.0395036936 2.4808249474    0.720  2.933  3.5368  0.461    8  0.524  0.480    57.67    33.98    22.18    17.67    14.35  1 -8.42e-08      0.00 6.946e-01 2.904e-01 2.388e-03 1.138e-03 6.627e-03 -1.000 1.503e-02 -2.563 -1.288 0.331 0.378 -2.472
0.0152 0.01508 10.00000 1.0395036936 2.4808249474    0.718  3.060  3.5173  0.255    8  0.525  0.480    91.15    49.28    31.63    25.34    20.60  1 -1.43e-07      0.00 6.946e-01 2.904e-01 2.388e-03 1.138e-03 6.627e-03 -1.000 1.503e-02 -2.879 -1.104 1.054 1.094 -2.417
0.0152 0.01508 10.00000 1.0395039320 2.4808249474    0.715  3.215  3.4930  0.001    8  0.525  0.480   163.39    78.01    49.04    39.57    32.19  1 -2.71e-07      0.00 6.946e-01 2.904e-01 2.388e-03 1.138e-03 6.627e-03 -1.000 1.503e-02 -3.269 -0.738 2.047 2.073 -2.184
0.0152 0.01508 10.00000 1.0395040512 2.4808249474    0.712  3.342  3.4729 -0.208    8  0.525  0.480   267.46   113.57    70.20    56.96    46.38  0  -4.5e-07      0.01 6.946e-01 2.904e-01 2.388e-03 1.138e-03 6.627e-03 -1.000 1.503e-02 -3.584 -0.637 2.317 2.339 -2.134
0.0152 0.01508 10.00000 1.0395041704 2.4808249474    0.708  3.420  3.4599 -0.341    8  0.525  0.480   369.01   144.27    88.20    71.84    58.53  0 -6.18e-07      0.01 6.946e-01 2.904e-01 2.388e-03 1.138e-03 6.627e-03 -1.000 1.503e-02 -3.781 -0.636 2.402 2.424 -2.157
0.0152 0.01508 10.00000 1.0395044088 2.4808249474    0.704  3.459  3.4531 -0.409    8  0.525  0.480   436.46   163.07    99.14    80.91    65.94  0 -7.26e-07      0.02 6.946e-01 2.904e-01 2.388e-03 1.138e-03 6.627e-03 -1.000 1.503e-02 -3.877 -0.640 2.474 2.496 -2.175
0.0152 0.01508 10.00000 1.0395046473 2.4808249474    0.699  3.474  3.4499 -0.440    8  0.525  0.480   470.27   172.01   104.31    85.22    69.45  0 -7.82e-07      0.02 6.946e-01 2.904e-01 2.388e-03 1.138e-03 6.627e-03 -1.000 1.503e-02 -3.915 -0.636 2.513 2.534 -2.177
0.0152 0.01508 10.00000 1.0395048857 2.4808249474    0.694  3.480  3.4719 -0.361    8  0.525  0.480   387.08   148.92    90.88    74.11    60.37  0 -9.03e-07      0.03 6.946e-01 2.904e-01 2.388e-03 1.138e-03 6.627e-03 -1.000 1.503e-02 -3.930 -0.896 2.129 2.152 -2.406
0.0152 0.01508 10.00000 1.0395048857 2.4808249474    0.693  3.269  3.4821 -0.110    8  0.525  0.480   211.21    94.52    58.87    47.69    38.81  1 -3.65e-07      0.01 6.946e-01 2.904e-01 2.388e-03 1.138e-03 6.627e-03 -1.000 1.503e-02 -3.403 -0.620 2.275 2.298 -2.099
0.0152 0.01508 10.00000 1.0395048857 2.4808249474    0.693  3.088  3.5114  0.188    8  0.525  0.480   105.80    55.17    35.21    28.30    22.99  1 -1.79e-07      0.00 6.946e-01 2.904e-01 2.388e-03 1.138e-03 6.627e-03 -1.000 1.503e-02 -2.950 -0.978 1.373 1.410 -2.330
0.0152 0.01508 10.00000 1.0395050049 2.4808251858    0.691  2.928  3.5374  0.451    8  0.526  0.480    58.64    34.24    22.32    17.82    14.46  1 -9.37e-08      0.00 6.946e-01 2.904e-01 2.388e-03 1.138e-03 6.627e-03 -1.000 1.503e-02 -2.549 -1.289 0.317 0.364 -2.469
0.0152 0.01508 10.00000 1.0395051241 2.4808251858    0.689  2.954  3.5333  0.407    8  0.526  0.480    64.63    37.06    24.07    19.24    15.62  1 -1.06e-07      0.00 6.946e-01 2.904e-01 2.388e-03 1.138e-03 6.627e-03 -1.000 1.503e-02 -2.616 -1.266 0.443 0.489 -2.474
0.0152 0.01508 10.00000 1.0395052433 2.4808251858    0.686  3.080  3.5131  0.199    8  0.526  0.480   103.14    53.98    34.47    27.70    22.51  1 -1.79e-07      0.00 6.946e-01 2.904e-01 2.388e-03 1.138e-03 6.627e-03 -1.000 1.503e-02 -2.930 -1.015 1.283 1.320 -2.356
0.0152 0.01508 10.00000 1.0395053625 2.4808251858    0.682  3.235  3.4879 -0.059    8  0.526  0.480   187.15    85.92    53.72    43.48    35.37  1 -3.36e-07      0.00 6.946e-01 2.904e-01 2.388e-03 1.138e-03 6.627e-03 -1.000 1.503e-02 -3.317 -0.651 2.211 2.235 -2.116
0.0152 0.01508 10.00000 1.0395054817 2.4808251858    0.678  3.360  3.4673 -0.270    8  0.526  0.480   308.90   125.45    77.11    62.78    51.11  0 -5.56e-07      0.01 6.946e-01 2.904e-01 2.388e-03 1.138e-03 6.627e-03 -1.000 1.503e-02 -3.631 -0.591 2.401 2.423 -2.099
0.0152 0.01508 10.00000 1.0395057201 2.4808251858    0.674  3.439  3.4545 -0.402    8  0.526  0.480   426.94   159.22    96.81    79.11    64.44  0 -7.65e-07      0.02 6.946e-01 2.904e-01 2.388e-03 1.138e-03 6.627e-03 -1.000 1.503e-02 -3.827 -0.601 2.502 2.524 -2.134
0.0152 0.01508 10.00000 1.0395059586 2.4808251858    0.668  3.477  3.4483 -0.469    8  0.526  0.480   502.70   179.15   108.33    88.70    72.27  0 -9.07e-07      0.03 6.946e-01 2.904e-01 2.388e-03 1.138e-03 6.627e-03 -1.000 1.503e-02 -3.923 -0.613 2.567 2.588 -2.159
0.0152 0.01508 10.00000 1.0395061970 2.4808254242    0.663  3.492  3.4464 -0.495    8  0.527  0.480   536.74   187.59   113.17    92.76    75.58  0 -9.88e-07      0.03 6.946e-01 2.904e-01 2.388e-03 1.138e-03 6.627e-03 -1.000 1.503e-02 -3.960 -0.620 2.593 2.614 -2.172
0.0152 0.01508 10.00000 1.0395064354 2.4808254242    0.656  3.498  3.4815 -0.365    8  0.527  0.480   388.77   147.90    90.17    73.67    59.99  0 -1.21e-06      0.04 6.946e-01 2.904e-01 2.388e-03 1.138e-03 6.627e-03 -1.000 1.503e-02 -3.976 -1.059 1.968 1.992 -2.559
0.0152 0.01508 10.00000 1.0395064354 2.4808254242    0.656  3.292  3.4822 -0.156    8  0.527  0.480   234.71   101.38    62.86    51.08    41.56  0 -4.83e-07      0.01 6.946e-01 2.904e-01 2.388e-03 1.138e-03 6.627e-03 -1.000 1.503e-02 -3.460 -0.661 2.255 2.278 -2.142
0.0152 0.01508 10.00000 1.0395064354 2.4808254242    0.655  3.112  3.5140  0.150    8  0.527  0.480   114.64    58.21    37.01    29.83    24.23  1  -2.4e-07      0.00 6.946e-01 2.904e-01 2.388e-03 1.138e-03 6.627e-03 -1.000 1.503e-02 -3.009 -1.118 1.163 1.202 -2.455
0.0152 0.01508 10.00000 1.0395065546 2.4808254242    0.653  2.951  3.5426  0.424    8  0.527  0.480    61.93    35.47    23.06    18.45    14.97  1 -1.26e-07      0.00 6.946e-01 2.904e-01 2.388e-03 1.138e-03 6.627e-03 -1.000 1.503e-02 -2.609 -1.454 0.040 0.088 -2.600
0.0152 0.01508 10.00000 1.0395066738 2.4808254242    0.650  2.978  3.5389  0.380    8  0.527  0.480    68.17    38.33    24.83    19.90    16.15  1 -1.43e-07      0.00 6.946e-01 2.904e-01 2.388e-03 1.138e-03 6.627e-03 -1.000 1.503e-02 -2.675 -1.445 0.137 0.184 -2.617
0.0152 0.01508 10.00000 1.0395067930 2.4808254242    0.646  3.103  3.5178  0.169    8  0.527  0.480   109.75    56.10    35.72    28.79    23.38  1 -2.43e-07      0.00 6.946e-01 2.904e-01 2.388e-03 1.138e-03 6.627e-03 -1.000 1.503e-02 -2.987 -1.223 0.939 0.979 -2.535
0.0152 0.01508 10.00000 1.0395069122 2.4808254242    0.642  3.257  3.4915 -0.093    8  0.527  0.480   201.55    89.91    56.03    45.48    36.98  0 -4.55e-07      0.01 6.946e-01 2.904e-01 2.388e-03 1.138e-03 6.627e-03 -1.000 1.503e-02 -3.372 -0.770 2.080 2.105 -2.227
0.0152 0.01508 10.00000 1.0395071507 2.4808254242    0.637  3.381  3.4704 -0.306    8  0.527  0.480   335.31   131.79    80.71    65.91    53.64  0 -7.54e-07      0.02 6.946e-01 2.904e-01 2.388e-03 1.138e-03 6.627e-03 -1.000 1.503e-02 -3.683 -0.653 2.350 2.373 -2.161
0.0152 0.01508 10.00000 1.0395072699 2.4808254242    0.631  3.459  3.4578 -0.438    8  0.528  0.480   463.36   167.01   101.18    82.94    67.54  0 -1.05e-06      0.04 6.946e-01 2.904e-01 2.388e-03 1.138e-03 6.627e-03 -1.000 1.503e-02 -3.878 -0.646 2.461 2.484 -2.181
0.0152 0.01508 10.00000 1.0395075083 2.4808256626    0.625  3.498  3.4529 -0.501    8  0.528  0.480   540.61   186.50   112.40    92.32    75.19  0 -1.26e-06      0.04 6.946e-01 2.904e-01 2.388e-03 1.138e-03 6.627e-03 -1.000 1.503e-02 -3.975 -0.663 2.509 2.531 -2.210
0.0152 0.01508 10.00000 1.0395078659 2.4808256626    0.617  3.513  3.4531 -0.520    8  0.528  0.480   567.35   192.71   115.94    95.31    77.63  0  -1.4e-06      0.05 6.946e-01 2.904e-01 2.388e-03 1.138e-03 6.627e-03 -1.000 1.503e-02 -4.013 -0.692 2.491 2.513 -2.240
0.0152 0.01508 10.00000 1.0395081043 2.4808256626    0.610  3.520  3.5014 -0.339    8  0.528  0.480   362.73   138.51    84.55    69.21    56.32  0  -1.8e-06      0.08 6.946e-01 2.904e-01 2.388e-03 1.138e-03 6.627e-03 -1.000 1.503e-02 -4.030 -1.558 1.295 1.326 -3.002
0.0152 0.01508 10.00000 1.0395081043 2.4808256626    0.609  3.318  3.4958 -0.160    8  0.528  0.480   235.59   100.20    62.06    50.56    41.11  0 -7.19e-07      0.02 6.946e-01 2.904e-01 2.388e-03 1.138e-03 6.627e-03 -1.000 1.503e-02 -3.526 -1.014 1.804 1.831 -2.461
0.0152 0.01508 10.00000 1.0395081043 2.4808256626    0.608  3.139  3.5323  0.164    8  0.528  0.480   110.39    55.70    35.42    28.61    23.23  1 -3.59e-07      0.01 6.946e-01 2.904e-01 2.388e-03 1.138e-03 6.627e-03 -1.000 1.503e-02 -3.077 -1.694 0.077 0.123 -2.915
0.0152 0.01508 10.00000 1.0395082235 2.4808256626    0.605  2.979  3.5660  0.457    8  0.528  0.480    57.06    32.75    21.33    17.09    13.86  1 -1.88e-07      0.00 6.946e-01 2.904e-01 2.388e-03 1.138e-03 6.627e-03 -1.000 1.503e-02 -2.677 -1.903 -0.809 -0.757 -2.906
0.0152 0.01508 10.00000 1.0395083427 2.4808256626    0.602  3.005  3.5636  0.419    8  0.528  0.480    62.12    35.07    22.76    18.27    14.81  1 -2.15e-07      0.00 6.946e-01 2.904e-01 2.388e-03 1.138e-03 6.627e-03 -1.000 1.503e-02 -2.743 -1.935 -0.808 -0.757 -2.953
0.0152 0.01508 10.00000 1.0395084620 2.4808256626    0.598  3.129  3.5422  0.206    8  0.529  0.480   100.14    51.40    32.80    26.47    21.49  1  -3.7e-07      0.01 6.946e-01 2.904e-01 2.388e-03 1.138e-03 6.627e-03 -1.000 1.503e-02 -3.053 -1.881 -0.352 -0.304 -3.036
0.0152 0.01508 10.00000 1.0395085812 2.4808256626    0.593  3.282  3.5153 -0.058    8  0.529  0.480   184.36    82.64    51.60    41.96    34.09  0 -7.04e-07      0.02 6.946e-01 2.904e-01 2.388e-03 1.138e-03 6.627e-03 -1.000 1.503e-02 -3.435 -1.556 0.746 0.786 -2.893
0.0152 0.01508 10.00000 1.0395088196 2.4808259010    0.587  3.406  3.4947 -0.268    8  0.529  0.480   304.46   120.64    74.04    60.56    49.25  0 -1.19e-06      0.04 6.946e-01 2.904e-01 2.388e-03 1.138e-03 6.627e-03 -1.000 1.503e-02 -3.744 -1.139 1.769 1.796 -2.600
0.0152 0.01508 10.00000 1.0395090580 2.4808259010    0.580  3.484  3.4845 -0.392    8  0.529  0.480   410.91   150.36    91.35    75.00    61.01  0 -1.68e-06      0.08 6.946e-01 2.904e-01 2.388e-03 1.138e-03 6.627e-03 -1.000 1.503e-02 -3.939 -1.018 2.048 2.072 -2.522
0.0152 0.01508 10.00000 1.0395092964 2.4808259010    0.573  3.522  3.4840 -0.438    8  0.529  0.480   460.03   162.93    98.60    81.08    65.97  0 -2.08e-06      0.10 6.946e-01 2.904e-01 2.388e-03 1.138e-03 6.627e-03 -1.000 1.503e-02 -4.035 -1.064 2.034 2.058 -2.575
0.0152 0.01508 10.00000 1.0395095348 2.4808259010    0.565  3.538  3.4904 -0.435    8  0.530  0.480   455.69   161.30    97.62    80.31    65.34  0 -2.39e-06      0.13 6.946e-01 2.904e-01 2.388e-03 1.138e-03 6.627e-03 -1.000 1.503e-02 -4.075 -1.186 1.924 1.948 -2.690
0.0152 0.01508 10.00000 1.0395098925 2.4808261395    0.556  3.545  3.5387 -0.256    8  0.530  0.480   294.48   116.27    71.39    58.48    47.53  0 -2.94e-06      0.26 6.946e-01 2.904e-01 2.388e-03 1.138e-03 6.627e-03 -1.000 1.503e-02 -4.093 -2.394 -0.509 -0.464 -3.658
0.0152 0.01508 10.00000 1.0395104885 2.4808261395    0.530 -9.999  4.0000  1.855    9  0.530  0.000     0.00     0.00     0.00     0.00     0.00 -1    -1e-30      0.00 6.946e-01 2.904e-01 2.388e-03 1.138e-03 6.627e-03 -1.000 1.503e-02 29.767 29.975 29.959 29.949 29.989
