Zini     MH   logAge Mini        int_IMF         Mass   logL    logTe  logg  label   McoreTP C_O  period0  period1  period2  period3  period4  pmode  Mloss  tau1m   X   Y   Xc  Xn  Xo  Cexcess  Z 	 mbolmag  Umag    Bmag    Vmag    Rmag    Imag    Jmag    Hmag    Kmag
0.01471 0.00000 7.74036 0.0900000036 1.0816895962    0.090 -2.566  3.4055  4.532    0  0.000  0.545     0.00     0.00     0.00     0.00     0.00 -1 -6.24e-16      0.00 7.107e-01 2.745e-01 2.655e-03 7.163e-04 6.496e-03 -1.000 1.476e-02 11.185 19.291 17.358 15.742 13.778 11.613 9.126 8.536 8.185
0.01471 0.00000 7.74036 0.0925852358 1.1060024500    0.093 -2.547  3.4079  4.535    0  0.000  0.545     0.00     0.00     0.00     0.00     0.00 -1 -6.42e-16      0.00 7.107e-01 2.745e-01 2.655e-03 7.163e-04 6.496e-03 -1.000 1.476e-02 11.136 19.246 17.311 15.694 13.730 11.565 9.077 8.488 8.137
0.01471 0.00000 7.74036 0.1000000015 1.1711064577    0.100 -2.490  3.4148  4.540    0  0.000  0.545     0.00     0.00     0.00     0.00     0.00 -1 -6.99e-16      0.00 7.107e-01 2.745e-01 2.655e-03 7.163e-04 6.496e-03 -1.000 1.476e-02 10.996 19.114 17.174 15.555 13.590 11.424 8.937 8.347 7.997
0.01471 0.00000 7.74036 0.1060792506 1.2199708223    0.106 -2.450  3.4196  4.544    0  0.000  0.545     0.00     0.00     0.00     0.00     0.00 -1 -7.41e-16      0.00 7.107e-01 2.745e-01 2.655e-03 7.163e-04 6.496e-03 -1.000 1.476e-02 10.895 18.907 16.991 15.375 13.435 11.289 8.841 8.251 7.902
0.01471 0.00000 7.74036 0.1200000048 1.3193155527    0.120 -2.361  3.4304  4.552    0  0.000  0.545     0.00     0.00     0.00     0.00     0.00 -1 -8.47e-16      0.00 7.107e-01 2.745e-01 2.655e-03 7.163e-04 6.496e-03 -1.000 1.476e-02 10.673 18.186 16.392 14.795 12.971 10.913 8.643 8.049 7.706
0.01471 0.00000 7.74036 0.1369325966 1.4216681719    0.137 -2.272  3.4407  4.561    0  0.000  0.545     0.00     0.00     0.00     0.00     0.00 -1 -9.64e-16      0.00 7.107e-01 2.745e-01 2.655e-03 7.163e-04 6.496e-03 -1.000 1.476e-02 10.449 17.546 15.843 14.273 12.545 10.563 8.439 7.843 7.509
0.01471 0.00000 7.74036 0.1400000006 1.4384527206    0.140 -2.256  3.4425  4.562    0  0.000  0.545     0.00     0.00     0.00     0.00     0.00 -1 -9.87e-16      0.00 7.107e-01 2.745e-01 2.655e-03 7.163e-04 6.496e-03 -1.000 1.476e-02 10.410 17.441 15.752 14.187 12.474 10.504 8.404 7.807 7.475
0.01471 0.00000 7.74036 0.1599999964 1.5372931957    0.160 -2.166  3.4526  4.570    0  0.000  0.545     0.00     0.00     0.00     0.00     0.00 -1 -1.13e-15      0.00 7.107e-01 2.745e-01 2.655e-03 7.163e-04 6.496e-03 -1.000 1.476e-02 10.185 16.831 15.222 13.678 12.057 10.165 8.200 7.600 7.277
0.01471 0.00000 7.74036 0.2000000030 1.6938791275    0.200 -2.017  3.4687  4.583    0  0.000  0.545     0.00     0.00     0.00     0.00     0.00 -1  -1.4e-15      0.00 7.107e-01 2.745e-01 2.655e-03 7.163e-04 6.496e-03 -1.000 1.476e-02 9.813 15.902 14.401 12.882 11.398 9.637 7.864 7.259 6.951
0.01471 0.00000 7.74036 0.2329291403 1.7949655056    0.233 -1.918  3.4788  4.591    0  0.000  0.545     0.00     0.00     0.00     0.00     0.00 -1 -1.61e-15      0.00 7.107e-01 2.745e-01 2.655e-03 7.163e-04 6.496e-03 -1.000 1.476e-02 9.565 15.342 13.894 12.391 10.984 9.305 7.639 7.030 6.733
0.01471 0.00000 7.74036 0.2500000000 1.8403258324    0.250 -1.872  3.4835  4.594    0  0.000  0.545     0.00     0.00     0.00     0.00     0.00 -1 -1.73e-15      0.00 7.107e-01 2.745e-01 2.655e-03 7.163e-04 6.496e-03 -1.000 1.476e-02 9.449 15.091 13.664 12.164 10.790 9.154 7.535 6.923 6.631
0.01471 0.00000 7.74036 0.2796002328 1.9101552963    0.280 -1.800  3.4906  4.599    0  0.000  0.545     0.00     0.00     0.00     0.00     0.00 -1 -1.91e-15      0.00 7.107e-01 2.745e-01 2.655e-03 7.163e-04 6.496e-03 -1.000 1.476e-02 9.271 14.717 13.317 11.819 10.494 8.925 7.375 6.760 6.476
0.01471 0.00000 7.74036 0.3271937072 2.0043718815    0.327 -1.698  3.5004  4.604    0  0.000  0.545     0.00     0.00     0.00     0.00     0.00 -1 -2.22e-15      0.00 7.107e-01 2.745e-01 2.655e-03 7.163e-04 6.496e-03 -1.000 1.476e-02 9.015 14.227 12.859 11.383 10.115 8.613 7.140 6.519 6.246
0.01471 0.00000 7.74036 0.3494452536 2.0425074100    0.350 -1.657  3.5044  4.608    0  0.000  0.545     0.00     0.00     0.00     0.00     0.00 -1 -2.34e-15      0.00 7.107e-01 2.745e-01 2.655e-03 7.163e-04 6.496e-03 -1.000 1.476e-02 8.913 14.040 12.681 11.214 9.967 8.491 7.047 6.423 6.155
0.01471 0.00000 7.74036 0.3500000238 2.0434176922    0.350 -1.656  3.5045  4.608    0  0.000  0.545     0.00     0.00     0.00     0.00     0.00 -1 -2.35e-15      0.00 7.107e-01 2.745e-01 2.655e-03 7.163e-04 6.496e-03 -1.000 1.476e-02 8.910 14.035 12.677 11.209 9.963 8.487 7.045 6.420 6.152
0.01471 0.00000 7.74036 0.3611010015 2.0612456799    0.361 -1.632  3.5067  4.607    0  0.000  0.545     0.00     0.00     0.00     0.00     0.00 -1 -2.45e-15      0.00 7.107e-01 2.745e-01 2.655e-03 7.163e-04 6.496e-03 -1.000 1.476e-02 8.851 13.927 12.575 11.113 9.879 8.417 6.990 6.364 6.098
0.01471 0.00000 7.74036 0.4000000358 2.1185026169    0.400 -1.559  3.5136  4.605    0  0.000  0.545     0.00     0.00     0.00     0.00     0.00 -1 -2.76e-15      0.00 7.107e-01 2.745e-01 2.655e-03 7.163e-04 6.496e-03 -1.000 1.476e-02 8.668 13.603 12.267 10.817 9.619 8.202 6.823 6.191 5.933
0.01471 0.00000 7.74036 0.4298410714 2.1577308178    0.430 -1.501  3.5194  4.602    0  0.000  0.545     0.00     0.00     0.00     0.00     0.00 -1 -3.06e-15      0.00 7.107e-01 2.745e-01 2.655e-03 7.163e-04 6.496e-03 -1.000 1.476e-02 8.523 13.345 12.020 10.580 9.410 8.032 6.692 6.055 5.802
0.01471 0.00000 7.74036 0.4500000179 2.1822810173    0.450 -1.464  3.5230  4.599    0  0.000  0.545     0.00     0.00     0.00     0.00     0.00 -1 -3.26e-15      0.00 7.107e-01 2.745e-01 2.655e-03 7.163e-04 6.496e-03 -1.000 1.476e-02 8.431 13.190 11.869 10.434 9.280 7.926 6.609 5.969 5.719
0.01471 0.00000 7.74036 0.5000000000 2.2374541759    0.500 -1.375  3.5331  4.596    0  0.000  0.545     0.00     0.00     0.00     0.00     0.00 -1 -3.82e-15      0.00 7.107e-01 2.745e-01 2.655e-03 7.163e-04 6.496e-03 -1.000 1.476e-02 8.207 12.803 11.486 10.065 8.954 7.666 6.410 5.762 5.520
0.01471 0.00000 7.74036 0.5414823890 2.2764785290    0.541 -1.284  3.5435  4.582    0  0.000  0.545     0.00     0.00     0.00     0.00     0.00 -1 -4.59e-15      0.00 7.107e-01 2.745e-01 2.655e-03 7.162e-04 6.496e-03 -1.000 1.476e-02 7.981 12.428 11.109 9.703 8.631 7.409 6.211 5.554 5.321
0.01471 0.00000 7.74036 0.5500000119 2.2836582661    0.550 -1.266  3.5458  4.579    0  0.000  0.545     0.00     0.00     0.00     0.00     0.00 -1 -4.76e-15      0.00 7.107e-01 2.745e-01 2.655e-03 7.162e-04 6.495e-03 -1.000 1.476e-02 7.934 12.350 11.029 9.626 8.563 7.356 6.171 5.511 5.280
0.01471 0.00000 7.74036 0.5669133663 2.2971825600    0.567 -1.231  3.5510  4.578    0  0.000  0.545     0.00     0.00     0.00     0.00     0.00 -1 -5.09e-15      0.00 7.107e-01 2.745e-01 2.655e-03 7.162e-04 6.495e-03 -1.000 1.476e-02 7.846 12.195 10.869 9.471 8.425 7.253 6.096 5.433 5.207
0.01471 0.00000 7.74036 0.5746358633 2.3030538559    0.574 -1.213  3.5536  4.576    0  0.000  0.545     0.00     0.00     0.00     0.00     0.00 -1 -5.26e-15      0.00 7.107e-01 2.745e-01 2.655e-03 7.162e-04 6.496e-03 -1.000 1.476e-02 7.802 12.120 10.791 9.394 8.356 7.203 6.059 5.394 5.170
0.01471 0.00000 7.74036 0.6000000238 2.3211214542    0.600 -1.141  3.5642  4.566    0  0.000  0.545     0.00     0.00     0.00     0.00     0.00 -1 -6.13e-15      0.00 7.107e-01 2.745e-01 2.655e-03 7.162e-04 6.495e-03 -1.000 1.476e-02 7.622 11.818 10.473 9.083 8.077 6.999 5.909 5.235 5.021
0.01471 0.00000 7.74036 0.6296313405 2.3401229382    0.630 -1.047  3.5805  4.558    0  0.000  0.545     0.00     0.00     0.00     0.00     0.00 -1 -7.47e-15      0.00 7.107e-01 2.745e-01 2.655e-03 7.162e-04 6.495e-03 -1.000 1.476e-02 7.388 11.413 10.041 8.660 7.698 6.735 5.719 5.032 4.837
0.01471 0.00000 7.74036 0.6499999762 2.3520355225    0.650 -0.973  3.5943  4.553    0  0.000  0.545     0.00     0.00     0.00     0.00     0.00 -1 -8.76e-15      0.00 7.107e-01 2.745e-01 2.655e-03 7.162e-04 6.495e-03 -1.000 1.476e-02 7.202 11.091 9.694 8.336 7.406 6.533 5.569 4.870 4.697
0.01471 0.00000 7.74036 0.6524354815 2.3534026146    0.652 -0.963  3.5963  4.553    0  0.000  0.545     0.00     0.00     0.00     0.00     0.00 -1 -8.94e-15      0.00 7.107e-01 2.745e-01 2.655e-03 7.162e-04 6.495e-03 -1.000 1.476e-02 7.178 11.049 9.648 8.294 7.368 6.507 5.550 4.850 4.680
0.01471 0.00000 7.74036 0.6698225737 2.3628323078    0.670 -0.892  3.6115  4.554    0  0.000  0.545     0.00     0.00     0.00     0.00     0.00 -1 -1.04e-14      0.00 7.107e-01 2.745e-01 2.654e-03 7.162e-04 6.495e-03 -1.000 1.476e-02 7.000 10.723 9.293 7.979 7.089 6.314 5.406 4.704 4.559
0.01471 0.00000 7.74036 0.6868057251 2.3715147972    0.687 -0.822  3.6271  4.557    0  0.000  0.545     0.00     0.00     0.00     0.00     0.00 -1  -1.2e-14      0.00 7.107e-01 2.745e-01 2.654e-03 7.161e-04 6.495e-03 -1.000 1.476e-02 6.824 10.363 8.924 7.664 6.815 6.124 5.266 4.575 4.452
0.01471 0.00000 7.74036 0.7000000477 2.3779268265    0.700 -0.768  3.6394  4.561    0  0.000  0.545     0.00     0.00     0.00     0.00     0.00 -1 -1.34e-14      0.00 7.107e-01 2.745e-01 2.654e-03 7.162e-04 6.495e-03 -1.000 1.476e-02 6.689 10.031 8.622 7.416 6.605 5.983 5.164 4.485 4.380
0.01471 0.00000 7.74036 0.7030605674 2.3793747425    0.703 -0.753  3.6438  4.565    0  0.000  0.544     0.00     0.00     0.00     0.00     0.00 -1 -1.38e-14      0.00 7.107e-01 2.745e-01 2.652e-03 7.161e-04 6.495e-03 -1.000 1.476e-02 6.652 9.907 8.527 7.341 6.544 5.942 5.138 4.469 4.368
0.01471 0.00000 7.74036 0.7139794230 2.3844239712    0.714 -0.703  3.6581  4.579    0  0.000  0.543     0.00     0.00     0.00     0.00     0.00 -1 -1.51e-14      0.00 7.107e-01 2.745e-01 2.644e-03 7.159e-04 6.495e-03 -1.000 1.476e-02 6.528 9.461 8.209 7.092 6.347 5.807 5.055 4.427 4.337
0.01471 0.00000 7.74036 0.7248998284 2.3892993927    0.725 -0.657  3.6710  4.591    0  0.000  0.541     0.00     0.00     0.00     0.00     0.00 -1 -1.65e-14      0.00 7.107e-01 2.745e-01 2.637e-03 7.156e-04 6.495e-03 -1.000 1.476e-02 6.413 9.050 7.930 6.877 6.182 5.683 4.978 4.391 4.309
0.01471 0.00000 7.74036 0.7301800847 2.3915967941    0.730 -0.644  3.6749  4.597    0  0.000  0.540     0.00     0.00     0.00     0.00     0.00 -1 -1.68e-14      0.00 7.107e-01 2.745e-01 2.633e-03 7.155e-04 6.495e-03 -1.000 1.476e-02 6.381 8.927 7.851 6.817 6.138 5.648 4.958 4.385 4.305
0.01471 0.00000 7.74036 0.7500000000 2.3998889923    0.750 -0.608  3.6856  4.616    0  0.000  0.538     0.00     0.00     0.00     0.00     0.00 -1 -1.77e-14      0.00 7.108e-01 2.745e-01 2.619e-03 7.151e-04 6.495e-03 -1.000 1.476e-02 6.291 8.606 7.640 6.655 6.017 5.554 4.902 4.364 4.289
0.01471 0.00000 7.74036 0.8000000119 2.4187245369    0.800 -0.521  3.7036  4.628    0  0.000  0.538     0.00     0.00     0.00     0.00     0.00 -1 -2.08e-14      0.00 7.108e-01 2.744e-01 2.619e-03 7.151e-04 6.495e-03 -1.000 1.476e-02 6.071 8.024 7.241 6.333 5.760 5.334 4.742 4.258 4.191
0.01471 0.00000 7.74036 0.8176233172 2.4247353077    0.817 -0.491  3.7083  4.627    0  0.000  0.538     0.00     0.00     0.00     0.00     0.00 -1  -2.2e-14      0.00 7.108e-01 2.744e-01 2.619e-03 7.151e-04 6.495e-03 -1.000 1.476e-02 5.997 7.860 7.124 6.235 5.678 5.261 4.685 4.215 4.150
0.01471 0.00000 7.74036 0.8500000238 2.4350347519    0.850 -0.422  3.7188  4.616    0  0.000  0.538     0.00     0.00     0.00     0.00     0.00 -1 -2.56e-14      0.00 7.108e-01 2.744e-01 2.619e-03 7.150e-04 6.494e-03 -1.000 1.476e-02 5.824 7.489 6.859 6.013 5.490 5.092 4.550 4.110 4.049
0.01471 0.00000 7.74036 0.8652759790 2.4395875931    0.865 -0.396  3.7227  4.614    0  0.000  0.538     0.00     0.00     0.00     0.00     0.00 -1  -2.7e-14      0.00 7.108e-01 2.744e-01 2.619e-03 7.150e-04 6.494e-03 -1.000 1.476e-02 5.759 7.356 6.764 5.933 5.421 5.030 4.500 4.070 4.011
0.01471 0.00000 7.74036 0.8967149258 2.4483988285    0.896 -0.342  3.7308  4.607    0  0.000  0.538     0.00     0.00     0.00     0.00     0.00 -1    -3e-14      0.00 7.108e-01 2.744e-01 2.618e-03 7.150e-04 6.494e-03 -1.000 1.474e-02 5.625 7.085 6.570 5.769 5.279 4.900 4.396 3.987 3.931
0.01471 0.00000 7.74036 0.8999999762 2.4492788315    0.899 -0.335  3.7318  4.606    0  0.000  0.538     0.00     0.00     0.00     0.00     0.00 -1 -3.05e-14      0.00 7.108e-01 2.744e-01 2.618e-03 7.150e-04 6.494e-03 -1.000 1.474e-02 5.607 7.050 6.544 5.747 5.260 4.883 4.382 3.976 3.920
0.01471 0.00000 7.74036 0.9499999881 2.4618122578    0.950 -0.227  3.7461  4.579    0  0.000  0.538     0.00     0.00     0.00     0.00     0.00 -1 -3.93e-14      0.00 7.109e-01 2.744e-01 2.618e-03 7.149e-04 6.493e-03 -1.000 1.476e-02 5.338 6.535 6.169 5.431 4.986 4.633 4.174 3.803 3.754
0.01471 0.00000 7.74036 0.9621947408 2.4646427631    0.962 -0.201  3.7495  4.572    0  0.000  0.538     0.00     0.00     0.00     0.00     0.00 -1 -4.18e-14      0.00 7.109e-01 2.744e-01 2.618e-03 7.148e-04 6.493e-03 -1.000 1.476e-02 5.273 6.410 6.081 5.356 4.921 4.574 4.125 3.762 3.714
0.01471 0.00000 7.74036 1.0000000000 2.4729156494    1.000 -0.124  3.7593  4.552    0  0.000  0.538     0.00     0.00     0.00     0.00     0.00 -1 -5.01e-14      0.00 7.109e-01 2.743e-01 2.618e-03 7.148e-04 6.492e-03 -1.000 1.476e-02 5.081 6.062 5.824 5.140 4.731 4.399 3.976 3.635 3.592
0.01471 0.00000 7.74036 1.0499999523 2.4828116894    1.050 -0.028  3.7709  4.522    0  0.000  0.538     0.00     0.00     0.00     0.00     0.00 -1 -5.88e-14      0.00 7.110e-01 2.743e-01 2.617e-03 7.146e-04 6.491e-03 -1.000 1.475e-02 4.839 5.655 5.510 4.876 4.497 4.183 3.791 3.475 3.438
0.01471 0.00000 7.74036 1.1000000238 2.4916803837    1.099  0.071  3.7818  4.488    0  0.000  0.538     0.00     0.00     0.00     0.00     0.00 -1 -6.89e-14      0.00 7.111e-01 2.741e-01 2.616e-03 7.144e-04 6.488e-03 -1.000 1.476e-02 4.594 5.272 5.200 4.614 4.262 3.965 3.602 3.308 3.276
0.01471 0.00000 7.74036 1.1484894753 2.4994382858    1.148  0.171  3.7938  4.454    0  0.000  0.538     0.00     0.00     0.00     0.00     0.00 -1 -8.11e-14      0.00 7.113e-01 2.740e-01 2.615e-03 7.140e-04 6.485e-03 -1.000 1.467e-02 4.342 4.898 4.884 4.349 4.024 3.746 3.411 3.141 3.115
0.01471 0.00000 7.74036 1.1499999762 2.4996678829    1.149  0.174  3.7941  4.453    0  0.000  0.538     0.00     0.00     0.00     0.00     0.00 -1 -8.15e-14      0.00 7.113e-01 2.740e-01 2.615e-03 7.140e-04 6.485e-03 -1.000 1.466e-02 4.335 4.889 4.876 4.342 4.018 3.741 3.406 3.137 3.110
0.01471 0.00000 7.74036 1.2000000477 2.5068950653    1.200  0.264  3.8039  4.421    0  0.000  0.538     0.00     0.00     0.00     0.00     0.00 -1 -9.22e-14      0.00 7.113e-01 2.739e-01 2.615e-03 7.139e-04 6.485e-03 -1.000 1.475e-02 4.110 4.579 4.602 4.109 3.807 3.545 3.233 2.983 2.961
0.01471 0.00000 7.74036 1.2500000000 2.5134611130    1.250  0.350  3.8136  4.391    0  0.000  0.538     0.00     0.00     0.00     0.00     0.00 -1 -1.03e-13      0.00 7.113e-01 2.739e-01 2.615e-03 7.139e-04 6.485e-03 -1.000 1.475e-02 3.895 4.295 4.341 3.888 3.606 3.359 3.070 2.839 2.820
0.01471 0.00000 7.74036 1.2999999523 2.5194499493    1.300  0.431  3.8227  4.364    0  0.000  0.538     0.00     0.00     0.00     0.00     0.00 -1 -1.12e-13      0.00 7.114e-01 2.739e-01 2.615e-03 7.138e-04 6.484e-03 -1.000 1.475e-02 3.693 4.046 4.099 3.678 3.414 3.182 2.914 2.701 2.684
0.01471 0.00000 7.74036 1.3499999046 2.5249314308    1.350  0.508  3.8323  4.341    0  0.000  0.538     0.00     0.00     0.00     0.00     0.00 -1 -1.17e-13      0.00 7.114e-01 2.739e-01 2.614e-03 7.139e-04 6.484e-03 -1.000 1.472e-02 3.500 3.812 3.867 3.479 3.233 3.017 2.772 2.577 2.562
0.01471 0.00000 7.74036 1.3999999762 2.5299651623    1.400  0.581  3.8420  4.323    0  0.000  0.538     0.00     0.00     0.00     0.00     0.00 -1  -1.2e-13      0.00 7.115e-01 2.739e-01 2.614e-03 7.138e-04 6.483e-03 -1.000 1.467e-02 3.318 3.598 3.649 3.291 3.064 2.865 2.641 2.466 2.452
0.01471 0.00000 7.74036 1.4500000477 2.5346016884    1.450  0.649  3.8530  4.315    0  0.000  0.538     0.00     0.00     0.00     0.00     0.00 -1 -1.16e-13      0.00 7.114e-01 2.738e-01 2.614e-03 7.138e-04 6.483e-03 -1.000 1.475e-02 3.149 3.399 3.442 3.116 2.911 2.731 2.531 2.377 2.365
0.01471 0.00000 7.74036 1.5000000000 2.5388846397    1.500  0.714  3.8655  4.314    0  0.000  0.538     0.00     0.00     0.00     0.00     0.00 -1 -1.06e-13      0.00 7.115e-01 2.738e-01 2.613e-03 7.137e-04 6.482e-03 -1.000 1.474e-02 2.985 3.209 3.239 2.947 2.766 2.608 2.436 2.305 2.294
0.01471 0.00000 7.74036 1.5500000715 2.5428512096    1.550  0.776  3.8789  4.320    0  0.000  0.538     0.00     0.00     0.00     0.00     0.00 -1 -8.97e-14      0.00 7.115e-01 2.737e-01 2.613e-03 7.136e-04 6.482e-03 -1.000 1.475e-02 2.829 3.032 3.046 2.789 2.634 2.501 2.356 2.249 2.239
0.01471 0.00000 7.74036 1.6000000238 2.5465342999    1.600  0.837  3.8922  4.326    0  0.000  0.538     0.00     0.00     0.00     0.00     0.00 -1 -6.74e-14      0.00 7.116e-01 2.737e-01 2.613e-03 7.135e-04 6.481e-03 -1.000 1.474e-02 2.677 2.863 2.860 2.637 2.509 2.399 2.281 2.196 2.188
0.01471 0.00000 7.74036 1.6500000954 2.5499615669    1.649  0.894  3.9047  4.332    0  0.000  0.538     0.00     0.00     0.00     0.00     0.00 -1 -3.76e-14      0.00 7.116e-01 2.736e-01 2.613e-03 7.134e-04 6.480e-03 -1.000 1.473e-02 2.534 2.708 2.690 2.498 2.395 2.307 2.213 2.147 2.139
0.01471 0.00000 7.74036 1.7000000477 2.5531582832    1.699  0.950  3.9167  4.337    0  0.000  0.538     0.00     0.00     0.00     0.00     0.00 -1    -1e-30      0.00 7.116e-01 2.736e-01 2.612e-03 7.134e-04 6.480e-03 -1.000 1.473e-02 2.395 2.558 2.527 2.368 2.287 2.219 2.147 2.097 2.090
0.01471 0.00000 7.74036 1.7500000000 2.5561456680    1.749  1.004  3.9280  4.341    0  0.000  0.538     0.00     0.00     0.00     0.00     0.00 -1    -1e-30      0.00 7.117e-01 2.736e-01 2.612e-03 7.133e-04 6.479e-03 -1.000 1.475e-02 2.261 2.415 2.377 2.248 2.188 2.138 2.084 2.049 2.043
0.01471 0.00000 7.74036 1.7999999523 2.5589430332    1.799  1.056  3.9386  4.344    0  0.000  0.538     0.00     0.00     0.00     0.00     0.00 -1    -1e-30      0.00 7.117e-01 2.736e-01 2.612e-03 7.133e-04 6.479e-03 -1.000 1.472e-02 2.131 2.277 2.240 2.139 2.097 2.061 2.023 1.999 1.994
0.01471 0.00000 7.74036 1.8499999046 2.5615673065    1.849  1.104  3.9486  4.347    0  0.000  0.538     0.00     0.00     0.00     0.00     0.00 -1    -1e-30      0.00 7.117e-01 2.735e-01 2.612e-03 7.132e-04 6.478e-03 -1.000 1.471e-02 2.009 2.147 2.120 2.042 2.013 1.989 1.967 1.951 1.947
0.01471 0.00000 7.74036 1.8999999762 2.5640332699    1.899  1.152  3.9581  4.349    1  0.000  0.538     0.00     0.00     0.00     0.00     0.00 -1    -1e-30      0.00 7.118e-01 2.735e-01 2.611e-03 7.132e-04 6.478e-03 -1.000 1.471e-02 1.890 2.021 2.010 1.952 1.934 1.920 1.911 1.902 1.900
0.01471 0.00000 7.74036 1.9500000477 2.5663545132    1.950  1.199  3.9672  4.350    1  0.000  0.538     0.00     0.00     0.00     0.00     0.00 -1    -1e-30      0.00 7.118e-01 2.735e-01 2.611e-03 7.131e-04 6.477e-03 -1.000 1.470e-02 1.773 1.902 1.908 1.867 1.858 1.854 1.856 1.854 1.853
0.01471 0.00000 7.74036 2.0000000000 2.5685424805    2.000  1.243  3.9758  4.351    1  0.000  0.537     0.00     0.00     0.00     0.00     0.00 -1    -1e-30      0.00 7.118e-01 2.735e-01 2.611e-03 7.131e-04 6.477e-03 -1.000 1.476e-02 1.662 1.790 1.814 1.789 1.788 1.791 1.804 1.806 1.808
0.01471 0.00000 7.74036 2.0466775894 2.5704748631    2.046  1.284  3.9834  4.351    1  0.000  0.538     0.00     0.00     0.00     0.00     0.00 -1    -1e-30      0.00 7.118e-01 2.734e-01 2.611e-03 7.130e-04 6.477e-03 -1.000 1.474e-02 1.560 1.690 1.732 1.720 1.724 1.733 1.755 1.762 1.765
0.01471 0.00000 7.74036 2.0499999523 2.5706083775    2.050  1.287  3.9840  4.351    1  0.000  0.538     0.00     0.00     0.00     0.00     0.00 -1    -1e-30      0.00 7.118e-01 2.734e-01 2.611e-03 7.130e-04 6.476e-03 -1.000 1.474e-02 1.553 1.683 1.726 1.715 1.720 1.729 1.752 1.759 1.762
0.01471 0.00000 7.74036 2.0999999046 2.5725615025    2.099  1.329  3.9917  4.350    1  0.000  0.538     0.00     0.00     0.00     0.00     0.00 -1    -1e-30      0.00 7.119e-01 2.735e-01 2.611e-03 7.130e-04 6.476e-03 -1.000 1.469e-02 1.447 1.579 1.642 1.643 1.653 1.667 1.699 1.710 1.715
0.01471 0.00000 7.74036 2.1321642399 2.5737624168    2.131  1.356  3.9966  4.349    1  0.000  0.538     0.00     0.00     0.00     0.00     0.00 -1    -1e-30      0.00 7.119e-01 2.734e-01 2.611e-03 7.130e-04 6.476e-03 -1.000 1.470e-02 1.381 1.515 1.591 1.599 1.612 1.630 1.667 1.680 1.687
0.01471 0.00000 7.74036 2.1500000954 2.5744106770    2.149  1.370  3.9993  4.349    1  0.000  0.537     0.00     0.00     0.00     0.00     0.00 -1    -1e-30      0.00 7.119e-01 2.734e-01 2.611e-03 7.130e-04 6.476e-03 -1.000 1.471e-02 1.345 1.480 1.563 1.575 1.590 1.609 1.650 1.663 1.671
0.01471 0.00000 7.74036 2.2000000477 2.5761635303    2.199  1.410  4.0063  4.347    1  0.000  0.538     0.00     0.00     0.00     0.00     0.00 -1    -1e-30      0.00 7.118e-01 2.734e-01 2.611e-03 7.129e-04 6.476e-03 -1.000 1.476e-02 1.244 1.383 1.486 1.508 1.526 1.550 1.598 1.614 1.624
0.01471 0.00000 7.74036 2.2500000000 2.5778269768    2.249  1.450  4.0132  4.345    1  0.000  0.538     0.00     0.00     0.00     0.00     0.00 -1    -1e-30      0.00 7.119e-01 2.734e-01 2.611e-03 7.129e-04 6.476e-03 -1.000 1.475e-02 1.146 1.289 1.413 1.443 1.465 1.492 1.548 1.567 1.579
0.01471 0.00000 7.74036 2.2999999523 2.5794074535    2.299  1.488  4.0198  4.343    1  0.000  0.538     0.00     0.00     0.00     0.00     0.00 -1    -1e-30      0.00 7.119e-01 2.734e-01 2.611e-03 7.129e-04 6.475e-03 -1.000 1.475e-02 1.051 1.198 1.341 1.380 1.404 1.436 1.499 1.520 1.534
0.01471 0.00000 7.74036 2.3849959373 2.5819201469    2.384  1.551  4.0306  4.339    1  0.000  0.538     0.00     0.00     0.00     0.00     0.00 -1    -1e-30      0.00 7.119e-01 2.734e-01 2.611e-03 7.128e-04 6.475e-03 -1.000 1.472e-02 0.893 1.050 1.226 1.276 1.305 1.342 1.416 1.441 1.458
0.01471 0.00000 7.74036 2.4000000954 2.5823426247    2.399  1.562  4.0324  4.338    1  0.000  0.538     0.00     0.00     0.00     0.00     0.00 -1    -1e-30      0.00 7.119e-01 2.734e-01 2.611e-03 7.129e-04 6.475e-03 -1.000 1.472e-02 0.866 1.024 1.206 1.259 1.288 1.325 1.402 1.427 1.444
0.01471 0.00000 7.74036 2.5999999046 2.5874414444    2.600  1.700  4.0553  4.326    1  0.000  0.538     0.00     0.00     0.00     0.00     0.00 -1    -1e-30      0.00 7.107e-01 2.745e-01 2.620e-03 7.154e-04 6.497e-03 -1.000 1.476e-02 0.520 0.702 0.957 1.030 1.066 1.113 1.214 1.246 1.269
0.01471 0.00000 7.74036 2.6627604961 2.5888609886    2.663  1.741  4.0620  4.322    1  0.000  0.538     0.00     0.00     0.00     0.00     0.00 -1    -1e-30      0.00 7.107e-01 2.745e-01 2.620e-03 7.154e-04 6.497e-03 -1.000 1.476e-02 0.417 0.607 0.884 0.962 1.000 1.049 1.156 1.190 1.216
0.01471 0.00000 7.74036 2.7999999523 2.5917119980    2.800  1.829  4.0760  4.312    1  0.000  0.538     0.00     0.00     0.00     0.00     0.00 -1    -1e-30      0.00 7.107e-01 2.745e-01 2.620e-03 7.154e-04 6.497e-03 -1.000 1.476e-02 0.198 0.409 0.729 0.817 0.858 0.913 1.033 1.071 1.100
0.01471 0.00000 7.74036 2.8258719444 2.5922138691    2.826  1.845  4.0785  4.310    1  0.000  0.538     0.00     0.00     0.00     0.00     0.00 -1    -1e-30      0.00 7.107e-01 2.745e-01 2.620e-03 7.154e-04 6.497e-03 -1.000 1.476e-02 0.158 0.373 0.701 0.791 0.832 0.888 1.011 1.049 1.078
0.01471 0.00000 7.74036 3.0000000000 2.5953342915    3.000  1.949  4.0948  4.297    1  0.000  0.538     0.00     0.00     0.00     0.00     0.00 -1    -1e-30      0.00 7.107e-01 2.745e-01 2.620e-03 7.154e-04 6.497e-03 -1.000 1.476e-02 -0.102 0.141 0.519 0.618 0.664 0.725 0.862 0.905 0.938
0.01471 0.00000 7.74036 3.0785126686 2.5966093540    3.078  1.994  4.1017  4.291    1  0.000  0.538     0.00     0.00     0.00     0.00     0.00 -1    -1e-30      0.00 7.107e-01 2.745e-01 2.620e-03 7.154e-04 6.497e-03 -1.000 1.476e-02 -0.215 0.042 0.440 0.544 0.591 0.654 0.798 0.842 0.876
0.01471 0.00000 7.74036 3.2000000477 2.5984411240    3.199  2.062  4.1121  4.282    1  0.000  0.538     0.00     0.00     0.00     0.00     0.00 -1    -1e-30      0.00 7.107e-01 2.745e-01 2.620e-03 7.154e-04 6.497e-03 -1.000 1.476e-02 -0.385 -0.106 0.322 0.431 0.480 0.547 0.700 0.746 0.783
0.01471 0.00000 7.74036 3.2054443359 2.5985193253    3.205  2.065  4.1125  4.281    1  0.000  0.538     0.00     0.00     0.00     0.00     0.00 -1    -1e-30      0.00 7.107e-01 2.745e-01 2.620e-03 7.154e-04 6.497e-03 -1.000 1.476e-02 -0.392 -0.112 0.317 0.427 0.476 0.542 0.695 0.742 0.779
0.01471 0.00000 7.74036 3.4000000954 2.6011312008    3.398  2.169  4.1281  4.265    1  0.000  0.538     0.00     0.00     0.00     0.00     0.00 -1    -1e-30      0.00 7.107e-01 2.745e-01 2.620e-03 7.154e-04 6.497e-03 -1.000 1.476e-02 -0.652 -0.334 0.136 0.255 0.307 0.379 0.544 0.594 0.634
0.01471 0.00000 7.74036 3.5688798428 2.6031348705    3.566  2.255  4.1407  4.250    1  0.000  0.538     0.00     0.00     0.00     0.00     0.00 -1    -1e-30      0.00 7.107e-01 2.745e-01 2.620e-03 7.154e-04 6.497e-03 -1.000 1.476e-02 -0.867 -0.517 -0.013 0.112 0.167 0.242 0.417 0.471 0.512
0.01471 0.00000 7.74036 3.5999999046 2.6034805775    3.598  2.270  4.1430  4.248    1  0.000  0.538     0.00     0.00     0.00     0.00     0.00 -1    -1e-30      0.00 7.107e-01 2.745e-01 2.620e-03 7.154e-04 6.497e-03 -1.000 1.476e-02 -0.906 -0.550 -0.040 0.086 0.141 0.217 0.395 0.448 0.490
0.01471 0.00000 7.74036 3.7729032040 2.6052825451    3.771  2.354  4.1549  4.232    1  0.000  0.538     0.00     0.00     0.00     0.00     0.00 -1    -1e-30      0.00 7.107e-01 2.745e-01 2.620e-03 7.154e-04 6.497e-03 -1.000 1.476e-02 -1.115 -0.725 -0.187 -0.054 0.004 0.083 0.269 0.326 0.370
0.01471 0.00000 7.74036 3.7999999523 2.6055479050    3.798  2.367  4.1567  4.229    1  0.000  0.538     0.00     0.00     0.00     0.00     0.00 -1    -1e-30      0.00 7.107e-01 2.745e-01 2.620e-03 7.154e-04 6.497e-03 -1.000 1.476e-02 -1.148 -0.752 -0.210 -0.076 -0.018 0.063 0.250 0.307 0.351
0.01471 0.00000 7.74036 3.9051854610 2.6065378189    3.905  2.416  4.1635  4.219    1  0.000  0.538     0.00     0.00     0.00     0.00     0.00 -1    -1e-30      0.00 7.107e-01 2.745e-01 2.620e-03 7.154e-04 6.497e-03 -1.000 1.476e-02 -1.271 -0.855 -0.297 -0.159 -0.099 -0.017 0.175 0.233 0.279
0.01471 0.00000 7.74036 4.0000000000 2.6073791981    4.001  2.460  4.1694  4.210    1  0.000  0.538     0.00     0.00     0.00     0.00     0.00 -1    -1e-30      0.00 7.107e-01 2.745e-01 2.620e-03 7.154e-04 6.497e-03 -1.000 1.476e-02 -1.381 -0.947 -0.375 -0.235 -0.173 -0.089 0.107 0.166 0.213
0.01471 0.00000 7.74036 4.1839036942 2.6088867188    4.182  2.543  4.1803  4.189    1  0.000  0.538     0.00     0.00     0.00     0.00     0.00 -1    -1e-30      0.00 7.107e-01 2.745e-01 2.620e-03 7.154e-04 6.497e-03 -1.000 1.476e-02 -1.588 -1.121 -0.525 -0.379 -0.315 -0.228 -0.023 0.038 0.087
0.01471 0.00000 7.74036 4.1999998093 2.6090114117    4.198  2.551  4.1812  4.187    1  0.000  0.538     0.00     0.00     0.00     0.00     0.00 -1    -1e-30      0.00 7.107e-01 2.745e-01 2.620e-03 7.154e-04 6.497e-03 -1.000 1.476e-02 -1.606 -1.136 -0.538 -0.391 -0.327 -0.240 -0.035 0.027 0.076
0.01471 0.00000 7.74036 4.4000000954 2.6104743481    4.397  2.638  4.1919  4.163    1  0.000  0.538     0.00     0.00     0.00     0.00     0.00 -1    -1e-30      0.00 7.107e-01 2.745e-01 2.620e-03 7.154e-04 6.497e-03 -1.000 1.476e-02 -1.825 -1.319 -0.699 -0.546 -0.479 -0.389 -0.176 -0.112 -0.061
0.01471 0.00000 7.74036 4.5177907944 2.6112663746    4.515  2.688  4.1979  4.148    1  0.000  0.538     0.00     0.00     0.00     0.00     0.00 -1    -1e-30      0.00 7.107e-01 2.745e-01 2.620e-03 7.154e-04 6.497e-03 -1.000 1.476e-02 -1.950 -1.424 -0.791 -0.636 -0.567 -0.475 -0.258 -0.193 -0.141
0.01471 0.00000 7.74036 4.5999999046 2.6117916107    4.598  2.722  4.2018  4.138    1  0.000  0.538     0.00     0.00     0.00     0.00     0.00 -1    -1e-30      0.00 7.107e-01 2.745e-01 2.620e-03 7.154e-04 6.497e-03 -1.000 1.476e-02 -2.036 -1.497 -0.857 -0.699 -0.629 -0.536 -0.317 -0.251 -0.198
0.01471 0.00000 7.74036 4.6448917389 2.6120696068    4.642  2.741  4.2039  4.131    1  0.000  0.538     0.00     0.00     0.00     0.00     0.00 -1    -1e-30      0.00 7.107e-01 2.745e-01 2.620e-03 7.154e-04 6.497e-03 -1.000 1.476e-02 -2.083 -1.537 -0.892 -0.733 -0.663 -0.569 -0.348 -0.282 -0.229
0.01471 0.00000 7.74036 4.8000001907 2.6129837036    4.798  2.805  4.2107  4.109    1  0.000  0.538     0.00     0.00     0.00     0.00     0.00 -1    -1e-30      0.00 7.107e-01 2.745e-01 2.620e-03 7.154e-04 6.497e-03 -1.000 1.476e-02 -2.244 -1.675 -1.017 -0.854 -0.782 -0.686 -0.461 -0.393 -0.339
0.01471 0.00000 7.74036 4.9050273895 2.6135652065    4.904  2.848  4.2150  4.092    1  0.000  0.538     0.00     0.00     0.00     0.00     0.00 -1    -1e-30      0.00 7.107e-01 2.745e-01 2.620e-03 7.154e-04 6.497e-03 -1.000 1.476e-02 -2.351 -1.768 -1.101 -0.936 -0.863 -0.766 -0.538 -0.469 -0.414
0.01471 0.00000 7.74036 5.0000000000 2.6140668392    4.999  2.888  4.2185  4.075    1  0.000  0.538     0.00     0.00     0.00     0.00     0.00 -1    -1e-30      0.00 7.107e-01 2.745e-01 2.620e-03 7.154e-04 6.497e-03 -1.000 1.476e-02 -2.449 -1.854 -1.180 -1.013 -0.939 -0.841 -0.610 -0.541 -0.485
0.01471 0.00000 7.74036 5.0573186874 2.6143591404    5.057  2.911  4.2206  4.065    1  0.000  0.538     0.00     0.00     0.00     0.00     0.00 -1    -1e-30      0.00 7.107e-01 2.745e-01 2.620e-03 7.154e-04 6.497e-03 -1.000 1.476e-02 -2.507 -1.906 -1.227 -1.059 -0.985 -0.886 -0.654 -0.584 -0.528
0.01471 0.00000 7.74036 5.1999998093 2.6150546074    5.200  2.969  4.2252  4.038    1  0.000  0.538     0.00     0.00     0.00     0.00     0.00 -1    -1e-30      0.00 7.107e-01 2.745e-01 2.620e-03 7.154e-04 6.497e-03 -1.000 1.476e-02 -2.652 -2.036 -1.348 -1.176 -1.101 -1.001 -0.766 -0.695 -0.638
0.01471 0.00000 7.74036 5.2108573914 2.6151056290    5.211  2.973  4.2255  4.036    1  0.000  0.538     0.00     0.00     0.00     0.00     0.00 -1    -1e-30      0.00 7.107e-01 2.745e-01 2.620e-03 7.154e-04 6.497e-03 -1.000 1.476e-02 -2.662 -2.045 -1.357 -1.185 -1.110 -1.009 -0.774 -0.704 -0.647
0.01471 0.00000 7.74036 5.3519344330 2.6157484055    5.352  3.029  4.2293  4.006    1  0.000  0.538     0.00     0.00     0.00     0.00     0.00 -1    -1e-30      0.00 7.107e-01 2.745e-01 2.620e-03 7.154e-04 6.497e-03 -1.000 1.476e-02 -2.804 -2.175 -1.478 -1.304 -1.228 -1.126 -0.889 -0.817 -0.760
0.01471 0.00000 7.74036 5.3999996185 2.6159586906    5.401  3.049  4.2304  3.995    1  0.000  0.538     0.00     0.00     0.00     0.00     0.00 -1    -1e-30      0.00 7.107e-01 2.745e-01 2.620e-03 7.154e-04 6.497e-03 -1.000 1.476e-02 -2.852 -2.220 -1.521 -1.346 -1.270 -1.168 -0.930 -0.858 -0.800
0.01471 0.00000 7.74036 5.4809446335 2.6163029671    5.482  3.081  4.2320  3.976    1  0.000  0.538     0.00     0.00     0.00     0.00     0.00 -1    -1e-30      0.00 7.107e-01 2.745e-01 2.620e-03 7.154e-04 6.497e-03 -1.000 1.476e-02 -2.933 -2.296 -1.594 -1.418 -1.341 -1.238 -0.999 -0.927 -0.869
0.01471 0.00000 7.74036 5.5876302719 2.6167395115    5.589  3.125  4.2335  3.947    1  0.000  0.538     0.00     0.00     0.00     0.00     0.00 -1    -1e-30      0.00 7.107e-01 2.745e-01 2.620e-03 7.154e-04 6.497e-03 -1.000 1.476e-02 -3.042 -2.402 -1.695 -1.518 -1.441 -1.338 -1.097 -1.025 -0.967
0.01471 0.00000 7.74036 5.5999994278 2.6167888641    5.601  3.130  4.2337  3.943    1  0.000  0.538     0.00     0.00     0.00     0.00     0.00 -1    -1e-30      0.00 7.107e-01 2.745e-01 2.620e-03 7.154e-04 6.497e-03 -1.000 1.476e-02 -3.054 -2.414 -1.707 -1.530 -1.453 -1.350 -1.109 -1.037 -0.978
0.01471 0.00000 7.74036 5.6118655205 2.6168360710    5.613  3.135  4.2338  3.940    1  0.000  0.538     0.00     0.00     0.00     0.00     0.00 -1    -1e-30      0.00 7.107e-01 2.745e-01 2.620e-03 7.154e-04 6.497e-03 -1.000 1.476e-02 -3.066 -2.426 -1.719 -1.541 -1.464 -1.361 -1.120 -1.048 -0.989
0.01471 0.00000 7.74036 5.7110385895 2.6172211170    5.712  3.175  4.2345  3.910    1  0.000  0.538     0.00     0.00     0.00     0.00     0.00 -1    -1e-30      0.00 7.107e-01 2.745e-01 2.620e-03 7.154e-04 6.497e-03 -1.000 1.476e-02 -3.168 -2.527 -1.817 -1.639 -1.562 -1.458 -1.217 -1.145 -1.086
0.01471 0.00000 7.74036 5.8000001907 2.6175537109    5.801  3.211  4.2346  3.881    1  0.000  0.538     0.00     0.00     0.00     0.00     0.00 -1    -1e-30      0.00 7.107e-01 2.745e-01 2.620e-03 7.154e-04 6.497e-03 -1.000 1.476e-02 -3.258 -2.619 -1.908 -1.729 -1.652 -1.549 -1.307 -1.235 -1.176
0.01471 0.00000 7.74036 5.8001332283 2.6175541878    5.801  3.211  4.2346  3.881    1  0.000  0.538     0.00     0.00     0.00     0.00     0.00 -1    -1e-30      0.00 7.107e-01 2.745e-01 2.620e-03 7.154e-04 6.497e-03 -1.000 1.476e-02 -3.259 -2.620 -1.908 -1.729 -1.653 -1.549 -1.307 -1.235 -1.176
0.01471 0.00000 7.74036 5.8940696716 2.6178927422    5.895  3.250  4.2340  3.847    1  0.000  0.538     0.00     0.00     0.00     0.00     0.00 -1    -1e-30      0.00 7.107e-01 2.745e-01 2.620e-03 7.154e-04 6.497e-03 -1.000 1.476e-02 -3.355 -2.720 -2.008 -1.829 -1.753 -1.650 -1.408 -1.336 -1.277
0.01471 0.00000 7.74036 6.0000000000 2.6182601452    6.000  3.294  4.2320  3.802    1  0.000  0.538     0.00     0.00     0.00     0.00     0.00 -1    -1e-30      0.00 7.107e-01 2.745e-01 2.620e-03 7.154e-04 6.497e-03 -1.000 1.476e-02 -3.466 -2.842 -2.131 -1.953 -1.877 -1.775 -1.534 -1.463 -1.404
0.01471 0.00000 7.74036 6.0051488876 2.6182775497    6.005  3.296  4.2319  3.800    1  0.000  0.538     0.00     0.00     0.00     0.00     0.00 -1    -1e-30      0.00 7.107e-01 2.745e-01 2.620e-03 7.154e-04 6.497e-03 -1.000 1.476e-02 -3.471 -2.848 -2.137 -1.959 -1.883 -1.781 -1.541 -1.469 -1.410
0.01471 0.00000 7.74036 6.1054811478 2.6186113358    6.105  3.339  4.2286  3.752    1  0.000  0.538     0.00     0.00     0.00     0.00     0.00 -1    -1e-30      0.00 7.107e-01 2.745e-01 2.620e-03 7.154e-04 6.497e-03 -1.000 1.476e-02 -3.577 -2.969 -2.262 -2.085 -2.010 -1.909 -1.670 -1.600 -1.541
0.01471 0.00000 7.74036 6.1974072456 2.6189060211    6.197  3.378  4.2240  3.700    1  0.000  0.538     0.00     0.00     0.00     0.00     0.00 -1    -1e-30      0.00 7.107e-01 2.745e-01 2.620e-03 7.154e-04 6.497e-03 -1.000 1.476e-02 -3.676 -3.088 -2.388 -2.212 -2.138 -2.039 -1.803 -1.734 -1.676
0.01471 0.00000 7.74036 6.1999998093 2.6189143658    6.200  3.379  4.2238  3.698    1  0.000  0.538     0.00     0.00     0.00     0.00     0.00 -1    -1e-30      0.00 7.107e-01 2.745e-01 2.620e-03 7.154e-04 6.497e-03 -1.000 1.476e-02 -3.679 -3.092 -2.391 -2.215 -2.142 -2.043 -1.807 -1.738 -1.680
0.01471 0.00000 7.74036 6.2195320129 2.6189756393    6.219  3.388  4.2229  3.687    1  0.000  0.538     0.00     0.00     0.00     0.00     0.00 -1    -1e-30      0.00 7.107e-01 2.745e-01 2.620e-03 7.154e-04 6.497e-03 -1.000 1.476e-02 -3.700 -3.117 -2.418 -2.242 -2.169 -2.070 -1.835 -1.766 -1.709
0.01471 0.00000 7.74036 6.3092212677 2.6192514896    6.308  3.427  4.2165  3.628    1  0.000  0.538     0.00     0.00     0.00     0.00     0.00 -1    -1e-30      0.00 7.107e-01 2.745e-01 2.620e-03 7.154e-04 6.497e-03 -1.000 1.476e-02 -3.799 -3.243 -2.553 -2.380 -2.309 -2.212 -1.981 -1.913 -1.856
0.01471 0.00000 7.74036 6.3891110420 2.6194899082    6.388  3.464  4.2094  3.569    1  0.000  0.538     0.00     0.00     0.00     0.00     0.00 -1    -1e-30      0.00 7.107e-01 2.745e-01 2.620e-03 7.154e-04 6.497e-03 -1.000 1.476e-02 -3.889 -3.362 -2.683 -2.512 -2.443 -2.349 -2.122 -2.056 -2.001
0.01471 0.00000 7.74036 6.4000000954 2.6195218563    6.399  3.469  4.2083  3.561    1  0.000  0.538     0.00     0.00     0.00     0.00     0.00 -1    -1e-30      0.00 7.107e-01 2.745e-01 2.620e-03 7.154e-04 6.497e-03 -1.000 1.476e-02 -3.901 -3.379 -2.702 -2.531 -2.462 -2.368 -2.142 -2.076 -2.021
0.01471 0.00000 7.74036 6.4639616013 2.6197068691    6.462  3.498  4.2012  3.507    1  0.000  0.538     0.00     0.00     0.00     0.00     0.00 -1    -1e-30      0.00 7.107e-01 2.745e-01 2.620e-03 7.154e-04 6.497e-03 -1.000 1.476e-02 -3.976 -3.483 -2.817 -2.649 -2.582 -2.490 -2.269 -2.205 -2.151
0.01471 0.00000 7.74036 6.5297203064 2.6198930740    6.528  3.532  4.1947  3.451    1  0.000  0.538     0.00     0.00     0.00     0.00     0.00 -1    -1e-30      0.00 7.107e-01 2.745e-01 2.620e-03 7.154e-04 6.497e-03 -1.000 1.476e-02 -4.061 -3.594 -2.937 -2.772 -2.707 -2.618 -2.401 -2.338 -2.285
0.01471 0.00000 7.74036 6.5532822609 2.6199586391    6.551  3.545  4.1931  3.434    1  0.000  0.538     0.00     0.00     0.00     0.00     0.00 -1    -1e-30      0.00 7.107e-01 2.745e-01 2.620e-03 7.154e-04 6.497e-03 -1.000 1.476e-02 -4.093 -3.633 -2.978 -2.813 -2.749 -2.660 -2.444 -2.382 -2.329
0.01471 0.00000 7.74036 6.5754485130 2.6200199127    6.573  3.562  4.1985  3.439    1  0.000  0.538     0.00     0.00     0.00     0.00     0.00 -1    -1e-30      0.00 7.107e-01 2.745e-01 2.620e-03 7.154e-04 6.497e-03 -1.000 1.476e-02 -4.136 -3.657 -2.992 -2.825 -2.759 -2.669 -2.449 -2.385 -2.332
0.01471 0.00000 7.74036 6.5905380249 2.6200611591    6.588  3.580  4.2094  3.466    1  0.000  0.538     0.00     0.00     0.00     0.00     0.00 -1    -1e-30      0.00 7.107e-01 2.745e-01 2.620e-03 7.154e-04 6.497e-03 -1.000 1.476e-02 -4.180 -3.662 -2.977 -2.805 -2.737 -2.643 -2.416 -2.350 -2.294
0.01471 0.00000 7.74036 6.5955333710 2.6200749874    6.593  3.594  4.2204  3.497    1  0.000  0.538     0.00     0.00     0.00     0.00     0.00 -1    -1e-30      0.00 7.107e-01 2.745e-01 2.620e-03 7.154e-04 6.497e-03 -1.000 1.476e-02 -4.214 -3.654 -2.951 -2.774 -2.703 -2.605 -2.371 -2.302 -2.245
0.01471 0.00000 7.74036 6.5978584290 2.6200811863    6.596  3.609  4.2314  3.526    1  0.000  0.538     0.00     0.00     0.00     0.00     0.00 -1    -1e-30      0.00 7.107e-01 2.745e-01 2.620e-03 7.154e-04 6.497e-03 -1.000 1.476e-02 -4.252 -3.651 -2.928 -2.747 -2.672 -2.571 -2.330 -2.259 -2.199
0.01471 0.00000 7.74036 6.5990085602 2.6200842857    6.597  3.625  4.2411  3.549    1  0.000  0.538     0.00     0.00     0.00     0.00     0.00 -1    -1e-30      0.00 7.107e-01 2.745e-01 2.620e-03 7.154e-04 6.497e-03 -1.000 1.476e-02 -4.293 -3.655 -2.916 -2.731 -2.653 -2.549 -2.301 -2.228 -2.167
0.01471 0.00000 7.74036 6.5997567177 2.6200864315    6.597  3.642  4.2498  3.566    1  0.000  0.538     0.00     0.00     0.00     0.00     0.00 -1    -1e-30      0.00 7.107e-01 2.745e-01 2.620e-03 7.154e-04 6.497e-03 -1.000 1.476e-02 -4.335 -3.665 -2.911 -2.722 -2.642 -2.535 -2.282 -2.207 -2.144
0.01471 0.00000 7.74036 6.5998463631 2.6200866699    6.598  3.643  4.2505  3.568    1  0.000  0.538     0.00     0.00     0.00     0.00     0.00 -1    -1e-30      0.00 7.107e-01 2.745e-01 2.620e-03 7.154e-04 6.497e-03 -1.000 1.476e-02 -4.337 -3.664 -2.909 -2.720 -2.640 -2.532 -2.279 -2.204 -2.141
0.01471 0.00000 7.74036 6.6001505852 2.6200873852    6.598  3.621  4.2439  3.564    2  0.000  0.538     0.00     0.00     0.00     0.00     0.00 -1    -1e-30      0.00 7.107e-01 2.745e-01 2.620e-03 7.154e-04 6.497e-03 -1.000 1.476e-02 -4.283 -3.634 -2.890 -2.704 -2.626 -2.520 -2.271 -2.197 -2.136
0.01471 0.00000 7.74036 6.6003961563 2.6200881004    6.598  3.602  4.2357  3.550    2  0.000  0.538     0.00     0.00     0.00     0.00     0.00 -1    -1e-30      0.00 7.107e-01 2.745e-01 2.620e-03 7.154e-04 6.497e-03 -1.000 1.476e-02 -4.235 -3.616 -2.887 -2.704 -2.628 -2.525 -2.281 -2.209 -2.149
0.01471 0.00000 7.74036 6.6006088257 2.6200888157    6.598  3.590  4.2260  3.524    2  0.000  0.538     0.00     0.00     0.00     0.00     0.00 -1    -1e-30      0.00 7.107e-01 2.745e-01 2.620e-03 7.154e-04 6.497e-03 -1.000 1.476e-02 -4.204 -3.622 -2.909 -2.730 -2.657 -2.557 -2.319 -2.250 -2.191
0.01471 0.00000 7.74036 6.6008605957 2.6200895309    6.599  3.586  4.2137  3.478    2  0.000  0.538     0.00     0.00     0.00     0.00     0.00 -1    -1e-30      0.00 7.107e-01 2.745e-01 2.620e-03 7.154e-04 6.497e-03 -1.000 1.476e-02 -4.195 -3.660 -2.968 -2.795 -2.725 -2.629 -2.400 -2.333 -2.276
0.01471 0.00000 7.74036 6.6011066437 2.6200900078    6.599  3.593  4.2017  3.424    2  0.000  0.538     0.00     0.00     0.00     0.00     0.00 -1    -1e-30      0.00 7.107e-01 2.745e-01 2.620e-03 7.154e-04 6.497e-03 -1.000 1.476e-02 -4.211 -3.723 -3.050 -2.882 -2.816 -2.724 -2.502 -2.438 -2.384
0.01471 0.00000 7.74036 6.6013569832 2.6200907230    6.599  3.603  4.1897  3.365    2  0.000  0.538     0.00     0.00     0.00     0.00     0.00 -1    -1e-30      0.00 7.107e-01 2.745e-01 2.620e-03 7.154e-04 6.497e-03 -1.000 1.476e-02 -4.238 -3.795 -3.142 -2.979 -2.916 -2.829 -2.615 -2.553 -2.501
0.01471 0.00000 7.74036 6.6016101837 2.6200914383    6.599  3.613  4.1778  3.307    2  0.000  0.538     0.00     0.00     0.00     0.00     0.00 -1    -1e-30      0.00 7.107e-01 2.745e-01 2.620e-03 7.154e-04 6.497e-03 -1.000 1.476e-02 -4.264 -3.866 -3.233 -3.075 -3.016 -2.933 -2.726 -2.668 -2.617
0.01471 0.00000 7.74036 6.6018643379 2.6200921535    6.600  3.622  4.1659  3.251    2  0.000  0.538     0.00     0.00     0.00     0.00     0.00 -1    -1e-30      0.00 7.107e-01 2.745e-01 2.620e-03 7.154e-04 6.497e-03 -1.000 1.476e-02 -4.285 -3.930 -3.318 -3.165 -3.109 -3.031 -2.833 -2.777 -2.728
0.01471 0.00000 7.74036 6.6021170616 2.6200928688    6.600  3.628  4.1540  3.197    2  0.000  0.538     0.00     0.00     0.00     0.00     0.00 -1    -1e-30      0.00 7.107e-01 2.745e-01 2.620e-03 7.154e-04 6.497e-03 -1.000 1.476e-02 -4.300 -3.987 -3.397 -3.250 -3.197 -3.123 -2.933 -2.880 -2.834
0.01471 0.00000 7.74036 6.6023664474 2.6200935841    6.600  3.633  4.1421  3.145    2  0.000  0.538     0.00     0.00     0.00     0.00     0.00 -1    -1e-30      0.00 7.107e-01 2.745e-01 2.620e-03 7.154e-04 6.497e-03 -1.000 1.476e-02 -4.311 -4.038 -3.471 -3.329 -3.280 -3.210 -3.029 -2.979 -2.934
0.01471 0.00000 7.74036 6.6026105881 2.6200942993    6.600  3.636  4.1302  3.095    2  0.000  0.538     0.00     0.00     0.00     0.00     0.00 -1    -1e-30      0.00 7.107e-01 2.745e-01 2.620e-03 7.154e-04 6.497e-03 -1.000 1.476e-02 -4.319 -4.084 -3.541 -3.404 -3.359 -3.293 -3.121 -3.074 -3.031
0.01471 0.00000 7.74036 6.6028485298 2.6200947762    6.601  3.637  4.1184  3.046    2  0.000  0.538     0.00     0.00     0.00     0.00     0.00 -1    -1e-30      0.00 7.107e-01 2.745e-01 2.620e-03 7.154e-04 6.497e-03 -1.000 1.476e-02 -4.323 -4.126 -3.607 -3.476 -3.434 -3.373 -3.209 -3.165 -3.124
0.01471 0.00000 7.74036 6.6030788422 2.6200954914    6.601  3.638  4.1065  2.998    2  0.000  0.538     0.00     0.00     0.00     0.00     0.00 -1    -1e-30      0.00 7.107e-01 2.745e-01 2.620e-03 7.154e-04 6.497e-03 -1.000 1.476e-02 -4.326 -4.163 -3.671 -3.544 -3.506 -3.449 -3.295 -3.254 -3.215
0.01471 0.00000 7.74036 6.6033015251 2.6200959682    6.601  3.638  4.0947  2.950    2  0.000  0.538     0.00     0.00     0.00     0.00     0.00 -1    -1e-30      0.00 7.107e-01 2.745e-01 2.620e-03 7.154e-04 6.497e-03 -1.000 1.476e-02 -4.326 -4.195 -3.729 -3.609 -3.574 -3.522 -3.377 -3.340 -3.303
0.01471 0.00000 7.74036 6.6035676003 2.6200966835    6.601  3.637  4.0799  2.892    2  0.000  0.538     0.00     0.00     0.00     0.00     0.00 -1    -1e-30      0.00 7.107e-01 2.745e-01 2.620e-03 7.154e-04 6.497e-03 -1.000 1.476e-02 -4.324 -4.229 -3.799 -3.686 -3.656 -3.609 -3.477 -3.444 -3.409
0.01471 0.00000 7.74036 6.6037712097 2.6200973988    6.601  3.636  4.0681  2.846    2  0.000  0.538     0.00     0.00     0.00     0.00     0.00 -1    -1e-30      0.00 7.107e-01 2.745e-01 2.620e-03 7.154e-04 6.497e-03 -1.000 1.476e-02 -4.320 -4.251 -3.852 -3.745 -3.718 -3.676 -3.554 -3.524 -3.492
0.01471 0.00000 7.74036 6.6039657593 2.6200978756    6.602  3.634  4.0563  2.801    2  0.000  0.538     0.00     0.00     0.00     0.00     0.00 -1    -1e-30      0.00 7.107e-01 2.745e-01 2.620e-03 7.154e-04 6.497e-03 -1.000 1.476e-02 -4.315 -4.268 -3.902 -3.801 -3.777 -3.740 -3.629 -3.602 -3.572
0.01471 0.00000 7.74036 6.6041517258 2.6200983524    6.602  3.632  4.0445  2.756    2  0.000  0.538     0.00     0.00     0.00     0.00     0.00 -1    -1e-30      0.00 7.107e-01 2.745e-01 2.620e-03 7.154e-04 6.497e-03 -1.000 1.476e-02 -4.309 -4.281 -3.949 -3.854 -3.833 -3.801 -3.702 -3.679 -3.651
0.01471 0.00000 7.74036 6.6043291092 2.6200988293    6.602  3.629  4.0327  2.712    2  0.000  0.538     0.00     0.00     0.00     0.00     0.00 -1    -1e-30      0.00 7.107e-01 2.745e-01 2.620e-03 7.154e-04 6.497e-03 -1.000 1.476e-02 -4.302 -4.290 -3.994 -3.905 -3.887 -3.860 -3.773 -3.754 -3.728
0.01471 0.00000 7.74036 6.6044979095 2.6200993061    6.602  3.625  4.0209  2.668    2  0.000  0.538     0.00     0.00     0.00     0.00     0.00 -1    -1e-30      0.00 7.107e-01 2.745e-01 2.620e-03 7.154e-04 6.497e-03 -1.000 1.476e-02 -4.294 -4.296 -4.036 -3.953 -3.938 -3.916 -3.843 -3.827 -3.804
0.01471 0.00000 7.74036 6.6046586037 2.6200997829    6.602  3.622  4.0091  2.624    2  0.000  0.538     0.00     0.00     0.00     0.00     0.00 -1    -1e-30      0.00 7.107e-01 2.745e-01 2.620e-03 7.154e-04 6.497e-03 -1.000 1.476e-02 -4.284 -4.297 -4.076 -3.999 -3.987 -3.971 -3.911 -3.900 -3.879
0.01471 0.00000 7.74036 6.6048483849 2.6201002598    6.602  3.617  3.9943  2.570    2  0.000  0.538     0.00     0.00     0.00     0.00     0.00 -1    -1e-30      0.00 7.107e-01 2.745e-01 2.620e-03 7.154e-04 6.497e-03 -1.000 1.476e-02 -4.272 -4.293 -4.121 -4.053 -4.046 -4.037 -3.994 -3.989 -3.972
0.01471 0.00000 7.74036 6.6049919128 2.6201007366    6.603  3.612  3.9825  2.528    2  0.000  0.538     0.00     0.00     0.00     0.00     0.00 -1    -1e-30      0.00 7.107e-01 2.745e-01 2.620e-03 7.154e-04 6.497e-03 -1.000 1.476e-02 -4.261 -4.286 -4.155 -4.094 -4.090 -4.087 -4.059 -4.059 -4.045
0.01471 0.00000 7.74036 6.6051282883 2.6201009750    6.603  3.608  3.9708  2.485    2  0.000  0.538     0.00     0.00     0.00     0.00     0.00 -1    -1e-30      0.00 7.107e-01 2.745e-01 2.620e-03 7.154e-04 6.497e-03 -1.000 1.476e-02 -4.249 -4.274 -4.184 -4.132 -4.132 -4.135 -4.124 -4.128 -4.118
0.01471 0.00000 7.74036 6.6052579880 2.6201014519    6.603  3.603  3.9591  2.443    2  0.000  0.538     0.00     0.00     0.00     0.00     0.00 -1    -1e-30      0.00 7.107e-01 2.745e-01 2.620e-03 7.154e-04 6.497e-03 -1.000 1.476e-02 -4.237 -4.257 -4.207 -4.166 -4.172 -4.182 -4.188 -4.197 -4.191
0.01471 0.00000 7.74036 6.6053814888 2.6201016903    6.603  3.598  3.9474  2.401    2  0.000  0.538     0.00     0.00     0.00     0.00     0.00 -1    -1e-30      0.00 7.107e-01 2.745e-01 2.620e-03 7.154e-04 6.497e-03 -1.000 1.476e-02 -4.225 -4.234 -4.224 -4.197 -4.209 -4.228 -4.250 -4.266 -4.264
0.01471 0.00000 7.74036 6.6054992676 2.6201021671    6.603  3.593  3.9357  2.360    2  0.000  0.538     0.00     0.00     0.00     0.00     0.00 -1    -1e-30      0.00 7.107e-01 2.745e-01 2.620e-03 7.154e-04 6.497e-03 -1.000 1.476e-02 -4.212 -4.203 -4.235 -4.223 -4.244 -4.271 -4.312 -4.334 -4.336
0.01471 0.00000 7.74036 6.6056118011 2.6201024055    6.603  3.587  3.9239  2.318    2  0.000  0.538     0.00     0.00     0.00     0.00     0.00 -1    -1e-30      0.00 7.107e-01 2.745e-01 2.620e-03 7.154e-04 6.497e-03 -1.000 1.476e-02 -4.198 -4.162 -4.235 -4.243 -4.274 -4.312 -4.372 -4.403 -4.408
0.01471 0.00000 7.74036 6.6057181358 2.6201026440    6.603  3.582  3.9122  2.277    2  0.000  0.538     0.00     0.00     0.00     0.00     0.00 -1    -1e-30      0.00 7.107e-01 2.745e-01 2.620e-03 7.154e-04 6.497e-03 -1.000 1.476e-02 -4.184 -4.112 -4.224 -4.256 -4.300 -4.350 -4.431 -4.471 -4.480
0.01471 0.00000 7.74036 6.6058197021 2.6201028824    6.603  3.576  3.9004  2.236    2  0.000  0.538     0.00     0.00     0.00     0.00     0.00 -1    -1e-30      0.00 7.107e-01 2.745e-01 2.620e-03 7.154e-04 6.497e-03 -1.000 1.476e-02 -4.169 -4.057 -4.203 -4.262 -4.321 -4.386 -4.489 -4.540 -4.553
0.01471 0.00000 7.74036 6.6059165001 2.6201031208    6.604  3.570  3.8887  2.195    2  0.000  0.538     0.00     0.00     0.00     0.00     0.00 -1    -1e-30      0.00 7.107e-01 2.745e-01 2.620e-03 7.154e-04 6.497e-03 -1.000 1.476e-02 -4.155 -3.996 -4.171 -4.260 -4.338 -4.419 -4.545 -4.610 -4.625
0.01471 0.00000 7.74036 6.6060075760 2.6201033592    6.604  3.564  3.8769  2.154    2  0.000  0.538     0.00     0.00     0.00     0.00     0.00 -1    -1e-30      0.00 7.107e-01 2.745e-01 2.620e-03 7.154e-04 6.497e-03 -1.000 1.476e-02 -4.140 -3.933 -4.127 -4.252 -4.351 -4.451 -4.600 -4.681 -4.699
0.01471 0.00000 7.74036 6.6060943604 2.6201035976    6.604  3.558  3.8652  2.113    2  0.000  0.538     0.00     0.00     0.00     0.00     0.00 -1    -1e-30      0.00 7.107e-01 2.745e-01 2.620e-03 7.154e-04 6.497e-03 -1.000 1.476e-02 -4.124 -3.866 -4.075 -4.240 -4.362 -4.482 -4.654 -4.752 -4.773
0.01471 0.00000 7.74036 6.6061768532 2.6201038361    6.604  3.551  3.8535  2.072    2  0.000  0.538     0.00     0.00     0.00     0.00     0.00 -1    -1e-30      0.00 7.107e-01 2.745e-01 2.620e-03 7.154e-04 6.497e-03 -1.000 1.476e-02 -4.109 -3.795 -4.011 -4.223 -4.371 -4.511 -4.708 -4.824 -4.848
0.01471 0.00000 7.74036 6.6062550545 2.6201040745    6.604  3.545  3.8419  2.032    2  0.000  0.538     0.00     0.00     0.00     0.00     0.00 -1    -1e-30      0.00 7.107e-01 2.745e-01 2.620e-03 7.154e-04 6.497e-03 -1.000 1.476e-02 -4.093 -3.720 -3.938 -4.203 -4.378 -4.539 -4.761 -4.897 -4.922
0.01471 0.00000 7.74036 6.6063294411 2.6201043129    6.604  3.539  3.8302  1.992    2  0.000  0.538     0.00     0.00     0.00     0.00     0.00 -1    -1e-30      0.00 7.107e-01 2.745e-01 2.620e-03 7.154e-04 6.497e-03 -1.000 1.476e-02 -4.077 -3.641 -3.862 -4.180 -4.382 -4.565 -4.812 -4.969 -4.997
0.01471 0.00000 7.74036 6.6064004898 2.6201045513    6.604  3.532  3.8185  1.952    2  0.000  0.538     0.00     0.00     0.00     0.00     0.00 -1    -1e-30      0.00 7.107e-01 2.745e-01 2.620e-03 7.154e-04 6.497e-03 -1.000 1.476e-02 -4.060 -3.556 -3.782 -4.150 -4.380 -4.586 -4.859 -5.039 -5.070
0.01471 0.00000 7.74036 6.6064682007 2.6201047897    6.604  3.525  3.8069  1.912    2  0.000  0.538     0.00     0.00     0.00     0.00     0.00 -1    -1e-30      0.00 7.107e-01 2.745e-01 2.620e-03 7.154e-04 6.497e-03 -1.000 1.476e-02 -4.043 -3.454 -3.695 -4.119 -4.378 -4.606 -4.907 -5.110 -5.144
0.01471 0.00000 7.74036 6.6065316200 2.6201047897    6.604  3.519  3.7953  1.873    2  0.000  0.538     0.00     0.00     0.00     0.00     0.00 -1    -1e-30      0.00 7.107e-01 2.745e-01 2.620e-03 7.154e-04 6.497e-03 -1.000 1.476e-02 -4.026 -3.348 -3.603 -4.084 -4.371 -4.622 -4.951 -5.178 -5.216
0.01471 0.00000 7.74036 6.6065926552 2.6201050282    6.604  3.512  3.7838  1.833    2  0.000  0.538     0.00     0.00     0.00     0.00     0.00 -1    -1e-30      0.00 7.107e-01 2.745e-01 2.620e-03 7.154e-04 6.497e-03 -1.000 1.476e-02 -4.009 -3.222 -3.503 -4.046 -4.363 -4.636 -4.995 -5.247 -5.289
0.01471 0.00000 7.74036 6.6066508293 2.6201052666    6.604  3.504  3.7722  1.794    2  0.000  0.538     0.00     0.00     0.00     0.00     0.00 -1    -1e-30      0.00 7.107e-01 2.745e-01 2.620e-03 7.154e-04 6.497e-03 -1.000 1.476e-02 -3.991 -3.068 -3.390 -4.002 -4.352 -4.651 -5.040 -5.320 -5.366
0.01471 0.00000 7.74036 6.6067056656 2.6201052666    6.604  3.497  3.7607  1.755    2  0.000  0.538     0.00     0.00     0.00     0.00     0.00 -1    -1e-30      0.00 7.107e-01 2.745e-01 2.620e-03 7.154e-04 6.497e-03 -1.000 1.476e-02 -3.973 -2.905 -3.276 -3.955 -4.337 -4.659 -5.080 -5.388 -5.438
0.01471 0.00000 7.74036 6.6067576408 2.6201055050    6.604  3.490  3.7493  1.717    2  0.000  0.538     0.00     0.00     0.00     0.00     0.00 -1    -1e-30      0.00 7.107e-01 2.745e-01 2.620e-03 7.154e-04 6.497e-03 -1.000 1.476e-02 -3.954 -2.729 -3.163 -3.906 -4.317 -4.661 -5.113 -5.450 -5.503
0.01471 0.00000 7.74036 6.6068072319 2.6201055050    6.604  3.482  3.7380  1.680    2  0.000  0.538     0.00     0.00     0.00     0.00     0.00 -1    -1e-30      0.00 7.107e-01 2.745e-01 2.620e-03 7.154e-04 6.497e-03 -1.000 1.476e-02 -3.935 -2.539 -3.046 -3.852 -4.293 -4.658 -5.144 -5.510 -5.566
0.01471 0.00000 7.74036 6.6068549156 2.6201057434    6.604  3.474  3.7269  1.643    2  0.000  0.538     0.00     0.00     0.00     0.00     0.00 -1    -1e-30      0.00 7.107e-01 2.745e-01 2.620e-03 7.154e-04 6.497e-03 -1.000 1.476e-02 -3.915 -2.344 -2.925 -3.793 -4.263 -4.650 -5.170 -5.566 -5.624
0.01471 0.00000 7.74036 6.6069016457 2.6201059818    6.605  3.466  3.7163  1.609    2  0.000  0.538     0.00     0.00     0.00     0.00     0.00 -1    -1e-30      0.00 7.107e-01 2.745e-01 2.620e-03 7.154e-04 6.497e-03 -1.000 1.476e-02 -3.894 -2.138 -2.804 -3.731 -4.229 -4.636 -5.191 -5.617 -5.676
0.01471 0.00000 7.74036 6.6069498062 2.6201059818    6.605  3.456  3.7060  1.578    2  0.000  0.538     0.00     0.00     0.00     0.00     0.00 -1    -1e-30      0.00 7.107e-01 2.745e-01 2.620e-03 7.154e-04 6.497e-03 -1.000 1.476e-02 -3.870 -1.921 -2.679 -3.663 -4.189 -4.615 -5.206 -5.660 -5.722
0.01471 0.00000 7.74036 6.6070027351 2.6201062202    6.605  3.445  3.6959  1.549    2  0.000  0.538     0.00     0.00     0.00     0.00     0.00 -1    -1e-30      0.00 7.107e-01 2.745e-01 2.620e-03 7.154e-04 6.497e-03 -1.000 1.476e-02 -3.842 -1.690 -2.550 -3.588 -4.141 -4.585 -5.213 -5.696 -5.762
0.01471 0.00000 7.74036 6.6070647240 2.6201062202    6.605  3.430  3.6864  1.525    2  0.000  0.538     0.00     0.00     0.00     0.00     0.00 -1    -1e-30      0.00 7.107e-01 2.745e-01 2.620e-03 7.154e-04 6.497e-03 -1.000 1.476e-02 -3.806 -1.452 -2.415 -3.505 -4.083 -4.545 -5.209 -5.719 -5.790
0.01471 0.00000 7.74036 6.6071591377 2.6201066971    6.605  3.409  3.6769  1.509    2  0.000  0.538     0.00     0.00     0.00     0.00     0.00 -1    -1e-30      0.00 7.107e-01 2.745e-01 2.620e-03 7.154e-04 6.497e-03 -1.000 1.476e-02 -3.752 -1.319 -2.278 -3.413 -4.008 -4.478 -5.177 -5.699 -5.784
0.01471 0.00000 7.74036 6.6072664261 2.6201069355    6.605  3.384  3.6684  1.500    2  0.000  0.538     0.00     0.00     0.00     0.00     0.00 -1    -1e-30      0.00 7.107e-01 2.745e-01 2.620e-03 7.154e-04 6.497e-03 -1.000 1.476e-02 -3.689 -1.084 -2.124 -3.302 -3.918 -4.406 -5.138 -5.682 -5.776
0.01471 0.00000 7.74036 6.6073822975 2.6201071739    6.605  3.362  3.6600  1.488    2  0.000  0.538     0.00     0.00     0.00     0.00     0.00 -1    -1e-30      0.00 7.107e-01 2.745e-01 2.620e-03 7.154e-04 6.497e-03 -1.000 1.476e-02 -3.634 -0.916 -1.982 -3.201 -3.834 -4.335 -5.101 -5.660 -5.766
0.01471 0.00000 7.74036 6.6074657440 2.6201074123    6.605  3.354  3.6543  1.474    2  0.000  0.538     0.00     0.00     0.00     0.00     0.00 -1    -1e-30      0.00 7.107e-01 2.745e-01 2.620e-03 7.154e-04 6.497e-03 -1.000 1.476e-02 -3.614 -0.776 -1.894 -3.142 -3.789 -4.304 -5.094 -5.667 -5.781
0.01471 0.00000 7.74036 6.6075510979 2.6201076508    6.605  3.364  3.6481  1.439    3  0.000  0.538     0.00     0.00     0.00     0.00     0.00 -1    -1e-30      0.00 7.107e-01 2.745e-01 2.620e-03 7.154e-04 6.497e-03 -1.000 1.476e-02 -3.639 -0.640 -1.840 -3.121 -3.788 -4.319 -5.135 -5.726 -5.846
0.01471 0.00000 7.74036 6.6076607704 2.6201078892    6.605  3.400  3.6395  1.368    3  0.000  0.537     0.00     0.00     0.00     0.00     0.00 -1    -1e-30      0.00 7.107e-01 2.745e-01 2.618e-03 7.159e-04 6.497e-03 -1.000 1.476e-02 -3.730 -0.488 -1.812 -3.143 -3.839 -4.393 -5.247 -5.863 -5.992
0.01471 0.00000 7.74036 6.6077351570 2.6201081276    6.605  3.440  3.6334  1.303    3  0.000  0.534     0.00     0.00     0.00     0.00     0.00 -1    -1e-30      0.00 7.107e-01 2.745e-01 2.601e-03 7.220e-04 6.497e-03 -1.000 1.477e-02 -3.831 -0.404 -1.822 -3.190 -3.908 -4.481 -5.362 -5.996 -6.132
0.01471 0.00000 7.74036 6.6077933311 2.6201083660    6.605  3.478  3.6286  1.246    3  0.000  0.522     0.00     0.00     0.00     0.00     0.00 -1    -1e-30      0.00 7.107e-01 2.745e-01 2.546e-03 7.574e-04 6.497e-03 -1.000 1.478e-02 -3.925 -0.351 -1.844 -3.240 -3.976 -4.565 -5.468 -6.115 -6.257
0.01471 0.00000 7.74036 6.6078462601 2.6201083660    6.606  3.513  3.6244  1.194    3  0.000  0.501     0.00     0.00     0.00     0.00     0.00 -1    -1e-30      0.00 7.106e-01 2.746e-01 2.441e-03 8.561e-04 6.497e-03 -1.000 1.478e-02 -4.013 -0.311 -1.867 -3.289 -4.041 -4.644 -5.565 -6.225 -6.373
0.01471 0.00000 7.74036 6.6078863144 2.6201086044    6.606  3.539  3.6214  1.157    3  0.000  0.481     0.00     0.00     0.00     0.00     0.00 -1    -1e-30      0.00 7.106e-01 2.746e-01 2.345e-03 9.628e-04 6.497e-03 -1.000 1.476e-02 -4.077 -0.282 -1.884 -3.324 -4.088 -4.702 -5.636 -6.305 -6.456
0.01471 0.00000 7.74036 6.6079163551 2.6201086044    6.606  3.557  3.6196  1.132    3  0.000  0.468     0.00     0.00     0.00     0.00     0.00 -1    -1e-30      0.00 7.106e-01 2.746e-01 2.279e-03 1.042e-03 6.497e-03 -1.000 1.477e-02 -4.122 -0.268 -1.900 -3.350 -4.121 -4.742 -5.685 -6.358 -6.512
0.01471 0.00000 7.74036 6.6079826355 2.6201088428    6.606  3.591  3.6161  1.083    3  0.000  0.446     0.00     0.00     0.00     0.00     0.00 -1    -1e-30      0.00 7.105e-01 2.746e-01 2.172e-03 1.174e-03 6.497e-03 -1.000 1.486e-02 -4.207 -0.238 -1.925 -3.397 -4.183 -4.818 -5.777 -6.462 -6.620
0.01471 0.00000 7.74036 6.6080007553 2.6201088428    6.606  3.598  3.6154  1.074    3  0.000  0.442     0.00     0.00     0.00     0.00     0.00 -1    -1e-30      0.00 7.105e-01 2.746e-01 2.154e-03 1.197e-03 6.497e-03 -1.000 1.486e-02 -4.224 -0.233 -1.931 -3.407 -4.195 -4.833 -5.796 -6.482 -6.642
0.01471 0.00000 7.74036 6.6081180573 2.6201090813    6.606  3.629  3.6122  1.030    3  0.000  0.427     0.00     0.00     0.00     0.00     0.00 -1    -1e-30      0.00 7.105e-01 2.746e-01 2.081e-03 1.286e-03 6.497e-03 -1.000 1.486e-02 -4.302 -0.207 -1.955 -3.451 -4.253 -4.903 -5.881 -6.577 -6.741
0.01471 0.00000 7.74036 6.6083526611 2.6201097965    6.606  3.665  3.6085  0.979    3  0.000  0.411     0.00     0.00     0.00     0.00     0.00 -1    -1e-30      0.00 7.104e-01 2.747e-01 2.002e-03 1.387e-03 6.493e-03 -1.000 1.486e-02 -4.391 -0.174 -1.980 -3.499 -4.316 -4.983 -5.978 -6.684 -6.854
0.01471 0.00000 7.74036 6.6088199615 2.6201109886    6.606  3.705  3.6044  0.922    3  0.000  0.398     0.00     0.00     0.00     0.00     0.00 -1    -1e-30      0.00 7.094e-01 2.757e-01 1.918e-03 1.548e-03 6.427e-03 -1.000 1.486e-02 -4.493 -0.136 -2.004 -3.548 -4.384 -5.073 -6.089 -6.806 -6.983
0.01471 0.00000 7.74036 6.6093916893 2.6201126575    6.607  3.746  3.6004  0.865    3  0.000  0.393     0.00     0.00     0.00     0.00     0.00 -1    -1e-30      0.00 7.063e-01 2.788e-01 1.847e-03 1.774e-03 6.268e-03 -1.000 1.486e-02 -4.595 -0.104 -2.032 -3.601 -4.455 -5.164 -6.200 -6.929 -7.111
0.01471 0.00000 7.74036 6.6100144386 2.6201143265    6.608  3.788  3.5965  0.808    3  0.000  0.392     0.00     0.00     0.00     0.00     0.00 -1    -1e-30      0.00 7.008e-01 2.843e-01 1.786e-03 2.013e-03 6.081e-03 -1.000 1.486e-02 -4.700 -0.081 -2.061 -3.651 -4.524 -5.258 -6.314 -7.053 -7.242
0.01471 0.00000 7.74036 6.6106371880 2.6201159954    6.608  3.828  3.5929  0.754    3  0.000  0.391     0.00     0.00     0.00     0.00     0.00 -1    -1e-30      0.00 6.946e-01 2.905e-01 1.739e-03 2.206e-03 5.928e-03 -1.000 1.486e-02 -4.799 -0.063 -2.089 -3.699 -4.590 -5.346 -6.421 -7.170 -7.364
0.01471 0.00000 7.74036 6.6113543510 2.6201179028    6.609  3.865  3.5897  0.704    3  0.000  0.391     0.00     0.00     0.00     0.00     0.00 -1    -1e-30      0.00 6.885e-01 2.966e-01 1.703e-03 2.355e-03 5.809e-03 -1.000 1.486e-02 -4.893 -0.049 -2.117 -3.746 -4.652 -5.430 -6.522 -7.279 -7.478
0.01471 0.00000 7.74036 6.6134691238 2.6201236248    6.611  3.901  3.5866  0.656    3  0.000  0.391     0.00     0.00     0.00     0.00     0.00 -1    -1e-30      0.00 6.840e-01 3.012e-01 1.680e-03 2.454e-03 5.729e-03 -1.000 1.486e-02 -4.981 -0.042 -2.140 -3.782 -4.705 -5.508 -6.618 -7.383 -7.587
0.01471 0.00000 7.74036 6.6198177338 2.6201410294    6.617  3.885  3.5884  0.679    3  0.000  0.391     0.00     0.00     0.00     0.00     0.00 -1    -1e-30      0.00 6.840e-01 3.012e-01 1.680e-03 2.454e-03 5.729e-03 -1.000 1.486e-02 -4.943 -0.055 -2.138 -3.773 -4.687 -5.475 -6.575 -7.335 -7.537
0.01471 0.00000 7.74036 6.6307277679 2.6201703548    6.628  3.851  3.5920  0.728    4  0.000  0.391     0.00     0.00     0.00     0.00     0.00 -1    -1e-30      0.00 6.840e-01 3.012e-01 1.680e-03 2.454e-03 5.728e-03 -1.000 1.486e-02 -4.858 -0.082 -2.126 -3.744 -4.640 -5.402 -6.482 -7.232 -7.429
0.01471 0.00000 7.74036 6.6387882233 2.6201922894    6.636  3.817  3.5954  0.777    4  0.000  0.391     0.00     0.00     0.00     0.00     0.00 -1    -1e-30      0.00 6.840e-01 3.011e-01 1.680e-03 2.454e-03 5.728e-03 -1.000 1.486e-02 -4.773 -0.108 -2.109 -3.708 -4.587 -5.327 -6.389 -7.130 -7.321
0.01471 0.00000 7.74036 6.6459021568 2.6202113628    6.643  3.782  3.5989  0.826    4  0.000  0.391     0.00     0.00     0.00     0.00     0.00 -1    -1e-30      0.00 6.840e-01 3.011e-01 1.680e-03 2.454e-03 5.728e-03 -1.000 1.486e-02 -4.686 -0.133 -2.091 -3.671 -4.533 -5.251 -6.295 -7.027 -7.211
0.01471 0.00000 7.74036 6.6537508965 2.6202323437    6.651  3.743  3.6030  0.882    4  0.000  0.391     0.00     0.00     0.00     0.00     0.00 -1    -1e-30      0.00 6.840e-01 3.011e-01 1.680e-03 2.454e-03 5.728e-03 -1.000 1.486e-02 -4.586 -0.168 -2.068 -3.624 -4.467 -5.163 -6.186 -6.907 -7.085
0.01471 0.00000 7.74036 6.6606435776 2.6202507019    6.658  3.709  3.6066  0.931    4  0.000  0.391     0.00     0.00     0.00     0.00     0.00 -1    -1e-30      0.00 6.840e-01 3.011e-01 1.680e-03 2.454e-03 5.728e-03 -1.000 1.486e-02 -4.501 -0.202 -2.049 -3.583 -4.411 -5.088 -6.093 -6.804 -6.977
0.01471 0.00000 7.74036 6.6702189445 2.6202762127    6.667  3.667  3.6112  0.992    4  0.000  0.391     0.00     0.00     0.00     0.00     0.00 -1    -1e-30      0.00 6.840e-01 3.011e-01 1.680e-03 2.454e-03 5.728e-03 -1.000 1.486e-02 -4.397 -0.253 -2.028 -3.535 -4.341 -4.995 -5.978 -6.676 -6.842
0.01471 0.00000 7.74036 6.6814613342 2.6203062534    6.679  3.629  3.6160  1.049    4  0.000  0.391     0.00     0.00     0.00     0.00     0.00 -1    -1e-30      0.00 6.840e-01 3.011e-01 1.680e-03 2.454e-03 5.728e-03 -1.000 1.486e-02 -4.304 -0.312 -2.014 -3.493 -4.279 -4.915 -5.875 -6.559 -6.718
0.01471 0.00000 7.74036 6.7015423775 2.6203591824    6.699  3.597  3.6230  1.111    4  0.000  0.391     0.00     0.00     0.00     0.00     0.00 -1    -1e-30      0.00 6.840e-01 3.011e-01 1.680e-03 2.454e-03 5.728e-03 -1.000 1.486e-02 -4.222 -0.438 -2.043 -3.483 -4.242 -4.850 -5.779 -6.441 -6.591
0.01471 0.00000 7.74036 6.7119822502 2.6203868389    6.709  3.587  3.6264  1.135    4  0.000  0.391     0.00     0.00     0.00     0.00     0.00 -1    -1e-30      0.00 6.841e-01 3.011e-01 1.680e-03 2.455e-03 5.728e-03 -1.000 1.486e-02 -4.198 -0.511 -2.070 -3.492 -4.238 -4.835 -5.749 -6.400 -6.546
0.01471 0.00000 7.74036 6.7276830673 2.6204278469    6.725  3.620  3.6358  1.141    5  0.000  0.391     0.00     0.00     0.00     0.00     0.00 -1    -1e-30      0.00 6.841e-01 3.011e-01 1.680e-03 2.455e-03 5.728e-03 -1.000 1.486e-02 -4.280 -0.831 -2.281 -3.659 -4.373 -4.939 -5.812 -6.432 -6.568
0.01471 0.00000 7.74036 6.7312998772 2.6204373837    6.728  3.642  3.6412  1.141    5  0.000  0.391     0.00     0.00     0.00     0.00     0.00 -1    -1e-30      0.00 6.841e-01 3.011e-01 1.680e-03 2.455e-03 5.728e-03 -1.000 1.486e-02 -4.335 -1.022 -2.407 -3.761 -4.456 -5.006 -5.856 -6.458 -6.589
0.01471 0.00000 7.74036 6.7332658768 2.6204423904    6.730  3.663  3.6470  1.143    5  0.000  0.391     0.00     0.00     0.00     0.00     0.00 -1    -1e-30      0.00 6.841e-01 3.011e-01 1.680e-03 2.455e-03 5.728e-03 -1.000 1.486e-02 -4.388 -1.222 -2.535 -3.860 -4.537 -5.071 -5.896 -6.480 -6.605
0.01471 0.00000 7.74036 6.7344541550 2.6204454899    6.731  3.679  3.6546  1.157    5  0.000  0.391     0.00     0.00     0.00     0.00     0.00 -1    -1e-30      0.00 6.841e-01 3.011e-01 1.680e-03 2.455e-03 5.728e-03 -1.000 1.486e-02 -4.429 -1.458 -2.673 -3.958 -4.612 -5.126 -5.919 -6.481 -6.597
0.01471 0.00000 7.74036 6.7348723412 2.6204466820    6.732  3.686  3.6599  1.172    5  0.000  0.391     0.00     0.00     0.00     0.00     0.00 -1    -1e-30      0.00 6.841e-01 3.011e-01 1.680e-03 2.455e-03 5.728e-03 -1.000 1.486e-02 -4.444 -1.592 -2.753 -4.010 -4.650 -5.152 -5.922 -6.471 -6.581
0.01471 0.00000 7.74036 6.7352519035 2.6204476357    6.732  3.691  3.6662  1.192    5  0.000  0.391     0.00     0.00     0.00     0.00     0.00 -1    -1e-30      0.00 6.841e-01 3.011e-01 1.680e-03 2.455e-03 5.728e-03 -1.000 1.486e-02 -4.457 -1.695 -2.830 -4.057 -4.684 -5.176 -5.920 -6.459 -6.558
0.01471 0.00000 7.74036 6.7355732918 2.6204483509    6.732  3.695  3.6724  1.213    5  0.000  0.391     0.00     0.00     0.00     0.00     0.00 -1    -1e-30      0.00 6.841e-01 3.011e-01 1.680e-03 2.455e-03 5.728e-03 -1.000 1.486e-02 -4.467 -1.792 -2.902 -4.098 -4.714 -5.196 -5.916 -6.444 -6.534
0.01471 0.00000 7.74036 6.7358675003 2.6204490662    6.733  3.698  3.6782  1.233    5  0.000  0.391     0.00     0.00     0.00     0.00     0.00 -1    -1e-30      0.00 6.841e-01 3.011e-01 1.680e-03 2.455e-03 5.728e-03 -1.000 1.486e-02 -4.475 -1.886 -2.968 -4.135 -4.739 -5.213 -5.909 -6.428 -6.509
0.01471 0.00000 7.74036 6.7361822128 2.6204500198    6.733  3.702  3.6841  1.253    5  0.000  0.391     0.00     0.00     0.00     0.00     0.00 -1    -1e-30      0.00 6.841e-01 3.011e-01 1.680e-03 2.455e-03 5.728e-03 -1.000 1.486e-02 -4.484 -1.980 -3.033 -4.170 -4.762 -5.229 -5.902 -6.410 -6.484
0.01471 0.00000 7.74036 6.7365264893 2.6204509735    6.733  3.705  3.6901  1.273    5  0.000  0.391     0.00     0.00     0.00     0.00     0.00 -1    -1e-30      0.00 6.841e-01 3.011e-01 1.680e-03 2.455e-03 5.728e-03 -1.000 1.486e-02 -4.493 -2.115 -3.105 -4.210 -4.786 -5.243 -5.892 -6.384 -6.454
0.01471 0.00000 7.74036 6.7369160652 2.6204519272    6.734  3.709  3.6974  1.299    5  0.000  0.391     0.00     0.00     0.00     0.00     0.00 -1    -1e-30      0.00 6.841e-01 3.011e-01 1.680e-03 2.455e-03 5.728e-03 -1.000 1.486e-02 -4.503 -2.283 -3.193 -4.255 -4.812 -5.255 -5.877 -6.349 -6.415
0.01471 0.00000 7.74036 6.7373676300 2.6204531193    6.734  3.714  3.7056  1.327    5  0.000  0.391     0.00     0.00     0.00     0.00     0.00 -1    -1e-30      0.00 6.841e-01 3.011e-01 1.680e-03 2.455e-03 5.728e-03 -1.000 1.486e-02 -4.515 -2.463 -3.289 -4.305 -4.839 -5.267 -5.859 -6.309 -6.372
0.01471 0.00000 7.74036 6.7379031181 2.6204545498    6.735  3.719  3.7147  1.358    5  0.000  0.391     0.00     0.00     0.00     0.00     0.00 -1    -1e-30      0.00 6.841e-01 3.011e-01 1.680e-03 2.455e-03 5.728e-03 -1.000 1.486e-02 -4.527 -2.653 -3.393 -4.357 -4.866 -5.277 -5.837 -6.261 -6.322
0.01471 0.00000 7.74036 6.7385468483 2.6204562187    6.735  3.724  3.7254  1.396    5  0.000  0.391     0.00     0.00     0.00     0.00     0.00 -1    -1e-30      0.00 6.841e-01 3.011e-01 1.680e-03 2.455e-03 5.728e-03 -1.000 1.486e-02 -4.540 -2.864 -3.514 -4.414 -4.894 -5.284 -5.808 -6.202 -6.262
0.01471 0.00000 7.74036 6.7393217087 2.6204581261    6.736  3.730  3.7383  1.441    5  0.000  0.391     0.00     0.00     0.00     0.00     0.00 -1    -1e-30      0.00 6.841e-01 3.011e-01 1.680e-03 2.455e-03 5.728e-03 -1.000 1.486e-02 -4.555 -3.093 -3.651 -4.476 -4.921 -5.287 -5.770 -6.128 -6.187
0.01471 0.00000 7.74036 6.7402372360 2.6204605103    6.737  3.737  3.7534  1.495    5  0.000  0.391     0.00     0.00     0.00     0.00     0.00 -1    -1e-30      0.00 6.841e-01 3.011e-01 1.680e-03 2.455e-03 5.728e-03 -1.000 1.486e-02 -4.572 -3.349 -3.805 -4.539 -4.943 -5.279 -5.718 -6.038 -6.092
0.01471 0.00000 7.74036 6.7412900925 2.6204633713    6.738  3.743  3.7694  1.553    5  0.000  0.391     0.00     0.00     0.00     0.00     0.00 -1    -1e-30      0.00 6.841e-01 3.011e-01 1.680e-03 2.455e-03 5.728e-03 -1.000 1.486e-02 -4.587 -3.584 -3.957 -4.596 -4.956 -5.261 -5.657 -5.940 -5.988
0.01471 0.00000 7.74036 6.7424640656 2.6204662323    6.739  3.749  3.7855  1.611    5  0.000  0.391     0.00     0.00     0.00     0.00     0.00 -1    -1e-30      0.00 6.841e-01 3.011e-01 1.680e-03 2.455e-03 5.728e-03 -1.000 1.486e-02 -4.603 -3.807 -4.115 -4.649 -4.960 -5.228 -5.581 -5.825 -5.867
0.01471 0.00000 7.74036 6.7437458038 2.6204695702    6.741  3.755  3.8012  1.668    5  0.000  0.391     0.00     0.00     0.00     0.00     0.00 -1    -1e-30      0.00 6.841e-01 3.010e-01 1.680e-03 2.455e-03 5.728e-03 -1.000 1.486e-02 -4.617 -3.971 -4.243 -4.691 -4.960 -5.197 -5.511 -5.721 -5.758
0.01471 0.00000 7.74036 6.7451291084 2.6204731464    6.742  3.760  3.8161  1.722    5  0.000  0.391     0.00     0.00     0.00     0.00     0.00 -1    -1e-30      0.00 6.841e-01 3.010e-01 1.680e-03 2.455e-03 5.728e-03 -1.000 1.486e-02 -4.631 -4.103 -4.353 -4.724 -4.955 -5.163 -5.442 -5.623 -5.655
0.01471 0.00000 7.74036 6.7466216087 2.6204771996    6.743  3.766  3.8301  1.773    5  0.000  0.391     0.00     0.00     0.00     0.00     0.00 -1    -1e-30      0.00 6.841e-01 3.010e-01 1.680e-03 2.455e-03 5.728e-03 -1.000 1.486e-02 -4.645 -4.208 -4.448 -4.753 -4.950 -5.131 -5.377 -5.531 -5.559
0.01471 0.00000 7.74036 6.7482404709 2.6204812527    6.745  3.772  3.8436  1.822    5  0.000  0.391     0.00     0.00     0.00     0.00     0.00 -1    -1e-30      0.00 6.841e-01 3.010e-01 1.680e-03 2.455e-03 5.728e-03 -1.000 1.486e-02 -4.659 -4.299 -4.532 -4.774 -4.940 -5.095 -5.312 -5.442 -5.468
0.01471 0.00000 7.74036 6.7500209808 2.6204860210    6.747  3.777  3.8567  1.869    5  0.000  0.391     0.00     0.00     0.00     0.00     0.00 -1    -1e-30      0.00 6.841e-01 3.010e-01 1.680e-03 2.455e-03 5.728e-03 -1.000 1.486e-02 -4.673 -4.383 -4.607 -4.792 -4.927 -5.060 -5.249 -5.357 -5.380
0.01471 0.00000 7.74036 6.7520303726 2.6204910278    6.749  3.783  3.8696  1.915    5  0.000  0.391     0.00     0.00     0.00     0.00     0.00 -1    -1e-30      0.00 6.841e-01 3.010e-01 1.680e-03 2.455e-03 5.728e-03 -1.000 1.486e-02 -4.687 -4.459 -4.669 -4.806 -4.914 -5.024 -5.186 -5.275 -5.295
0.01471 0.00000 7.74036 6.7543792725 2.6204972267    6.751  3.788  3.8817  1.958    5  0.000  0.391     0.00     0.00     0.00     0.00     0.00 -1    -1e-30      0.00 6.841e-01 3.010e-01 1.680e-03 2.455e-03 5.728e-03 -1.000 1.486e-02 -4.700 -4.527 -4.715 -4.814 -4.900 -4.990 -5.128 -5.201 -5.217
0.01471 0.00000 7.74036 6.7575087547 2.6205053329    6.754  3.794  3.8932  1.999    5  0.000  0.391     0.00     0.00     0.00     0.00     0.00 -1    -1e-30      0.00 6.841e-01 3.010e-01 1.680e-03 2.455e-03 5.728e-03 -1.000 1.486e-02 -4.714 -4.590 -4.751 -4.817 -4.884 -4.958 -5.073 -5.132 -5.145
0.01471 0.00000 7.74036 6.7653889656 2.6205255985    6.762  3.802  3.9074  2.047    5  0.000  0.391     0.00     0.00     0.00     0.00     0.00 -1    -1e-30      0.00 6.841e-01 3.010e-01 1.680e-03 2.455e-03 5.728e-03 -1.000 1.486e-02 -4.736 -4.668 -4.785 -4.817 -4.865 -4.920 -5.008 -5.053 -5.062
0.01471 0.00000 7.74036 6.7704410553 2.6205387115    6.767  3.804  3.9034  2.030    5  0.000  0.391     0.00     0.00     0.00     0.00     0.00 -1    -1e-30      0.00 6.841e-01 3.010e-01 1.680e-03 2.455e-03 5.728e-03 -1.000 1.486e-02 -4.740 -4.658 -4.788 -4.829 -4.881 -4.941 -5.037 -5.085 -5.096
0.01471 0.00000 7.74036 6.7778530121 2.6205577850    6.774  3.807  3.8970  2.002    6  0.000  0.391     0.00     0.00     0.00     0.00     0.00 -1    -1e-30      0.00 6.841e-01 3.010e-01 1.680e-03 2.455e-03 5.728e-03 -1.000 1.486e-02 -4.746 -4.639 -4.789 -4.845 -4.906 -4.975 -5.083 -5.137 -5.150
0.01471 0.00000 7.74036 6.7973737717 2.6206076145    6.794  3.815  3.8812  1.932    6  0.000  0.391     0.00     0.00     0.00     0.00     0.00 -1    -1e-30      0.00 6.841e-01 3.010e-01 1.680e-03 2.455e-03 5.728e-03 -1.000 1.486e-02 -4.767 -4.594 -4.782 -4.881 -4.967 -5.058 -5.197 -5.270 -5.287
0.01471 0.00000 7.74036 6.8084692955 2.6206357479    6.805  3.819  3.8714  1.889    6  0.000  0.391     0.00     0.00     0.00     0.00     0.00 -1    -1e-30      0.00 6.841e-01 3.010e-01 1.680e-03 2.455e-03 5.728e-03 -1.000 1.486e-02 -4.778 -4.561 -4.767 -4.896 -5.001 -5.107 -5.266 -5.352 -5.372
0.01471 0.00000 7.74036 6.8148589134 2.6206519604    6.811  3.821  3.8627  1.854    6  0.000  0.391     0.00     0.00     0.00     0.00     0.00 -1    -1e-30      0.00 6.842e-01 3.010e-01 1.680e-03 2.455e-03 5.728e-03 -1.000 1.486e-02 -4.781 -4.523 -4.742 -4.902 -5.023 -5.144 -5.321 -5.420 -5.441
0.01471 0.00000 7.74036 6.8191571236 2.6206629276    6.816  3.821  3.8554  1.824    6  0.000  0.391     0.00     0.00     0.00     0.00     0.00 -1    -1e-30      0.00 6.842e-01 3.010e-01 1.680e-03 2.455e-03 5.728e-03 -1.000 1.486e-02 -4.783 -4.488 -4.714 -4.903 -5.040 -5.174 -5.365 -5.475 -5.499
0.01471 0.00000 7.74036 6.8207058907 2.6206669807    6.817  3.822  3.8531  1.814    6  0.000  0.391     0.00     0.00     0.00     0.00     0.00 -1    -1e-30      0.00 6.842e-01 3.010e-01 1.680e-03 2.455e-03 5.728e-03 -1.000 1.486e-02 -4.785 -4.478 -4.706 -4.905 -5.047 -5.185 -5.382 -5.495 -5.519
0.01471 0.00000 7.74036 6.8231368065 2.6206729412    6.819  3.822  3.8484  1.796    6  0.000  0.391     0.00     0.00     0.00     0.00     0.00 -1    -1e-30      0.00 6.842e-01 3.010e-01 1.680e-03 2.455e-03 5.728e-03 -1.000 1.486e-02 -4.784 -4.451 -4.684 -4.902 -5.055 -5.201 -5.408 -5.529 -5.554
0.01471 0.00000 7.74036 6.8268270493 2.6206822395    6.823  3.823  3.8397  1.760    6  0.000  0.391     0.00     0.00     0.00     0.00     0.00 -1    -1e-30      0.00 6.842e-01 3.010e-01 1.680e-03 2.455e-03 5.727e-03 -1.000 1.486e-02 -4.786 -4.405 -4.644 -4.901 -5.074 -5.237 -5.462 -5.597 -5.624
0.01471 0.00000 7.74036 6.8300352097 2.6206903458    6.826  3.827  3.8442  1.774    6  0.000  0.391     0.00     0.00     0.00     0.00     0.00 -1    -1e-30      0.00 6.842e-01 3.010e-01 1.680e-03 2.455e-03 5.727e-03 -1.000 1.486e-02 -4.797 -4.442 -4.677 -4.914 -5.077 -5.231 -5.446 -5.575 -5.601
0.01471 0.00000 7.74036 6.8328375816 2.6206974983    6.829  3.824  3.8365  1.746    6  0.000  0.391     0.00     0.00     0.00     0.00     0.00 -1    -1e-30      0.00 6.842e-01 3.010e-01 1.680e-03 2.455e-03 5.727e-03 -1.000 1.486e-02 -4.790 -4.390 -4.630 -4.902 -5.083 -5.252 -5.484 -5.625 -5.653
0.01471 0.00000 7.74036 6.8349294662 2.6207027435    6.831  3.824  3.8303  1.722    6  0.000  0.391     0.00     0.00     0.00     0.00     0.00 -1    -1e-30      0.00 6.842e-01 3.010e-01 1.680e-03 2.455e-03 5.727e-03 -1.000 1.486e-02 -4.789 -4.352 -4.596 -4.898 -5.093 -5.273 -5.519 -5.671 -5.700
0.01471 0.00000 7.74036 6.8367395401 2.6207072735    6.833  3.823  3.8248  1.701    6  0.000  0.391     0.00     0.00     0.00     0.00     0.00 -1    -1e-30      0.00 6.842e-01 3.010e-01 1.680e-03 2.455e-03 5.727e-03 -1.000 1.486e-02 -4.788 -4.315 -4.563 -4.891 -5.100 -5.291 -5.549 -5.712 -5.742
0.01471 0.00000 7.74036 6.8381881714 2.6207108498    6.834  3.822  3.8193  1.680    6  0.000  0.391     0.00     0.00     0.00     0.00     0.00 -1    -1e-30      0.00 6.842e-01 3.010e-01 1.680e-03 2.455e-03 5.727e-03 -1.000 1.486e-02 -4.786 -4.278 -4.530 -4.884 -5.106 -5.307 -5.577 -5.751 -5.782
0.01471 0.00000 7.74036 6.8396501541 2.6207146645    6.836  3.821  3.8136  1.658    6  0.000  0.391     0.00     0.00     0.00     0.00     0.00 -1    -1e-30      0.00 6.842e-01 3.010e-01 1.680e-03 2.455e-03 5.727e-03 -1.000 1.486e-02 -4.784 -4.236 -4.494 -4.875 -5.111 -5.323 -5.607 -5.792 -5.824
0.01471 0.00000 7.74036 6.8407788277 2.6207175255    6.837  3.821  3.8085  1.638    6  0.000  0.391     0.00     0.00     0.00     0.00     0.00 -1    -1e-30      0.00 6.842e-01 3.010e-01 1.680e-03 2.455e-03 5.727e-03 -1.000 1.486e-02 -4.781 -4.190 -4.458 -4.868 -5.117 -5.338 -5.634 -5.829 -5.863
0.01471 0.00000 7.74036 6.8419909477 2.6207206249    6.838  3.819  3.8028  1.617    6  0.000  0.391     0.00     0.00     0.00     0.00     0.00 -1    -1e-30      0.00 6.842e-01 3.010e-01 1.680e-03 2.455e-03 5.727e-03 -1.000 1.486e-02 -4.779 -4.141 -4.418 -4.857 -5.120 -5.353 -5.663 -5.869 -5.905
0.01471 0.00000 7.74036 6.8431229591 2.6207232475    6.839  3.818  3.7971  1.595    6  0.000  0.391     0.00     0.00     0.00     0.00     0.00 -1    -1e-30      0.00 6.842e-01 3.010e-01 1.680e-03 2.455e-03 5.727e-03 -1.000 1.486e-02 -4.776 -4.092 -4.376 -4.844 -5.122 -5.367 -5.690 -5.908 -5.947
0.01471 0.00000 7.74036 6.8444113731 2.6207265854    6.841  3.817  3.7905  1.570    6  0.000  0.391     0.00     0.00     0.00     0.00     0.00 -1    -1e-30      0.00 6.842e-01 3.010e-01 1.680e-03 2.455e-03 5.727e-03 -1.000 1.486e-02 -4.772 -4.026 -4.325 -4.829 -5.125 -5.382 -5.722 -5.954 -5.995
0.01471 0.00000 7.74036 6.8464159966 2.6207315922    6.843  3.813  3.7795  1.530    6  0.000  0.391     0.00     0.00     0.00     0.00     0.00 -1    -1e-30      0.00 6.842e-01 3.010e-01 1.680e-03 2.455e-03 5.727e-03 -1.000 1.486e-02 -4.764 -3.887 -4.227 -4.800 -5.129 -5.409 -5.776 -6.032 -6.077
0.01471 0.00000 7.74036 6.8480720520 2.6207358837    6.844  3.810  3.7689  1.491    6  0.000  0.391     0.00     0.00     0.00     0.00     0.00 -1    -1e-30      0.00 6.842e-01 3.010e-01 1.680e-03 2.455e-03 5.727e-03 -1.000 1.486e-02 -4.755 -3.734 -4.119 -4.763 -5.125 -5.431 -5.828 -6.111 -6.159
0.01471 0.00000 7.74036 6.8486795425 2.6207373142    6.845  3.812  3.7649  1.473    6  0.000  0.391     0.00     0.00     0.00     0.00     0.00 -1    -1e-30      0.00 6.842e-01 3.009e-01 1.680e-03 2.455e-03 5.727e-03 -1.000 1.486e-02 -4.760 -3.687 -4.091 -4.759 -5.132 -5.446 -5.853 -6.145 -6.195
0.01471 0.00000 7.74036 6.8491096497 2.6207382679    6.845  3.814  3.7625  1.462    6  0.000  0.391     0.00     0.00     0.00     0.00     0.00 -1    -1e-30      0.00 6.842e-01 3.009e-01 1.680e-03 2.455e-03 5.727e-03 -1.000 1.486e-02 -4.764 -3.658 -4.074 -4.757 -5.136 -5.455 -5.869 -6.166 -6.217
0.01471 0.00000 7.74036 6.8493471146 2.6207389832    6.846  3.813  3.7615  1.458    6  0.000  0.391     0.00     0.00     0.00     0.00     0.00 -1    -1e-30      0.00 6.842e-01 3.009e-01 1.680e-03 2.455e-03 5.727e-03 -1.000 1.486e-02 -4.763 -3.644 -4.064 -4.753 -5.135 -5.456 -5.873 -6.172 -6.224
0.01471 0.00000 7.74036 6.8495573997 2.6207394600    6.846  3.813  3.7607  1.456    6  0.000  0.391     0.00     0.00     0.00     0.00     0.00 -1    -1e-30      0.00 6.842e-01 3.009e-01 1.680e-03 2.455e-03 5.727e-03 -1.000 1.486e-02 -4.761 -3.632 -4.056 -4.749 -5.134 -5.456 -5.875 -6.177 -6.228
0.01471 0.00000 7.74036 6.8498716354 2.6207401752    6.846  3.812  3.7590  1.449    6  0.000  0.391     0.00     0.00     0.00     0.00     0.00 -1    -1e-30      0.00 6.842e-01 3.009e-01 1.680e-03 2.455e-03 5.727e-03 -1.000 1.486e-02 -4.759 -3.606 -4.039 -4.743 -5.132 -5.458 -5.882 -6.187 -6.239
0.01471 0.00000 7.74036 6.8515162468 2.6207444668    6.848  3.808  3.7464  1.403    6  0.000  0.391     0.00     0.00     0.00     0.00     0.00 -1    -1e-30      0.00 6.842e-01 3.009e-01 1.680e-03 2.455e-03 5.727e-03 -1.000 1.486e-02 -4.751 -3.409 -3.920 -4.699 -5.122 -5.471 -5.930 -6.266 -6.322
0.01471 0.00000 7.74036 6.8531408310 2.6207485199    6.849  3.804  3.7300  1.342    6  0.000  0.391     0.00     0.00     0.00     0.00     0.00 -1    -1e-30      0.00 6.842e-01 3.009e-01 1.680e-03 2.455e-03 5.727e-03 -1.000 1.486e-02 -4.739 -3.121 -3.751 -4.631 -5.100 -5.482 -5.990 -6.369 -6.429
0.01471 0.00000 7.74036 6.8543066978 2.6207513809    6.850  3.799  3.7164  1.292    6  0.000  0.391     0.00     0.00     0.00     0.00     0.00 -1    -1e-30      0.00 6.842e-01 3.009e-01 1.680e-03 2.455e-03 5.727e-03 -1.000 1.486e-02 -4.728 -2.861 -3.604 -4.565 -5.072 -5.480 -6.033 -6.451 -6.512
0.01471 0.00000 7.74036 6.8553204536 2.6207540035    6.851  3.794  3.7037  1.247    6  0.000  0.391     0.00     0.00     0.00     0.00     0.00 -1    -1e-30      0.00 6.842e-01 3.009e-01 1.680e-03 2.455e-03 5.727e-03 -1.000 1.486e-02 -4.715 -2.596 -3.460 -4.496 -5.038 -5.469 -6.068 -6.521 -6.585
0.01471 0.00000 7.74036 6.8566913605 2.6207573414    6.853  3.785  3.6869  1.189    6  0.000  0.391     0.00     0.00     0.00     0.00     0.00 -1    -1e-30      0.00 6.842e-01 3.009e-01 1.680e-03 2.455e-03 5.727e-03 -1.000 1.486e-02 -4.692 -2.207 -3.258 -4.390 -4.978 -5.441 -6.103 -6.603 -6.674
0.01471 0.00000 7.74036 6.8581662178 2.6207609177    6.854  3.771  3.6675  1.125    6  0.000  0.391     0.00     0.00     0.00     0.00     0.00 -1    -1e-30      0.00 6.842e-01 3.009e-01 1.680e-03 2.455e-03 5.727e-03 -1.000 1.486e-02 -4.656 -1.883 -3.034 -4.263 -4.890 -5.380 -6.120 -6.654 -6.752
0.01471 0.00000 7.74036 6.8595647812 2.6207644939    6.856  3.755  3.6518  1.079    6  0.000  0.391     0.00     0.00     0.00     0.00     0.00 -1    -1e-30      0.00 6.842e-01 3.009e-01 1.680e-03 2.455e-03 5.727e-03 -1.000 1.486e-02 -4.616 -1.540 -2.816 -4.125 -4.789 -5.311 -6.116 -6.683 -6.804
0.01471 0.00000 7.74036 6.8621172905 2.6207709312    6.858  3.734  3.6375  1.043    6  0.000  0.391     0.00     0.00     0.00     0.00     0.00 -1    -1e-30      0.00 6.842e-01 3.009e-01 1.680e-03 2.455e-03 5.727e-03 -1.000 1.486e-02 -4.564 -1.111 -2.575 -3.958 -4.668 -5.229 -6.096 -6.706 -6.842
0.01471 0.00000 7.74036 6.8712253571 2.6207935810    6.867  3.729  3.6141  0.954    6  0.000  0.391     0.00     0.00     0.00     0.00     0.00 -1    -1e-30      0.00 6.842e-01 3.009e-01 1.680e-03 2.455e-03 5.727e-03 -1.000 1.486e-02 -4.553 -0.451 -2.218 -3.720 -4.517 -5.160 -6.131 -6.816 -6.980
0.01471 0.00000 7.74036 6.8739104271 2.6208002567    6.870  3.759  3.6079  0.899    6  0.000  0.391     0.00     0.00     0.00     0.00     0.00 -1    -1e-30      0.00 6.842e-01 3.009e-01 1.680e-03 2.455e-03 5.727e-03 -1.000 1.486e-02 -4.628 -0.336 -2.189 -3.725 -4.548 -5.219 -6.219 -6.923 -7.095
0.01471 0.00000 7.74036 6.8745079041 2.6208016872    6.871  3.776  3.6055  0.873    6  0.000  0.391     0.00     0.00     0.00     0.00     0.00 -1    -1e-30      0.00 6.842e-01 3.009e-01 1.680e-03 2.455e-03 5.727e-03 -1.000 1.486e-02 -4.670 -0.301 -2.187 -3.737 -4.571 -5.254 -6.266 -6.977 -7.153
0.01471 0.00000 7.74036 6.8745288849 2.6208016872    6.871  3.777  3.6053  0.871    6  0.000  0.391     0.00     0.00     0.00     0.00     0.00 -1    -1e-30      0.00 6.842e-01 3.009e-01 1.680e-03 2.455e-03 5.727e-03 -1.000 1.486e-02 -4.672 -0.300 -2.187 -3.737 -4.572 -5.256 -6.269 -6.980 -7.156
0.01471 0.00000 7.74036 6.8746294975 2.6208019257    6.871  3.783  3.6047  0.863    6  0.000  0.391     0.00     0.00     0.00     0.00     0.00 -1    -1e-30      0.00 6.842e-01 3.009e-01 1.680e-03 2.455e-03 5.727e-03 -1.000 1.486e-02 -4.687 -0.294 -2.190 -3.744 -4.581 -5.269 -6.284 -6.998 -7.175
0.01471 0.00000 7.74036 6.8751511574 2.6208033562    6.871  3.803  3.6028  0.835    7  0.000  0.391     0.00     0.00     0.00     0.00     0.00 -1    -1e-30      0.00 6.842e-01 3.009e-01 1.680e-03 2.455e-03 5.727e-03 -1.000 1.486e-02 -4.737 -0.278 -2.204 -3.770 -4.617 -5.314 -6.339 -7.058 -7.238
0.01471 0.00000 7.74036 6.8762879372 2.6208062172    6.872  3.803  3.6022  0.832    7  0.000  0.391     0.00     0.00     0.00     0.00     0.00 -1    -1e-30      0.00 6.842e-01 3.009e-01 1.680e-03 2.455e-03 5.727e-03 -1.000 1.486e-02 -4.738 -0.263 -2.196 -3.764 -4.613 -5.313 -6.341 -7.062 -7.243
0.01471 0.00000 7.74036 6.8768200874 2.6208074093    6.873  3.830  3.5991  0.793    7  0.000  0.391     0.00     0.00     0.00     0.00     0.00 -1    -1e-30      0.00 6.842e-01 3.009e-01 1.680e-03 2.455e-03 5.727e-03 -1.000 1.486e-02 -4.806 -0.232 -2.207 -3.792 -4.655 -5.372 -6.416 -7.145 -7.331
0.01471 0.00000 7.74036 6.8772697449 2.6208086014    6.873  3.864  3.5955  0.745    7  0.000  0.391     0.00     0.00     0.00     0.00     0.00 -1    -1e-30      0.00 6.842e-01 3.009e-01 1.680e-03 2.455e-03 5.727e-03 -1.000 1.486e-02 -4.890 -0.203 -2.221 -3.826 -4.706 -5.446 -6.508 -7.247 -7.438
0.01471 0.00000 7.74036 6.8778305054 2.6208100319    6.874  3.900  3.5918  0.695    7  0.000  0.391     0.00     0.00     0.00     0.00     0.00 -1    -1e-30      0.00 6.842e-01 3.009e-01 1.680e-03 2.455e-03 5.727e-03 -1.000 1.486e-02 -4.979 -0.174 -2.237 -3.862 -4.760 -5.523 -6.605 -7.354 -7.551
0.01471 0.00000 7.74036 6.8785214424 2.6208117008    6.875  3.936  3.5882  0.644    7  0.000  0.391     0.00     0.00     0.00     0.00     0.00 -1    -1e-30      0.00 6.842e-01 3.009e-01 1.679e-03 2.455e-03 5.727e-03 -1.000 1.486e-02 -5.070 -0.151 -2.254 -3.897 -4.813 -5.603 -6.704 -7.463 -7.666
0.01471 0.00000 7.74036 6.8793592453 2.6208138466    6.875  3.974  3.5843  0.590    7  0.000  0.390     0.00     0.00     0.00     0.00     0.00 -1    -1e-30      0.00 6.842e-01 3.009e-01 1.676e-03 2.458e-03 5.727e-03 -1.000 1.486e-02 -5.166 -0.132 -2.268 -3.928 -4.864 -5.686 -6.809 -7.578 -7.787
0.01471 0.00000 7.74036 6.8803467751 2.6208162308    6.876  4.011  3.5806  0.539    7  0.000  0.388     0.00     0.00     0.00     0.00     0.00 -1    -1e-30      0.00 6.842e-01 3.009e-01 1.667e-03 2.468e-03 5.727e-03 -1.000 1.486e-02 -5.257 -0.113 -2.281 -3.957 -4.913 -5.765 -6.909 -7.687 -7.903
0.01471 0.00000 7.74036 6.8814711571 2.6208190918    6.878  4.050  3.5766  0.484    7  0.000  0.385     0.00     0.00     0.00     0.00     0.00 -1    -1e-30      0.00 6.842e-01 3.009e-01 1.655e-03 2.481e-03 5.727e-03 -1.000 1.486e-02 -5.354 -0.101 -2.286 -3.973 -4.952 -5.847 -7.015 -7.804 -8.026
0.01471 0.00000 7.74036 6.8826155663 2.6208219528    6.879  4.087  3.5728  0.432    7  0.000  0.383     0.00     0.00     0.00     0.00     0.00 -1    -1e-30      0.00 6.842e-01 3.009e-01 1.646e-03 2.493e-03 5.727e-03 -1.000 1.486e-02 -5.448 -0.087 -2.286 -3.984 -4.986 -5.925 -7.119 -7.916 -8.144
0.01471 0.00000 7.74036 6.8836884499 2.6208245754    6.880  4.122  3.5692  0.382    7  0.000  0.381     0.00     0.00     0.00     0.00     0.00 -1    -1e-30      0.00 6.842e-01 3.009e-01 1.637e-03 2.504e-03 5.726e-03 -1.000 1.486e-02 -5.536 -0.076 -2.282 -3.989 -5.016 -5.999 -7.218 -8.023 -8.257
0.01471 0.00000 7.74036 6.8846297264 2.6208267212    6.881  4.153  3.5664  0.341    7  0.000  0.380     0.00     0.00     0.00     0.00     0.00 -1    -1e-30      0.00 6.771e-01 3.081e-01 1.616e-03 2.584e-03 5.666e-03 -1.000 1.484e-02 -5.612 -0.078 -2.279 -3.989 -5.038 -6.062 -7.302 -8.113 -8.351
0.01471 0.00000 7.74036 6.8855886459 2.6208291054    6.882  4.184  3.5638  0.299    7  0.000  0.380     0.00     0.00     0.00     0.00     0.00 -1    -1e-30      0.00 6.649e-01 3.202e-01 1.585e-03 2.714e-03 5.562e-03 -1.000 1.484e-02 -5.689 -0.085 -2.282 -3.996 -5.065 -6.126 -7.386 -8.202 -8.446
0.01471 0.00000 7.74036 6.8864650726 2.6208314896    6.882  4.212  3.5614  0.261    7  0.000  0.379     0.00     0.00     0.00     0.00     0.00 -1    -1e-30      0.00 6.538e-01 3.314e-01 1.556e-03 2.834e-03 5.466e-03 -1.000 1.483e-02 -5.760 -0.091 -2.284 -4.002 -5.090 -6.186 -7.465 -8.286 -8.534
0.01471 0.00000 7.74036 6.8872241974 2.6208331585    6.883  4.237  3.5593  0.228    7  0.000  0.379     0.00     0.00     0.00     0.00     0.00 -1    -1e-30      0.00 6.437e-01 3.415e-01 1.530e-03 2.945e-03 5.377e-03 -1.000 1.482e-02 -5.822 -0.097 -2.283 -4.002 -5.108 -6.237 -7.533 -8.358 -8.610
0.01471 0.00000 7.74036 6.8881340027 2.6208355427    6.884  4.267  3.5572  0.190    7  0.000  0.379     0.00     0.00     0.00     0.00     0.00 -1    -1e-30      0.00 6.238e-01 3.614e-01 1.482e-03 3.149e-03 5.212e-03 -1.000 1.481e-02 -5.897 -0.113 -2.288 -4.005 -5.133 -6.298 -7.615 -8.443 -8.698
0.01471 0.00000 7.74036 6.8883228302 2.6208360195    6.884  4.278  3.5562  0.174    7  0.000  0.379     0.00     0.00     0.00     0.00     0.00 -1    -1e-30      0.00 6.182e-01 3.670e-01 1.469e-03 3.206e-03 5.165e-03 -1.000 1.480e-02 -5.926 -0.116 -2.284 -4.001 -5.139 -6.320 -7.647 -8.477 -8.734
0.01471 0.00000 7.74036 6.8885006905 2.6208364964    6.884  4.290  3.5552  0.159    7  0.000  0.379     0.00     0.00     0.00     0.00     0.00 -1    -1e-30      0.00 6.146e-01 3.706e-01 1.461e-03 3.243e-03 5.136e-03 -1.000 1.479e-02 -5.954 -0.117 -2.278 -3.993 -5.141 -6.341 -7.678 -8.510 -8.769
0.01471 0.00000 7.74036 6.8885569572 2.6208364964    6.885  4.292  3.5549  0.156    7  0.000  0.379     0.00     0.00     0.00     0.00     0.00 -1    -1e-30      0.00 6.133e-01 3.719e-01 1.457e-03 3.257e-03 5.125e-03 -1.000 1.480e-02 -5.960 -0.118 -2.277 -3.992 -5.142 -6.346 -7.685 -8.518 -8.777
