Zini     MH   logAge Mini        int_IMF         Mass   logL    logTe  logg  label   McoreTP C_O  period0  period1  period2  period3  period4  pmode  Mloss  tau1m   X   Y   Xc  Xn  Xo  Cexcess  Z 	 mbolmag  Gmag    G_BPbrmag  G_BPftmag  G_RPmag
0.0152 0.01508 9.50000 0.0900000036 1.0816895962    0.090 -3.424  3.3622  5.217    1  0.000  0.545     0.00     0.00     0.00     0.00     0.00 -1 -3.89e-17      0.00 7.088e-01 2.759e-01 2.746e-03 7.408e-04 6.719e-03 -1.000 1.527e-02 13.330 15.375 18.278 18.325 13.906
0.0152 0.01508 9.50000 0.1000000015 1.1711064577    0.100 -3.242  3.3881  5.184    1  0.000  0.545     0.00     0.00     0.00     0.00     0.00 -1 -5.84e-17      0.00 7.087e-01 2.760e-01 2.746e-03 7.408e-04 6.719e-03 -1.000 1.527e-02 12.874 14.918 17.808 17.855 13.449
0.0152 0.01508 9.50000 0.1096405685 1.2469365597    0.110 -3.108  3.4056  5.161    1  0.000  0.545     0.00     0.00     0.00     0.00     0.00 -1 -7.78e-17      0.00 7.086e-01 2.761e-01 2.746e-03 7.408e-04 6.719e-03 -1.000 1.527e-02 12.541 14.583 17.465 17.512 13.116
0.0152 0.01508 9.50000 0.1200000122 1.3193155527    0.120 -2.977  3.4228  5.138    1  0.000  0.545     0.00     0.00     0.00     0.00     0.00 -1 -1.03e-16      0.00 7.084e-01 2.763e-01 2.746e-03 7.408e-04 6.719e-03 -1.000 1.527e-02 12.214 14.177 16.944 16.991 12.730
0.0152 0.01508 9.50000 0.1400000006 1.4384527206    0.140 -2.794  3.4431  5.102    1  0.000  0.545     0.00     0.00     0.00     0.00     0.00 -1 -1.52e-16      0.00 7.082e-01 2.765e-01 2.746e-03 7.408e-04 6.719e-03 -1.000 1.527e-02 11.755 13.441 15.837 15.884 12.065
0.0152 0.01508 9.50000 0.1422320455 1.4503686428    0.142 -2.777  3.4447  5.099    1  0.000  0.545     0.00     0.00     0.00     0.00     0.00 -1 -1.57e-16      0.00 7.082e-01 2.765e-01 2.746e-03 7.408e-04 6.719e-03 -1.000 1.527e-02 11.713 13.379 15.747 15.794 12.008
0.0152 0.01508 9.50000 0.1599999964 1.5372931957    0.160 -2.653  3.4566  5.073    0  0.000  0.545     0.00     0.00     0.00     0.00     0.00 -1 -2.03e-16      0.00 7.080e-01 2.768e-01 2.746e-03 7.408e-04 6.719e-03 -1.000 1.527e-02 11.402 12.915 15.078 15.125 11.586
0.0152 0.01508 9.50000 0.2000000030 1.6938791275    0.200 -2.437  3.4753  5.029    1  0.000  0.545     0.00     0.00     0.00     0.00     0.00 -1 -3.15e-16      0.00 7.076e-01 2.771e-01 2.746e-03 7.408e-04 6.719e-03 -1.000 1.527e-02 10.862 12.156 14.031 14.078 10.894
0.0152 0.01508 9.50000 0.2500000000 1.8403258324    0.250 -2.233  3.4918  4.988    1  0.000  0.545     0.00     0.00     0.00     0.00     0.00 -1 -4.72e-16      0.00 7.072e-01 2.775e-01 2.746e-03 7.408e-04 6.719e-03 -1.000 1.527e-02 10.351 11.468 13.114 13.161 10.265
0.0152 0.01508 9.50000 0.3000000119 1.9529139996    0.300 -2.074  3.5026  4.952    0  0.000  0.545     0.00     0.00     0.00     0.00     0.00 -1 -5.84e-16      0.00 7.070e-01 2.777e-01 2.746e-03 7.408e-04 6.719e-03 -1.000 1.527e-02 9.955 10.975 12.503 12.549 9.806
0.0152 0.01508 9.50000 0.3279348314 2.0056958199    0.328 -1.983  3.5076  4.919    1  0.000  0.545     0.00     0.00     0.00     0.00     0.00 -1 -7.92e-16      0.00 7.085e-01 2.762e-01 2.746e-03 7.408e-04 6.719e-03 -1.000 1.527e-02 9.727 10.706 12.184 12.230 9.553
0.0152 0.01508 9.50000 0.3500000238 2.0434176922    0.350 -1.915  3.5112  4.894    0  0.000  0.545     0.00     0.00     0.00     0.00     0.00 -1 -9.22e-16      0.00 7.091e-01 2.756e-01 2.746e-03 7.408e-04 6.719e-03 -1.000 1.527e-02 9.558 10.508 11.951 11.997 9.365
0.0152 0.01508 9.50000 0.4000000358 2.1185026169    0.400 -1.773  3.5225  4.855    0  0.000  0.545     0.00     0.00     0.00     0.00     0.00 -1 -1.25e-15      0.00 7.091e-01 2.756e-01 2.746e-03 7.408e-04 6.719e-03 -1.000 1.527e-02 9.203 10.067 11.412 11.458 8.959
0.0152 0.01508 9.50000 0.4500000477 2.1822810173    0.450 -1.624  3.5345  4.805    1  0.000  0.545     0.00     0.00     0.00     0.00     0.00 -1 -1.76e-15      0.00 7.092e-01 2.755e-01 2.746e-03 7.408e-04 6.719e-03 -1.000 1.527e-02 8.830 9.612 10.866 10.913 8.538
0.0152 0.01508 9.50000 0.5000000000 2.2374541759    0.500 -1.469  3.5492  4.755    1  0.000  0.545     0.00     0.00     0.00     0.00     0.00 -1 -2.53e-15      0.00 7.092e-01 2.755e-01 2.746e-03 7.408e-04 6.719e-03 -1.000 1.527e-02 8.443 9.133 10.289 10.335 8.099
0.0152 0.01508 9.50000 0.5500000119 2.2836582661    0.550 -1.305  3.5680  4.707    1  0.000  0.545     0.00     0.00     0.00     0.00     0.00 -1 -3.72e-15      0.00 7.167e-01 2.685e-01 2.679e-03 7.229e-04 6.557e-03 -1.000 1.489e-02 8.032 8.606 9.646 9.693 7.625
0.0152 0.01508 9.50000 0.6000000238 2.3211214542    0.600 -1.141  3.5913  4.674    1  0.000  0.545     0.00     0.00     0.00     0.00     0.00 -1  -5.4e-15      0.00 7.178e-01 2.674e-01 2.670e-03 7.204e-04 6.535e-03 -1.000 1.485e-02 7.621 8.063 8.978 9.026 7.147
0.0152 0.01508 9.50000 0.6499999762 2.3520355225    0.650 -0.975  3.6191  4.655    1  0.000  0.545     0.00     0.00     0.00     0.00     0.00 -1 -7.76e-15      0.00 7.188e-01 2.663e-01 2.661e-03 7.180e-04 6.513e-03 -1.000 1.483e-02 7.208 7.514 8.307 8.355 6.670
0.0152 0.01508 9.50000 0.7000000477 2.3779268265    0.700 -0.817  3.6479  4.643    1  0.000  0.545     0.00     0.00     0.00     0.00     0.00 -1 -1.09e-14      0.00 7.199e-01 2.654e-01 2.653e-03 7.159e-04 6.494e-03 -1.000 1.472e-02 6.811 6.977 7.642 7.690 6.214
0.0152 0.01508 9.50000 0.7186380625 2.3865246773    0.719 -0.759  3.6589  4.641    1  0.000  0.542     0.00     0.00     0.00     0.00     0.00 -1 -1.23e-14      0.00 7.203e-01 2.650e-01 2.636e-03 7.145e-04 6.486e-03 -1.000 1.470e-02 6.667 6.780 7.400 7.447 6.050
0.0152 0.01508 9.50000 0.7500000000 2.3998889923    0.750 -0.664  3.6766  4.636    1  0.000  0.537     0.00     0.00     0.00     0.00     0.00 -1 -1.51e-14      0.00 7.209e-01 2.644e-01 2.609e-03 7.127e-04 6.475e-03 -1.000 1.473e-02 6.431 6.472 7.028 7.073 5.790
0.0152 0.01508 9.50000 0.7804655433 2.4116957188    0.780 -0.580  3.6897  4.621    1  0.000  0.537     0.00     0.00     0.00     0.00     0.00 -1 -1.83e-14      0.00 7.219e-01 2.635e-01 2.601e-03 7.105e-04 6.456e-03 -1.000 1.468e-02 6.219 6.216 6.731 6.774 5.567
0.0152 0.01508 9.50000 0.8000000119 2.4187245369    0.800 -0.526  3.6978  4.611    1  0.000  0.537     0.00     0.00     0.00     0.00     0.00 -1 -2.07e-14      0.00 7.225e-01 2.629e-01 2.596e-03 7.092e-04 6.444e-03 -1.000 1.464e-02 6.086 6.059 6.550 6.592 5.431
0.0152 0.01508 9.50000 0.8500000238 2.4350347519    0.850 -0.393  3.7177  4.583    1  0.000  0.537     0.00     0.00     0.00     0.00     0.00 -1 -2.81e-14      0.00 7.243e-01 2.612e-01 2.582e-03 7.053e-04 6.408e-03 -1.000 1.455e-02 5.754 5.679 6.117 6.155 5.096
0.0152 0.01508 9.50000 0.8726195693 2.4417111874    0.872 -0.335  3.7259  4.569    1  0.000  0.537     0.00     0.00     0.00     0.00     0.00 -1 -3.22e-14      0.00 7.253e-01 2.602e-01 2.573e-03 7.030e-04 6.388e-03 -1.000 1.450e-02 5.607 5.516 5.935 5.972 4.952
0.0152 0.01508 9.50000 0.9000000358 2.4492788315    0.899 -0.265  3.7356  4.552    1  0.000  0.537     0.00     0.00     0.00     0.00     0.00 -1  -3.8e-14      0.00 7.265e-01 2.590e-01 2.563e-03 7.002e-04 6.363e-03 -1.000 1.444e-02 5.433 5.326 5.722 5.758 4.783
0.0152 0.01508 9.50000 0.9099606872 2.4519021511    0.909 -0.240  3.7388  4.544    1  0.000  0.537     0.00     0.00     0.00     0.00     0.00 -1 -4.04e-14      0.00 7.271e-01 2.585e-01 2.558e-03 6.990e-04 6.352e-03 -1.000 1.442e-02 5.370 5.258 5.646 5.681 4.722
0.0152 0.01508 9.50000 0.9380085468 2.4589462280    0.937 -0.170  3.7478  4.523    1  0.000  0.537     0.00     0.00     0.00     0.00     0.00 -1 -4.79e-14      0.00 7.287e-01 2.569e-01 2.544e-03 6.953e-04 6.319e-03 -1.000 1.438e-02 5.195 5.072 5.439 5.471 4.558
0.0152 0.01508 9.50000 0.9500000477 2.4618122578    0.949 -0.140  3.7515  4.514    1  0.000  0.537     0.00     0.00     0.00     0.00     0.00 -1 -5.16e-14      0.00 7.295e-01 2.562e-01 2.539e-03 6.937e-04 6.305e-03 -1.000 1.434e-02 5.121 4.995 5.353 5.384 4.489
0.0152 0.01508 9.50000 0.9646655321 2.4652063847    0.964 -0.104  3.7558  4.501    1  0.000  0.537     0.00     0.00     0.00     0.00     0.00 -1 -5.64e-14      0.00 7.306e-01 2.551e-01 2.529e-03 6.912e-04 6.282e-03 -1.000 1.429e-02 5.030 4.901 5.249 5.280 4.404
0.0152 0.01508 9.50000 0.9889397025 2.4705705643    0.989 -0.045  3.7626  4.480    1  0.000  0.537     0.00     0.00     0.00     0.00     0.00 -1 -6.55e-14      0.00 7.326e-01 2.532e-01 2.512e-03 6.867e-04 6.242e-03 -1.000 1.421e-02 4.881 4.747 5.080 5.109 4.266
0.0152 0.01508 9.50000 1.0000000000 2.4729156494    1.000 -0.018  3.7656  4.470    1  0.000  0.537     0.00     0.00     0.00     0.00     0.00 -1 -7.02e-14      0.00 7.336e-01 2.522e-01 2.504e-03 6.846e-04 6.223e-03 -1.000 1.417e-02 4.814 4.678 5.005 5.032 4.205
0.0152 0.01508 9.50000 1.0154508352 2.4760932922    1.015  0.020  3.7695  4.455    1  0.000  0.536     0.00     0.00     0.00     0.00     0.00 -1 -7.55e-14      0.00 7.354e-01 2.505e-01 2.490e-03 6.807e-04 6.188e-03 -1.000 1.410e-02 4.720 4.582 4.900 4.927 4.118
0.0152 0.01508 9.50000 1.0390102863 2.4807302952    1.038  0.077  3.7752  4.430    1  0.000  0.536     0.00     0.00     0.00     0.00     0.00 -1 -8.45e-14      0.00 7.383e-01 2.477e-01 2.466e-03 6.742e-04 6.130e-03 -1.000 1.398e-02 4.578 4.438 4.742 4.767 3.987
0.0152 0.01508 9.50000 1.0499999523 2.4828116894    1.049  0.103  3.7778  4.419    1  0.000  0.536     0.00     0.00     0.00     0.00     0.00 -1 -8.91e-14      0.00 7.397e-01 2.463e-01 2.454e-03 6.710e-04 6.101e-03 -1.000 1.393e-02 4.511 4.371 4.669 4.694 3.927
0.0152 0.01508 9.50000 1.0657873154 2.4857153893    1.065  0.141  3.7813  4.401    1  0.000  0.536     0.00     0.00     0.00     0.00     0.00 -1  -9.6e-14      0.00 7.426e-01 2.436e-01 2.430e-03 6.646e-04 6.044e-03 -1.000 1.380e-02 4.417 4.275 4.566 4.590 3.839
0.0152 0.01508 9.50000 1.0868028402 2.4894304276    1.086  0.191  3.7856  4.377    1  0.000  0.536     0.00     0.00     0.00     0.00     0.00 -1 -1.06e-13      0.00 7.468e-01 2.396e-01 2.396e-03 6.554e-04 5.961e-03 -1.000 1.355e-02 4.292 4.150 4.431 4.454 3.724
0.0152 0.01508 9.50000 1.1000000238 2.4916803837    1.099  0.223  3.7882  4.361    1  0.000  0.536     0.00     0.00     0.00     0.00     0.00 -1 -1.13e-13      0.00 7.496e-01 2.369e-01 2.373e-03 6.493e-04 5.906e-03 -1.000 1.343e-02 4.213 4.071 4.348 4.370 3.652
0.0152 0.01508 9.50000 1.1101095676 2.4933621883    1.109  0.246  3.7901  4.349    1  0.000  0.536     0.00     0.00     0.00     0.00     0.00 -1 -1.18e-13      0.00 7.512e-01 2.354e-01 2.362e-03 6.464e-04 5.881e-03 -1.000 1.338e-02 4.154 4.012 4.284 4.306 3.597
0.0152 0.01508 9.50000 1.1287184954 2.4963676929    1.128  0.290  3.7934  4.326    1  0.000  0.535     0.00     0.00     0.00     0.00     0.00 -1 -1.29e-13      0.00 7.540e-01 2.328e-01 2.344e-03 6.416e-04 5.839e-03 -1.000 1.328e-02 4.045 3.903 4.168 4.189 3.497
0.0152 0.01508 9.50000 1.1460441351 2.4990651608    1.145  0.330  3.7962  4.304    1  0.000  0.535     0.00     0.00     0.00     0.00     0.00 -1  -1.4e-13      0.00 7.563e-01 2.305e-01 2.330e-03 6.380e-04 5.808e-03 -1.000 1.322e-02 3.946 3.804 4.063 4.084 3.404
0.0152 0.01508 9.50000 1.1499999762 2.4996678829    1.149  0.339  3.7968  4.299    1  0.000  0.535     0.00     0.00     0.00     0.00     0.00 -1 -1.42e-13      0.00 7.568e-01 2.300e-01 2.328e-03 6.373e-04 5.802e-03 -1.000 1.322e-02 3.923 3.782 4.040 4.060 3.383
0.0152 0.01508 9.50000 1.1542226076 2.5003061295    1.153  0.348  3.7974  4.293    1  0.000  0.535     0.00     0.00     0.00     0.00     0.00 -1 -1.45e-13      0.00 7.567e-01 2.301e-01 2.330e-03 6.379e-04 5.807e-03 -1.000 1.325e-02 3.900 3.758 4.015 4.035 3.361
0.0152 0.01508 9.50000 1.1746391058 2.5033178329    1.174  0.391  3.7997  4.267    1  0.000  0.535     0.00     0.00     0.00     0.00     0.00 -1 -1.57e-13      0.00 7.563e-01 2.304e-01 2.340e-03 6.411e-04 5.836e-03 -1.000 1.330e-02 3.792 3.650 3.902 3.922 3.259
0.0152 0.01508 9.50000 1.1923197508 2.5058300495    1.191  0.426  3.8008  4.243    1  0.000  0.534     0.00     0.00     0.00     0.00     0.00 -1 -1.68e-13      0.00 7.557e-01 2.309e-01 2.351e-03 6.442e-04 5.865e-03 -1.000 1.338e-02 3.704 3.563 3.812 3.832 3.174
0.0152 0.01508 9.50000 1.2000000477 2.5068950653    1.199  0.440  3.8009  4.232    1  0.000  0.534     0.00     0.00     0.00     0.00     0.00 -1 -1.73e-13      0.00 7.555e-01 2.311e-01 2.356e-03 6.456e-04 5.878e-03 -1.000 1.342e-02 3.669 3.527 3.776 3.796 3.139
0.0152 0.01508 9.50000 1.2497310638 2.5134274960    1.249  0.529  3.8006  4.160    1  0.000  0.534     0.00     0.00     0.00     0.00     0.00 -1 -2.03e-13      0.00 7.553e-01 2.313e-01 2.361e-03 6.464e-04 5.896e-03 -1.000 1.343e-02 3.449 3.306 3.555 3.575 2.918
0.0152 0.01508 9.50000 1.2500000000 2.5134611130    1.249  0.529  3.8006  4.160    1  0.000  0.534     0.00     0.00     0.00     0.00     0.00 -1 -2.03e-13      0.00 7.553e-01 2.313e-01 2.361e-03 6.464e-04 5.896e-03 -1.000 1.343e-02 3.447 3.305 3.554 3.574 2.917
0.0152 0.01508 9.50000 1.2808021307 2.5172140598    1.280  0.582  3.7989  4.111    1  0.000  0.533     0.00     0.00     0.00     0.00     0.00 -1 -2.23e-13      0.00 7.552e-01 2.314e-01 2.362e-03 6.455e-04 5.907e-03 -1.000 1.342e-02 3.315 3.171 3.424 3.444 2.780
0.0152 0.01508 9.50000 1.2999999523 2.5194499493    1.299  0.615  3.7974  4.079    1  0.000  0.533     0.00     0.00     0.00     0.00     0.00 -1 -2.37e-13      0.00 7.551e-01 2.315e-01 2.364e-03 6.451e-04 5.914e-03 -1.000 1.343e-02 3.234 3.090 3.345 3.365 2.695
0.0152 0.01508 9.50000 1.3116664886 2.5207719803    1.311  0.635  3.7961  4.057    1  0.000  0.533     0.00     0.00     0.00     0.00     0.00 -1 -2.45e-13      0.00 7.545e-01 2.320e-01 2.369e-03 6.454e-04 5.928e-03 -1.000 1.346e-02 3.183 3.040 3.297 3.318 2.642
0.0152 0.01508 9.50000 1.3384060860 2.5237023830    1.338  0.681  3.7926  4.006    1  0.000  0.532     0.00     0.00     0.00     0.00     0.00 -1 -2.67e-13      0.00 7.533e-01 2.332e-01 2.379e-03 6.468e-04 5.960e-03 -1.000 1.351e-02 3.068 2.924 3.189 3.210 2.519
0.0152 0.01508 9.50000 1.3500001431 2.5249314308    1.350  0.701  3.7908  3.983    1  0.000  0.532     0.00     0.00     0.00     0.00     0.00 -1 -2.77e-13      0.00 7.527e-01 2.337e-01 2.384e-03 6.474e-04 5.975e-03 -1.000 1.354e-02 3.019 2.874 3.142 3.164 2.465
0.0152 0.01508 9.50000 1.3520939350 2.5251507759    1.352  0.704  3.7905  3.979    1  0.000  0.532     0.00     0.00     0.00     0.00     0.00 -1 -2.79e-13      0.00 7.527e-01 2.338e-01 2.384e-03 6.475e-04 5.975e-03 -1.000 1.355e-02 3.009 2.865 3.133 3.155 2.454
0.0152 0.01508 9.50000 1.3778662682 2.5277886391    1.377  0.753  3.7865  3.922    1  0.000  0.533     0.00     0.00     0.00     0.00     0.00 -1 -3.05e-13      0.00 7.518e-01 2.346e-01 2.391e-03 6.492e-04 5.983e-03 -1.000 1.360e-02 2.887 2.742 3.019 3.041 2.323
0.0152 0.01508 9.50000 1.3798614740 2.5279881954    1.379  0.757  3.7862  3.917    1  0.000  0.533     0.00     0.00     0.00     0.00     0.00 -1 -3.07e-13      0.00 7.517e-01 2.347e-01 2.391e-03 6.494e-04 5.984e-03 -1.000 1.360e-02 2.876 2.732 3.009 3.032 2.312
0.0152 0.01508 9.50000 1.3892713785 2.5289201736    1.389  0.794  3.7882  3.891    1  0.000  0.533     0.00     0.00     0.00     0.00     0.00 -1 -3.33e-13      0.00 7.514e-01 2.350e-01 2.394e-03 6.502e-04 5.987e-03 -1.000 1.362e-02 2.785 2.640 2.913 2.935 2.225
0.0152 0.01508 9.50000 1.3951561451 2.5294957161    1.395  0.835  3.7928  3.870    1  0.000  0.533     0.00     0.00     0.00     0.00     0.00 -1 -3.67e-13      0.00 7.511e-01 2.352e-01 2.396e-03 6.508e-04 5.991e-03 -1.000 1.363e-02 2.682 2.536 2.799 2.820 2.132
0.0152 0.01508 9.50000 1.3967695236 2.5296523571    1.396  0.871  3.7979  3.855    1  0.000  0.533     0.00     0.00     0.00     0.00     0.00 -1 -4.03e-13      0.00 7.510e-01 2.353e-01 2.397e-03 6.510e-04 5.992e-03 -1.000 1.363e-02 2.591 2.445 2.697 2.717 2.053
0.0152 0.01508 9.50000 1.3974484205 2.5297183990    1.397  0.908  3.8027  3.838    1  0.000  0.533     0.00     0.00     0.00     0.00     0.00 -1 -4.46e-13      0.00 7.510e-01 2.354e-01 2.397e-03 6.511e-04 5.993e-03 -1.000 1.364e-02 2.500 2.353 2.595 2.615 1.973
0.0152 0.01508 9.50000 1.3977357149 2.5297460556    1.397  0.929  3.8051  3.827    1  0.000  0.533     0.00     0.00     0.00     0.00     0.00 -1 -4.74e-13      0.00 7.510e-01 2.354e-01 2.397e-03 6.512e-04 5.993e-03 -1.000 1.364e-02 2.447 2.300 2.538 2.557 1.927
0.0152 0.01508 9.50000 1.3979142904 2.5297634602    1.398  0.908  3.8024  3.837    2  0.000  0.533     0.00     0.00     0.00     0.00     0.00 -1  -4.5e-13      0.00 7.510e-01 2.354e-01 2.397e-03 6.512e-04 5.993e-03 -1.000 1.364e-02 2.499 2.352 2.596 2.615 1.972
0.0152 0.01508 9.50000 1.3986485004 2.5298345089    1.398  0.910  3.7926  3.797    2  0.000  0.533     0.00     0.00     0.00     0.00     0.00 -1 -4.69e-13      0.00 7.509e-01 2.355e-01 2.398e-03 6.513e-04 5.994e-03 -1.000 1.364e-02 2.496 2.349 2.612 2.633 1.946
0.0152 0.01508 9.50000 1.4000000954 2.5299651623    1.400  0.912  3.7879  3.776    2  0.000  0.534     0.00     0.00     0.00     0.00     0.00 -1 -4.81e-13      0.00 7.501e-01 2.363e-01 2.403e-03 6.529e-04 6.007e-03 -1.000 1.367e-02 2.491 2.345 2.617 2.639 1.930
0.0152 0.01508 9.50000 1.4026832581 2.5302236080    1.402  0.915  3.7781  3.734    2  0.000  0.534     0.00     0.00     0.00     0.00     0.00 -1 -5.03e-13      0.00 7.480e-01 2.382e-01 2.417e-03 6.567e-04 6.039e-03 -1.000 1.373e-02 2.482 2.338 2.631 2.656 1.901
0.0152 0.01508 9.50000 1.4069489241 2.5306322575    1.407  0.901  3.7660  3.701    2  0.000  0.535     0.00     0.00     0.00     0.00     0.00 -1 -4.99e-13      0.00 7.364e-01 2.494e-01 2.503e-03 6.797e-04 6.241e-03 -1.000 1.418e-02 2.518 2.381 2.701 2.728 1.915
0.0152 0.01508 9.50000 1.4093674421 2.5308625698    1.409  0.879  3.7565  3.687    2  0.000  0.535     0.00     0.00     0.00     0.00     0.00 -1 -4.78e-13      0.00 7.291e-01 2.564e-01 2.560e-03 6.950e-04 6.377e-03 -1.000 1.450e-02 2.574 2.446 2.785 2.814 1.958
0.0152 0.01508 9.50000 1.4109661579 2.5310144424    1.411  0.855  3.7488  3.679    2  0.000  0.536     0.00     0.00     0.00     0.00     0.00 -1 -4.55e-13      0.00 7.248e-01 2.606e-01 2.594e-03 7.042e-04 6.458e-03 -1.000 1.464e-02 2.632 2.512 2.869 2.899 2.007
0.0152 0.01508 9.50000 1.4123872519 2.5311491489    1.412  0.829  3.7408  3.674    2  0.000  0.536     0.00     0.00     0.00     0.00     0.00 -1 -4.28e-13      0.00 7.216e-01 2.636e-01 2.619e-03 7.109e-04 6.517e-03 -1.000 1.479e-02 2.698 2.588 2.962 2.994 2.065
0.0152 0.01508 9.50000 1.4137206078 2.5312750340    1.413  0.806  3.7330  3.666    2  0.000  0.536     0.00     0.00     0.00     0.00     0.00 -1 -4.08e-13      0.00 7.192e-01 2.659e-01 2.637e-03 7.157e-04 6.558e-03 -1.000 1.490e-02 2.755 2.656 3.047 3.081 2.117
0.0152 0.01508 9.50000 1.4150158167 2.5313971043    1.415  0.789  3.7254  3.653    2  0.000  0.536     0.00     0.00     0.00     0.00     0.00 -1 -3.95e-13      0.00 7.172e-01 2.678e-01 2.650e-03 7.194e-04 6.590e-03 -1.000 1.497e-02 2.798 2.713 3.120 3.155 2.158
0.0152 0.01508 9.50000 1.4165865183 2.5315449238    1.416  0.791  3.7177  3.621    2  0.000  0.535     0.00     0.00     0.00     0.00     0.00 -1 -4.08e-13      0.00 7.150e-01 2.699e-01 2.657e-03 7.241e-04 6.616e-03 -1.000 1.502e-02 2.792 2.723 3.147 3.183 2.152
0.0152 0.01508 9.50000 1.4187006950 2.5317432880    1.418  0.816  3.7091  3.563    2  0.000  0.532     0.00     0.00     0.00     0.00     0.00 -1 -4.56e-13      0.00 7.119e-01 2.730e-01 2.651e-03 7.338e-04 6.646e-03 -1.000 1.509e-02 2.731 2.680 3.123 3.161 2.091
0.0152 0.01508 9.50000 1.4189950228 2.5317709446    1.419  0.821  3.7081  3.553    2  0.000  0.531     0.00     0.00     0.00     0.00     0.00 -1 -4.67e-13      0.00 7.114e-01 2.735e-01 2.646e-03 7.366e-04 6.649e-03 -1.000 1.509e-02 2.717 2.668 3.114 3.152 2.077
0.0152 0.01508 9.50000 1.4205006361 2.5319116116    1.420  0.864  3.7045  3.496    3  0.000  0.494     0.00     0.00     0.00     0.00     0.00 -1 -5.44e-13      0.00 7.080e-01 2.768e-01 2.473e-03 9.140e-04 6.662e-03 -1.000 1.514e-02 2.610 2.571 3.025 3.063 1.972
0.0152 0.01508 9.50000 1.4219478369 2.5320465565    1.422  0.910  3.7016  3.439    3  0.000  0.452     0.00     0.00     0.00     0.00     0.00 -1 -6.42e-13      0.00 7.044e-01 2.804e-01 2.265e-03 1.162e-03 6.672e-03 -1.000 1.520e-02 2.495 2.463 2.924 2.963 1.858
0.0152 0.01508 9.50000 1.4234309196 2.5321846008    1.423  0.960  3.6991  3.379    3  0.000  0.421     0.00     0.00     0.00     0.00     0.00 -1 -7.67e-13      0.00 7.007e-01 2.841e-01 2.111e-03 1.355e-03 6.680e-03 -1.000 1.525e-02 2.369 2.343 2.810 2.850 1.732
0.0152 0.01508 9.50000 1.4251536131 2.5323443413    1.425  1.022  3.6965  3.308    3  0.000  0.401     0.00     0.00     0.00     0.00     0.00 -1 -9.52e-13      0.00 6.971e-01 2.876e-01 2.012e-03 1.481e-03 6.686e-03 -1.000 1.528e-02 2.216 2.197 2.671 2.711 1.581
0.0152 0.01508 9.50000 1.4269256592 2.5325083733    1.426  1.087  3.6938  3.233    3  0.000  0.390     0.00     0.00     0.00     0.00     0.00 -1  -1.2e-12      0.00 6.946e-01 2.901e-01 1.959e-03 1.550e-03 6.692e-03 -1.000 1.532e-02 2.053 2.042 2.523 2.564 1.420
0.0152 0.01508 9.50000 1.4286056757 2.5326633453    1.428  1.151  3.6911  3.158    3  0.000  0.384     0.00     0.00     0.00     0.00     0.00 -1  -1.5e-12      0.00 6.928e-01 2.919e-01 1.930e-03 1.591e-03 6.698e-03 -1.000 1.535e-02 1.893 1.890 2.378 2.419 1.261
0.0152 0.01508 9.50000 1.4300591946 2.5327973366    1.430  1.207  3.6885  3.092    3  0.000  0.381     0.00     0.00     0.00     0.00     0.00 -1 -1.84e-12      0.00 6.918e-01 2.929e-01 1.915e-03 1.613e-03 6.703e-03 -1.000 1.535e-02 1.751 1.755 2.250 2.291 1.121
0.0152 0.01508 9.50000 1.4313209057 2.5329132080    1.431  1.259  3.6862  3.032    3  0.000  0.379     0.00     0.00     0.00     0.00     0.00 -1  -2.2e-12      0.00 6.911e-01 2.935e-01 1.907e-03 1.627e-03 6.704e-03 -1.000 1.535e-02 1.624 1.635 2.136 2.178 0.995
0.0152 0.01508 9.50000 1.4325313568 2.5330240726    1.432  1.307  3.6838  2.974    3  0.000  0.378     0.00     0.00     0.00     0.00     0.00 -1 -2.62e-12      0.00 6.907e-01 2.940e-01 1.901e-03 1.635e-03 6.703e-03 -1.000 1.534e-02 1.501 1.520 2.027 2.069 0.875
0.0152 0.01508 9.50000 1.4336814880 2.5331292152    1.433  1.355  3.6815  2.917    3  0.000  0.378     0.00     0.00     0.00     0.00     0.00 -1 -3.11e-12      0.00 6.905e-01 2.942e-01 1.899e-03 1.640e-03 6.702e-03 -1.000 1.536e-02 1.382 1.407 1.921 1.963 0.757
0.0152 0.01508 9.50000 1.4347096682 2.5332231522    1.434  1.401  3.6792  2.863    3  0.000  0.377     0.00     0.00     0.00     0.00     0.00 -1 -3.66e-12      0.00 6.903e-01 2.943e-01 1.897e-03 1.643e-03 6.702e-03 -1.000 1.536e-02 1.268 1.301 1.821 1.864 0.647
0.0152 0.01508 9.50000 1.4355632067 2.5333011150    1.435  1.441  3.6771  2.814    3  0.000  0.377     0.00     0.00     0.00     0.00     0.00 -1 -4.24e-12      0.00 6.903e-01 2.944e-01 1.896e-03 1.645e-03 6.701e-03 -1.000 1.535e-02 1.167 1.208 1.733 1.776 0.548
0.0152 0.01508 9.50000 1.4363402128 2.5333719254    1.436  1.479  3.6751  2.769    3  0.000  0.377     0.00     0.00     0.00     0.00     0.00 -1 -4.85e-12      0.00 6.902e-01 2.944e-01 1.895e-03 1.646e-03 6.701e-03 -1.000 1.536e-02 1.073 1.120 1.651 1.694 0.457
0.0152 0.01508 9.50000 1.4370543957 2.5334367752    1.436  1.513  3.6733  2.727    3  0.000  0.377     0.00     0.00     0.00     0.00     0.00 -1  -5.5e-12      0.00 6.902e-01 2.945e-01 1.895e-03 1.647e-03 6.701e-03 -1.000 1.536e-02 0.987 1.041 1.577 1.620 0.373
0.0152 0.01508 9.50000 1.4376769066 2.5334932804    1.437  1.542  3.6717  2.692    3  0.000  0.377     0.00     0.00     0.00     0.00     0.00 -1 -6.11e-12      0.00 6.902e-01 2.945e-01 1.894e-03 1.648e-03 6.701e-03 -1.000 1.536e-02 0.914 0.973 1.514 1.557 0.302
0.0152 0.01508 9.50000 1.4382541180 2.5335457325    1.438  1.568  3.6703  2.660    3  0.000  0.377     0.00     0.00     0.00     0.00     0.00 -1 -6.71e-12      0.00 6.901e-01 2.945e-01 1.894e-03 1.649e-03 6.701e-03 -1.000 1.536e-02 0.849 0.913 1.457 1.501 0.239
0.0152 0.01508 9.50000 1.4388369322 2.5335986614    1.438  1.589  3.6692  2.636    3  0.000  0.377     0.00     0.00     0.00     0.00     0.00 -1 -7.23e-12      0.00 6.901e-01 2.945e-01 1.893e-03 1.650e-03 6.701e-03 -1.000 1.536e-02 0.798 0.866 1.413 1.457 0.189
0.0152 0.01508 9.50000 1.4395217896 2.5336606503    1.439  1.611  3.6679  2.608    3  0.000  0.377     0.00     0.00     0.00     0.00     0.00 -1 -7.86e-12      0.00 6.901e-01 2.946e-01 1.893e-03 1.651e-03 6.700e-03 -1.000 1.536e-02 0.742 0.814 1.365 1.409 0.135
0.0152 0.01508 9.50000 1.4397270679 2.5336792469    1.439  1.617  3.6676  2.601    3  0.000  0.376     0.00     0.00     0.00     0.00     0.00 -1 -8.04e-12      0.00 6.901e-01 2.946e-01 1.893e-03 1.652e-03 6.700e-03 -1.000 1.536e-02 0.727 0.801 1.352 1.396 0.120
0.0152 0.01508 9.50000 1.4401544333 2.5337178707    1.439  1.608  3.6683  2.614    3  0.000  0.376     0.00     0.00     0.00     0.00     0.00 -1 -7.79e-12      0.00 6.901e-01 2.946e-01 1.892e-03 1.652e-03 6.700e-03 -1.000 1.536e-02 0.751 0.822 1.372 1.416 0.143
0.0152 0.01508 9.50000 1.4406104088 2.5337591171    1.440  1.581  3.6701  2.648    3  0.000  0.376     0.00     0.00     0.00     0.00     0.00 -1 -7.07e-12      0.00 6.900e-01 2.946e-01 1.892e-03 1.653e-03 6.700e-03 -1.000 1.536e-02 0.818 0.882 1.427 1.470 0.208
0.0152 0.01508 9.50000 1.4409056902 2.5337858200    1.440  1.558  3.6716  2.677    3  0.000  0.376     0.00     0.00     0.00     0.00     0.00 -1 -6.49e-12      0.00 6.900e-01 2.946e-01 1.892e-03 1.654e-03 6.700e-03 -1.000 1.536e-02 0.875 0.935 1.475 1.518 0.263
0.0152 0.01508 9.50000 1.4411799908 2.5338106155    1.440  1.530  3.6734  2.712    3  0.000  0.376     0.00     0.00     0.00     0.00     0.00 -1 -5.86e-12      0.00 6.900e-01 2.946e-01 1.891e-03 1.654e-03 6.700e-03 -1.000 1.536e-02 0.944 0.997 1.533 1.576 0.330
0.0152 0.01508 9.50000 1.4414546490 2.5338354111    1.441  1.502  3.6751  2.746    3  0.000  0.376     0.00     0.00     0.00     0.00     0.00 -1 -5.26e-12      0.00 6.900e-01 2.946e-01 1.891e-03 1.654e-03 6.700e-03 -1.000 1.536e-02 1.014 1.061 1.592 1.635 0.397
0.0152 0.01508 9.50000 1.4415609837 2.5338449478    1.441  1.492  3.6757  2.759    3  0.000  0.376     0.00     0.00     0.00     0.00     0.00 -1 -5.05e-12      0.00 6.900e-01 2.946e-01 1.891e-03 1.655e-03 6.700e-03 -1.000 1.536e-02 1.039 1.084 1.613 1.656 0.422
0.0152 0.01508 9.50000 1.4416896105 2.5338566303    1.441  1.501  3.6753  2.749    3  0.000  0.376     0.00     0.00     0.00     0.00     0.00 -1 -5.17e-12      0.00 6.900e-01 2.946e-01 1.891e-03 1.655e-03 6.700e-03 -1.000 1.536e-02 1.018 1.065 1.596 1.639 0.402
0.0152 0.01508 9.50000 1.4424155951 2.5339221954    1.442  1.547  3.6726  2.692    3  0.000  0.376     0.00     0.00     0.00     0.00     0.00 -1 -6.08e-12      0.00 6.900e-01 2.947e-01 1.890e-03 1.656e-03 6.700e-03 -1.000 1.536e-02 0.902 0.957 1.495 1.538 0.288
0.0152 0.01508 9.50000 1.4431849718 2.5339915752    1.442  1.594  3.6699  2.635    3  0.000  0.376     0.00     0.00     0.00     0.00     0.00 -1  -7.2e-12      0.00 6.899e-01 2.947e-01 1.890e-03 1.657e-03 6.700e-03 -1.000 1.536e-02 0.785 0.850 1.395 1.439 0.175
0.0152 0.01508 9.50000 1.4439191818 2.5340576172    1.443  1.640  3.6672  2.579    3  0.000  0.376     0.00     0.00     0.00     0.00     0.00 -1 -8.51e-12      0.00 6.899e-01 2.947e-01 1.889e-03 1.658e-03 6.700e-03 -1.000 1.536e-02 0.671 0.746 1.299 1.343 0.065
0.0152 0.01508 9.50000 1.4446357489 2.5341219902    1.444  1.686  3.6645  2.521    3  0.000  0.376     0.00     0.00     0.00     0.00     0.00 -1 -1.01e-11      0.00 6.899e-01 2.948e-01 1.888e-03 1.659e-03 6.700e-03 -1.000 1.536e-02 0.555 0.641 1.201 1.246 -0.047
0.0152 0.01508 9.50000 1.4452883005 2.5341804028    1.444  1.731  3.6617  2.466    3  0.000  0.376     0.00     0.00     0.00     0.00     0.00 -1 -1.19e-11      0.00 6.898e-01 2.948e-01 1.888e-03 1.660e-03 6.700e-03 -1.000 1.537e-02 0.443 0.539 1.108 1.153 -0.155
0.0152 0.01508 9.50000 1.4458990097 2.5342352390    1.445  1.775  3.6590  2.411    3  0.000  0.376     0.00     0.00     0.00     0.00     0.00 -1  -1.4e-11      0.00 6.898e-01 2.948e-01 1.887e-03 1.661e-03 6.700e-03 -1.000 1.537e-02 0.332 0.439 1.017 1.062 -0.262
0.0152 0.01508 9.50000 1.4464687109 2.5342862606    1.445  1.819  3.6562  2.355    3  0.000  0.375     0.00     0.00     0.00     0.00     0.00 -1 -1.65e-11      0.00 6.898e-01 2.948e-01 1.887e-03 1.662e-03 6.700e-03 -1.000 1.537e-02 0.221 0.340 0.928 0.974 -0.369
0.0152 0.01508 9.50000 1.4470078945 2.5343346596    1.446  1.864  3.6534  2.300    3  0.000  0.375     0.00     0.00     0.00     0.00     0.00 -1 -1.95e-11      0.00 6.898e-01 2.949e-01 1.886e-03 1.663e-03 6.699e-03 -1.000 1.537e-02 0.110 0.240 0.838 0.884 -0.476
0.0152 0.01508 9.50000 1.4474976063 2.5343782902    1.446  1.907  3.6506  2.245    3  0.000  0.375     0.00     0.00     0.00     0.00     0.00 -1 -2.28e-11      0.00 6.897e-01 2.949e-01 1.886e-03 1.664e-03 6.699e-03 -1.000 1.537e-02 0.002 0.144 0.752 0.798 -0.579
0.0152 0.01508 9.50000 1.4479651451 2.5344202518    1.447  1.951  3.6477  2.190    3  0.000  0.375     0.00     0.00     0.00     0.00     0.00 -1 -2.69e-11      0.00 6.897e-01 2.949e-01 1.886e-03 1.665e-03 6.699e-03 -1.000 1.537e-02 -0.108 0.046 0.665 0.712 -0.684
0.0152 0.01508 9.50000 1.4483809471 2.5344572067    1.447  1.994  3.6449  2.136    3  0.000  0.375     0.00     0.00     0.00     0.00     0.00 -1 -3.15e-11      0.00 6.897e-01 2.949e-01 1.885e-03 1.665e-03 6.699e-03 -1.000 1.537e-02 -0.214 -0.046 0.583 0.630 -0.785
0.0152 0.01508 9.50000 1.4487770796 2.5344927311    1.447  2.037  3.6419  2.081    3  0.000  0.375     0.00     0.00     0.00     0.00     0.00 -1 -3.71e-11      0.00 6.897e-01 2.949e-01 1.885e-03 1.666e-03 6.699e-03 -1.000 1.537e-02 -0.323 -0.141 0.499 0.547 -0.887
0.0152 0.01508 9.50000 1.4491358995 2.5345246792    1.448  2.080  3.6390  2.027    3  0.000  0.375     0.00     0.00     0.00     0.00     0.00 -1 -4.34e-11      0.00 6.897e-01 2.950e-01 1.885e-03 1.666e-03 6.699e-03 -1.000 1.537e-02 -0.429 -0.233 0.419 0.467 -0.987
0.0152 0.01508 9.50000 1.4494646788 2.5345540047    1.448  2.121  3.6361  1.974    3  0.000  0.375     0.00     0.00     0.00     0.00     0.00 -1 -5.08e-11      0.00 6.897e-01 2.950e-01 1.884e-03 1.667e-03 6.699e-03 -1.000 1.537e-02 -0.533 -0.322 0.341 0.390 -1.084
0.0152 0.01508 9.50000 1.4497753382 2.5345816612    1.448  2.164  3.6331  1.920    3  0.000  0.375     0.00     0.00     0.00     0.00     0.00 -1 -5.96e-11      0.00 6.896e-01 2.950e-01 1.884e-03 1.667e-03 6.699e-03 -1.000 1.537e-02 -0.639 -0.413 0.260 0.309 -1.181
0.0152 0.01508 9.50000 1.4500000477 2.5346016884    1.448  2.197  3.6308  1.877    3  0.000  0.375     0.00     0.00     0.00     0.00     0.00 -1 -6.75e-11      0.00 6.896e-01 2.950e-01 1.884e-03 1.668e-03 6.699e-03 -1.000 1.537e-02 -0.722 -0.483 0.198 0.247 -1.257
0.0152 0.01508 9.50000 1.4500517845 2.5346062183    1.448  2.205  3.6302  1.867    3  0.000  0.375     0.00     0.00     0.00     0.00     0.00 -1 -6.96e-11      0.00 6.896e-01 2.950e-01 1.884e-03 1.668e-03 6.699e-03 -1.000 1.537e-02 -0.743 -0.501 0.182 0.231 -1.276
0.0152 0.01508 9.50000 1.4503011703 2.5346286297    1.448  2.248  3.6271  1.811    3  0.000  0.375     0.00     0.00     0.00     0.00     0.00 -1 -8.18e-11      0.00 6.896e-01 2.950e-01 1.884e-03 1.668e-03 6.699e-03 -1.000 1.537e-02 -0.850 -0.591 0.103 0.152 -1.373
0.0152 0.01508 9.50000 1.4505219460 2.5346481800    1.449  2.289  3.6241  1.758    3  0.000  0.375     0.00     0.00     0.00     0.00     0.00 -1 -9.56e-11      0.00 6.896e-01 2.950e-01 1.884e-03 1.668e-03 6.699e-03 -1.000 1.537e-02 -0.953 -0.677 0.027 0.077 -1.466
0.0152 0.01508 9.50000 1.4507304430 2.5346667767    1.449  2.331  3.6210  1.704    3  0.000  0.375     0.00     0.00     0.00     0.00     0.00 -1 -1.12e-10      0.00 6.896e-01 2.950e-01 1.884e-03 1.669e-03 6.699e-03 -1.000 1.537e-02 -1.057 -0.764 -0.050 -0.001 -1.560
0.0152 0.01508 9.50000 1.4509239197 2.5346839428    1.449  2.373  3.6180  1.650    3  0.000  0.375     0.00     0.00     0.00     0.00     0.00 -1 -1.31e-10      0.00 6.896e-01 2.950e-01 1.883e-03 1.669e-03 6.699e-03 -1.000 1.537e-02 -1.162 -0.850 -0.126 -0.077 -1.653
0.0152 0.01508 9.50000 1.4511023760 2.5346996784    1.449  2.414  3.6148  1.596    3  0.000  0.375     0.00     0.00     0.00     0.00     0.00 -1 -1.53e-10      0.00 6.896e-01 2.950e-01 1.883e-03 1.669e-03 6.699e-03 -1.000 1.537e-02 -1.265 -0.934 -0.200 -0.150 -1.744
0.0152 0.01508 9.50000 1.4512665272 2.5347144604    1.449  2.455  3.6117  1.543    3  0.000  0.375     0.00     0.00     0.00     0.00     0.00 -1 -1.79e-10      0.00 6.896e-01 2.950e-01 1.883e-03 1.669e-03 6.698e-03 -1.000 1.537e-02 -1.367 -1.017 -0.274 -0.224 -1.835
0.0152 0.01508 9.50000 1.4514158964 2.5347275734    1.449  2.495  3.6086  1.491    3  0.000  0.375     0.00     0.00     0.00     0.00     0.00 -1 -2.09e-10      0.00 6.896e-01 2.950e-01 1.883e-03 1.670e-03 6.698e-03 -1.000 1.537e-02 -1.467 -1.097 -0.343 -0.293 -1.922
0.0152 0.01508 9.50000 1.4515560865 2.5347402096    1.449  2.535  3.6055  1.438    3  0.000  0.375     0.00     0.00     0.00     0.00     0.00 -1 -2.43e-10      0.00 6.896e-01 2.950e-01 1.883e-03 1.670e-03 6.698e-03 -1.000 1.537e-02 -1.567 -1.175 -0.406 -0.356 -2.010
0.0152 0.01508 9.50000 1.4516876936 2.5347518921    1.448  2.575  3.6024  1.385    3  0.000  0.375     0.00     0.00     0.00     0.00     0.00 -1 -2.84e-10      0.00 6.896e-01 2.950e-01 1.883e-03 1.670e-03 6.698e-03 -1.000 1.537e-02 -1.668 -1.254 -0.469 -0.419 -2.099
0.0152 0.01508 9.50000 1.4518060684 2.5347623825    1.448  2.614  3.5992  1.334    3  0.000  0.375     0.00     0.00     0.00     0.00     0.00 -1 -3.29e-10      0.00 6.896e-01 2.950e-01 1.883e-03 1.670e-03 6.698e-03 -1.000 1.537e-02 -1.765 -1.328 -0.526 -0.476 -2.183
0.0152 0.01508 9.50000 1.4519176483 2.5347721577    1.448  2.653  3.5960  1.282    3  0.000  0.375     0.00     0.00     0.00     0.00     0.00 -1 -3.83e-10      0.00 6.896e-01 2.950e-01 1.883e-03 1.670e-03 6.698e-03 -1.000 1.537e-02 -1.862 -1.400 -0.579 -0.528 -2.266
0.0152 0.01508 9.50000 1.4520224333 2.5347814560    1.448  2.692  3.5929  1.230    3  0.000  0.375     0.00     0.00     0.00     0.00     0.00 -1 -4.44e-10      0.00 6.896e-01 2.950e-01 1.883e-03 1.670e-03 6.698e-03 -1.000 1.537e-02 -1.960 -1.472 -0.632 -0.582 -2.349
0.0152 0.01508 9.50000 1.4521169662 2.5347900391    1.448  2.729  3.5897  1.180    3  0.000  0.375     0.00     0.00     0.00     0.00     0.00 -1 -5.14e-10      0.00 6.896e-01 2.950e-01 1.883e-03 1.670e-03 6.698e-03 -1.000 1.537e-02 -2.053 -1.539 -0.680 -0.629 -2.428
0.0152 0.01508 9.50000 1.4522078037 2.5347979069    1.448  2.767  3.5864  1.129    3  0.000  0.375     0.00     0.00     0.00     0.00     0.00 -1 -5.95e-10      0.00 6.896e-01 2.950e-01 1.883e-03 1.670e-03 6.698e-03 -1.000 1.537e-02 -2.148 -1.603 -0.721 -0.670 -2.505
0.0152 0.01508 9.50000 1.4522927999 2.5348055363    1.447  2.805  3.5832  1.078    3  0.000  0.375     0.00     0.00     0.00     0.00     0.00 -1  -6.9e-10      0.00 6.896e-01 2.950e-01 1.883e-03 1.671e-03 6.698e-03 -1.000 1.537e-02 -2.243 -1.668 -0.763 -0.712 -2.583
0.0152 0.01508 9.50000 1.4523890018 2.5348141193    1.447  2.851  3.5791  1.016    3  0.000  0.375     0.00     0.00     0.00     0.00     0.00 -1 -8.23e-10      0.00 6.896e-01 2.950e-01 1.883e-03 1.671e-03 6.698e-03 -1.000 1.537e-02 -2.358 -1.743 -0.807 -0.756 -2.675
0.0152 0.01508 9.50000 1.4524767399 2.5348217487    1.447  2.896  3.5749  0.954    3  0.000  0.375     0.00     0.00     0.00     0.00     0.00 -1 -9.81e-10      0.00 6.896e-01 2.950e-01 1.883e-03 1.671e-03 6.698e-03 -1.000 1.537e-02 -2.470 -1.807 -0.829 -0.778 -2.759
0.0152 0.01508 9.50000 1.4525574446 2.5348289013    1.446  2.940  3.5707  0.893    3  0.000  0.375     0.00     0.00     0.00     0.00     0.00 -1 -1.17e-09      0.00 6.896e-01 2.950e-01 1.883e-03 1.671e-03 6.698e-03 -1.000 1.537e-02 -2.580 -1.869 -0.851 -0.800 -2.842
0.0152 0.01508 9.50000 1.4526319504 2.5348355770    1.446  2.983  3.5665  0.833    3  0.000  0.375     0.00     0.00     0.00     0.00     0.00 -1 -1.38e-09      0.00 6.896e-01 2.950e-01 1.883e-03 1.671e-03 6.698e-03 -1.000 1.537e-02 -2.688 -1.922 -0.851 -0.800 -2.917
0.0152 0.01508 9.50000 1.4527013302 2.5348417759    1.445  3.026  3.5624  0.773    3  0.000  0.375     0.00     0.00     0.00     0.00     0.00 -1 -1.64e-09      0.00 6.896e-01 2.950e-01 1.883e-03 1.671e-03 6.698e-03 -1.000 1.537e-02 -2.795 -1.972 -0.846 -0.796 -2.991
0.0152 0.01508 9.50000 1.4527653456 2.5348474979    1.444  3.068  3.5581  0.714    3  0.000  0.375     0.00     0.00     0.00     0.00     0.00 -1 -1.94e-09      0.00 6.896e-01 2.950e-01 1.883e-03 1.671e-03 6.698e-03 -1.000 1.537e-02 -2.900 -2.015 -0.826 -0.776 -3.059
0.0152 0.01508 9.50000 1.4528245926 2.5348527431    1.444  3.109  3.5539  0.655    3  0.000  0.375     0.00     0.00     0.00     0.00     0.00 -1 -2.29e-09      0.00 6.896e-01 2.950e-01 1.882e-03 1.671e-03 6.698e-03 -1.000 1.537e-02 -3.004 -2.051 -0.789 -0.739 -3.122
0.0152 0.01508 9.50000 1.4528790712 2.5348575115    1.443  3.150  3.5496  0.598    3  0.000  0.375     0.00     0.00     0.00     0.00     0.00 -1  -2.7e-09      0.00 6.896e-01 2.950e-01 1.882e-03 1.671e-03 6.698e-03 -1.000 1.537e-02 -3.105 -2.082 -0.745 -0.696 -3.180
0.0152 0.01508 9.50000 1.4529306889 2.5348620415    1.442  3.190  3.5452  0.539    3  0.000  0.375     0.00     0.00     0.00     0.00     0.00 -1 -3.18e-09      0.00 6.896e-01 2.951e-01 1.882e-03 1.671e-03 6.698e-03 -1.000 1.537e-02 -3.206 -2.101 -0.673 -0.624 -3.228
0.0152 0.01508 9.50000 1.4529786110 2.5348663330    1.441  3.230  3.5409  0.482    3  0.000  0.375     0.00     0.00     0.00     0.00     0.00 -1 -3.74e-09      0.00 6.896e-01 2.951e-01 1.882e-03 1.671e-03 6.698e-03 -1.000 1.537e-02 -3.305 -2.119 -0.596 -0.549 -3.274
0.0152 0.01508 9.50000 1.4530231953 2.5348703861    1.440  3.269  3.5365  0.426    3  0.000  0.375     0.00     0.00     0.00     0.00     0.00 -1 -4.38e-09      0.00 6.896e-01 2.951e-01 1.882e-03 1.671e-03 6.698e-03 -1.000 1.537e-02 -3.402 -2.122 -0.490 -0.443 -3.308
0.0152 0.01508 9.50000 1.4530655146 2.5348739624    1.438  3.307  3.5321  0.369    3  0.000  0.375     0.00     0.00     0.00     0.00     0.00 -1 -5.13e-09      0.00 6.896e-01 2.951e-01 1.882e-03 1.672e-03 6.698e-03 -1.000 1.537e-02 -3.498 -2.121 -0.376 -0.331 -3.337
0.0152 0.01508 9.50000 1.4531048536 2.5348775387    1.437  3.344  3.5278  0.315    3  0.000  0.375     0.00     0.00     0.00     0.00     0.00 -1 -5.98e-09      0.00 6.896e-01 2.951e-01 1.882e-03 1.672e-03 6.698e-03 -1.000 1.537e-02 -3.590 -2.110 -0.251 -0.207 -3.355
0.0152 0.01508 9.50000 1.4531455040 2.5348811150    1.435  3.380  3.5234  0.260    3  0.000  0.375     0.00     0.00     0.00     0.00     0.00 -1 -6.98e-09      0.00 6.896e-01 2.951e-01 1.882e-03 1.672e-03 6.698e-03 -1.000 1.537e-02 -3.681 -2.085 -0.100 -0.058 -3.359
0.0152 0.01508 9.50000 1.4531455040 2.5348811150    1.435  1.732  3.6763  2.519    4  0.000  0.377     0.00     0.00     0.00     0.00     0.00 -1    -1e-30      0.00 6.875e-01 2.971e-01 1.900e-03 1.655e-03 6.710e-03 -1.000 1.538e-02 0.439 0.482 1.008 1.051 -0.178
0.0152 0.01508 9.50000 1.4536608458 2.5349268913    1.436  1.747  3.6751  2.501    4  0.000  0.377     0.00     0.00     0.00     0.00     0.00 -1    -1e-30      0.00 6.875e-01 2.971e-01 1.899e-03 1.655e-03 6.709e-03 -1.000 1.538e-02 0.403 0.451 0.980 1.023 -0.212
0.0152 0.01508 9.50000 1.4541980028 2.5349743366    1.436  1.752  3.6748  2.494    4  0.000  0.377     0.00     0.00     0.00     0.00     0.00 -1    -1e-30      0.00 6.875e-01 2.971e-01 1.899e-03 1.656e-03 6.709e-03 -1.000 1.538e-02 0.389 0.438 0.968 1.011 -0.225
0.0152 0.01508 9.50000 1.4547461271 2.5350227356    1.437  1.752  3.6750  2.495    4  0.000  0.377     0.00     0.00     0.00     0.00     0.00 -1    -1e-30      0.00 6.875e-01 2.971e-01 1.899e-03 1.656e-03 6.709e-03 -1.000 1.538e-02 0.390 0.437 0.967 1.010 -0.225
0.0152 0.01508 9.50000 1.4553016424 2.5350718498    1.438  1.751  3.6753  2.498    4  0.000  0.377     0.00     0.00     0.00     0.00     0.00 -1    -1e-30      0.00 6.876e-01 2.971e-01 1.898e-03 1.656e-03 6.709e-03 -1.000 1.538e-02 0.393 0.439 0.968 1.011 -0.222
0.0152 0.01508 9.50000 1.4558609724 2.5351212025    1.438  1.750  3.6757  2.501    4  0.000  0.377     0.00     0.00     0.00     0.00     0.00 -1    -1e-30      0.00 6.876e-01 2.971e-01 1.898e-03 1.657e-03 6.709e-03 -1.000 1.538e-02 0.396 0.441 0.968 1.011 -0.220
0.0152 0.01508 9.50000 1.4564247131 2.5351710320    1.439  1.748  3.6761  2.504    4  0.000  0.377     0.00     0.00     0.00     0.00     0.00 -1    -1e-30      0.00 6.876e-01 2.971e-01 1.898e-03 1.657e-03 6.709e-03 -1.000 1.538e-02 0.399 0.443 0.969 1.012 -0.217
0.0152 0.01508 9.50000 1.4569855928 2.5352203846    1.440  1.747  3.6764  2.506    4  0.000  0.377     0.00     0.00     0.00     0.00     0.00 -1    -1e-30      0.00 6.876e-01 2.971e-01 1.897e-03 1.658e-03 6.708e-03 -1.000 1.538e-02 0.402 0.444 0.970 1.013 -0.215
0.0152 0.01508 9.50000 1.4575434923 2.5352694988    1.440  1.746  3.6767  2.509    4  0.000  0.377     0.00     0.00     0.00     0.00     0.00 -1    -1e-30      0.00 6.876e-01 2.970e-01 1.897e-03 1.658e-03 6.708e-03 -1.000 1.538e-02 0.404 0.446 0.970 1.013 -0.213
0.0152 0.01508 9.50000 1.4580956697 2.5353181362    1.441  1.746  3.6770  2.511    4  0.000  0.377     0.00     0.00     0.00     0.00     0.00 -1    -1e-30      0.00 6.876e-01 2.970e-01 1.897e-03 1.659e-03 6.708e-03 -1.000 1.538e-02 0.406 0.447 0.970 1.013 -0.211
0.0152 0.01508 9.50000 1.4586192369 2.5353641510    1.441  1.745  3.6772  2.513    4  0.000  0.377     0.00     0.00     0.00     0.00     0.00 -1    -1e-30      0.00 6.876e-01 2.970e-01 1.896e-03 1.659e-03 6.708e-03 -1.000 1.538e-02 0.407 0.447 0.970 1.013 -0.210
0.0152 0.01508 9.50000 1.4591702223 2.5354125500    1.442  1.745  3.6775  2.514    4  0.000  0.377     0.00     0.00     0.00     0.00     0.00 -1    -1e-30      0.00 6.876e-01 2.970e-01 1.896e-03 1.660e-03 6.708e-03 -1.000 1.538e-02 0.408 0.447 0.969 1.012 -0.210
0.0152 0.01508 9.50000 1.4597272873 2.5354614258    1.443  1.745  3.6777  2.515    4  0.000  0.377     0.00     0.00     0.00     0.00     0.00 -1    -1e-30      0.00 6.876e-01 2.970e-01 1.896e-03 1.660e-03 6.708e-03 -1.000 1.538e-02 0.408 0.446 0.968 1.010 -0.210
0.0152 0.01508 9.50000 1.4602769613 2.5355095863    1.443  1.745  3.6779  2.516    4  0.000  0.377     0.00     0.00     0.00     0.00     0.00 -1    -1e-30      0.00 6.876e-01 2.970e-01 1.895e-03 1.661e-03 6.708e-03 -1.000 1.538e-02 0.408 0.446 0.967 1.009 -0.210
0.0152 0.01508 9.50000 1.4607425928 2.5355503559    1.444  1.745  3.6781  2.517    4  0.000  0.377     0.00     0.00     0.00     0.00     0.00 -1    -1e-30      0.00 6.876e-01 2.970e-01 1.895e-03 1.661e-03 6.707e-03 -1.000 1.538e-02 0.408 0.445 0.965 1.008 -0.211
0.0152 0.01508 9.50000 1.4608091116 2.5355560780    1.444  1.745  3.6781  2.517    4  0.000  0.377     0.00     0.00     0.00     0.00     0.00 -1    -1e-30      0.00 6.876e-01 2.970e-01 1.895e-03 1.661e-03 6.707e-03 -1.000 1.538e-02 0.408 0.445 0.965 1.008 -0.211
0.0152 0.01508 9.50000 1.4613500834 2.5356035233    1.444  1.745  3.6782  2.518    4  0.000  0.377     0.00     0.00     0.00     0.00     0.00 -1    -1e-30      0.00 6.876e-01 2.970e-01 1.895e-03 1.662e-03 6.707e-03 -1.000 1.538e-02 0.407 0.443 0.963 1.006 -0.212
0.0152 0.01508 9.50000 1.4619029760 2.5356519222    1.445  1.746  3.6784  2.518    4  0.000  0.376     0.00     0.00     0.00     0.00     0.00 -1    -1e-30      0.00 6.876e-01 2.970e-01 1.894e-03 1.662e-03 6.707e-03 -1.000 1.537e-02 0.406 0.442 0.962 1.004 -0.213
0.0152 0.01508 9.50000 1.4624304771 2.5356979370    1.446  1.746  3.6785  2.518    4  0.000  0.376     0.00     0.00     0.00     0.00     0.00 -1    -1e-30      0.00 6.876e-01 2.970e-01 1.894e-03 1.663e-03 6.707e-03 -1.000 1.537e-02 0.405 0.440 0.959 1.002 -0.214
0.0152 0.01508 9.50000 1.4629805088 2.5357458591    1.446  1.747  3.6786  2.518    4  0.000  0.376     0.00     0.00     0.00     0.00     0.00 -1    -1e-30      0.00 6.876e-01 2.970e-01 1.894e-03 1.663e-03 6.707e-03 -1.000 1.537e-02 0.402 0.437 0.956 0.999 -0.217
0.0152 0.01508 9.50000 1.4635412693 2.5357949734    1.447  1.748  3.6787  2.517    4  0.000  0.376     0.00     0.00     0.00     0.00     0.00 -1    -1e-30      0.00 6.876e-01 2.970e-01 1.893e-03 1.664e-03 6.707e-03 -1.000 1.537e-02 0.400 0.434 0.953 0.996 -0.220
0.0152 0.01508 9.50000 1.4640998840 2.5358436108    1.447  1.750  3.6787  2.516    4  0.000  0.376     0.00     0.00     0.00     0.00     0.00 -1    -1e-30      0.00 6.877e-01 2.970e-01 1.893e-03 1.664e-03 6.707e-03 -1.000 1.537e-02 0.396 0.431 0.950 0.992 -0.223
0.0152 0.01508 9.50000 1.4646369219 2.5358903408    1.448  1.751  3.6787  2.514    4  0.000  0.376     0.00     0.00     0.00     0.00     0.00 -1    -1e-30      0.00 6.877e-01 2.970e-01 1.892e-03 1.664e-03 6.706e-03 -1.000 1.537e-02 0.392 0.427 0.946 0.988 -0.227
0.0152 0.01508 9.50000 1.4646890163 2.5358948708    1.448  1.751  3.6787  2.514    4  0.000  0.376     0.00     0.00     0.00     0.00     0.00 -1    -1e-30      0.00 6.877e-01 2.970e-01 1.892e-03 1.665e-03 6.706e-03 -1.000 1.537e-02 0.392 0.427 0.946 0.988 -0.227
0.0152 0.01508 9.50000 1.4647390842 2.5358991623    1.448  1.751  3.6787  2.514    4  0.000  0.376     0.00     0.00     0.00     0.00     0.00 -1    -1e-30      0.00 6.877e-01 2.970e-01 1.892e-03 1.665e-03 6.706e-03 -1.000 1.537e-02 0.391 0.426 0.945 0.988 -0.228
0.0152 0.01508 9.50000 1.4652414322 2.5359427929    1.449  1.753  3.6786  2.512    4  0.000  0.376     0.00     0.00     0.00     0.00     0.00 -1    -1e-30      0.00 6.877e-01 2.970e-01 1.892e-03 1.665e-03 6.706e-03 -1.000 1.537e-02 0.387 0.422 0.941 0.983 -0.232
0.0152 0.01508 9.50000 1.4657813311 2.5359897614    1.449  1.756  3.6785  2.509    4  0.000  0.376     0.00     0.00     0.00     0.00     0.00 -1    -1e-30      0.00 6.877e-01 2.970e-01 1.892e-03 1.665e-03 6.706e-03 -1.000 1.537e-02 0.381 0.416 0.936 0.978 -0.238
0.0152 0.01508 9.50000 1.4662878513 2.5360338688    1.450  1.758  3.6783  2.506    4  0.000  0.376     0.00     0.00     0.00     0.00     0.00 -1    -1e-30      0.00 6.877e-01 2.969e-01 1.891e-03 1.666e-03 6.706e-03 -1.000 1.537e-02 0.374 0.410 0.930 0.972 -0.245
0.0152 0.01508 9.50000 1.4665521383 2.5360567570    1.450  1.760  3.6782  2.504    4  0.000  0.376     0.00     0.00     0.00     0.00     0.00 -1    -1e-30      0.00 6.877e-01 2.969e-01 1.891e-03 1.666e-03 6.706e-03 -1.000 1.537e-02 0.370 0.406 0.926 0.969 -0.249
0.0152 0.01508 9.50000 1.4667842388 2.5360767841    1.450  1.762  3.6781  2.503    4  0.000  0.376     0.00     0.00     0.00     0.00     0.00 -1    -1e-30      0.00 6.877e-01 2.969e-01 1.891e-03 1.666e-03 6.706e-03 -1.000 1.537e-02 0.366 0.403 0.923 0.966 -0.252
0.0152 0.01508 9.50000 1.4672659636 2.5361187458    1.451  1.765  3.6779  2.498    4  0.000  0.376     0.00     0.00     0.00     0.00     0.00 -1    -1e-30      0.00 6.877e-01 2.969e-01 1.891e-03 1.667e-03 6.705e-03 -1.000 1.537e-02 0.357 0.394 0.915 0.958 -0.262
0.0152 0.01508 9.50000 1.4677499533 2.5361604691    1.451  1.770  3.6775  2.492    4  0.000  0.376     0.00     0.00     0.00     0.00     0.00 -1    -1e-30      0.00 6.877e-01 2.970e-01 1.890e-03 1.668e-03 6.705e-03 -1.000 1.537e-02 0.345 0.384 0.906 0.949 -0.273
0.0152 0.01508 9.50000 1.4682250023 2.5362017155    1.452  1.775  3.6771  2.485    4  0.000  0.376     0.00     0.00     0.00     0.00     0.00 -1    -1e-30      0.00 6.877e-01 2.970e-01 1.890e-03 1.668e-03 6.705e-03 -1.000 1.537e-02 0.333 0.373 0.896 0.939 -0.285
0.0152 0.01508 9.50000 1.4687023163 2.5362429619    1.453  1.777  3.6770  2.483    4  0.000  0.376     0.00     0.00     0.00     0.00     0.00 -1    -1e-30      0.00 6.877e-01 2.970e-01 1.890e-03 1.669e-03 6.704e-03 -1.000 1.537e-02 0.327 0.367 0.891 0.934 -0.291
0.0152 0.01508 9.50000 1.4691774845 2.5362839699    1.453  1.784  3.6764  2.474    4  0.000  0.376     0.00     0.00     0.00     0.00     0.00 -1    -1e-30      0.00 6.877e-01 2.970e-01 1.890e-03 1.669e-03 6.704e-03 -1.000 1.537e-02 0.311 0.353 0.878 0.921 -0.306
0.0152 0.01508 9.50000 1.4696652889 2.5363261700    1.454  1.797  3.6752  2.457    4  0.000  0.376     0.00     0.00     0.00     0.00     0.00 -1    -1e-30      0.00 6.877e-01 2.970e-01 1.889e-03 1.670e-03 6.704e-03 -1.000 1.537e-02 0.278 0.325 0.854 0.897 -0.338
0.0152 0.01508 9.50000 1.4701495171 2.5363678932    1.454  1.819  3.6733  2.427    4  0.000  0.376     0.00     0.00     0.00     0.00     0.00 -1    -1e-30      0.00 6.877e-01 2.970e-01 1.889e-03 1.670e-03 6.703e-03 -1.000 1.537e-02 0.223 0.276 0.812 0.855 -0.391
0.0152 0.01508 9.50000 1.4706072807 2.5364074707    1.455  1.858  3.6697  2.373    4  0.000  0.376     0.00     0.00     0.00     0.00     0.00 -1    -1e-30      0.00 6.877e-01 2.970e-01 1.889e-03 1.671e-03 6.703e-03 -1.000 1.537e-02 0.125 0.190 0.737 0.781 -0.486
0.0152 0.01508 9.50000 1.4708186388 2.5364255905    1.455  1.897  3.6663  2.321    4  0.000  0.376     0.00     0.00     0.00     0.00     0.00 -1    -1e-30      0.00 6.877e-01 2.970e-01 1.889e-03 1.671e-03 6.703e-03 -1.000 1.537e-02 0.028 0.106 0.663 0.708 -0.578
0.0152 0.01508 9.50000 1.4709277153 2.5364351273    1.455  1.937  3.6628  2.267    4  0.000  0.376     0.00     0.00     0.00     0.00     0.00 -1    -1e-30      0.00 6.877e-01 2.970e-01 1.889e-03 1.671e-03 6.703e-03 -1.000 1.537e-02 -0.072 0.019 0.588 0.633 -0.674
0.0152 0.01508 9.50000 1.4709820747 2.5364396572    1.455  1.976  3.6593  2.214    4  0.000  0.376     0.00     0.00     0.00     0.00     0.00 -1    -1e-30      0.00 6.877e-01 2.970e-01 1.889e-03 1.671e-03 6.703e-03 -1.000 1.537e-02 -0.171 -0.067 0.513 0.559 -0.768
0.0152 0.01508 9.50000 1.4710098505 2.5364420414    1.455  2.017  3.6559  2.159    4  0.000  0.376     0.00     0.00     0.00     0.00     0.00 -1    -1e-30      0.00 6.877e-01 2.970e-01 1.888e-03 1.671e-03 6.703e-03 -1.000 1.537e-02 -0.274 -0.155 0.437 0.483 -0.865
0.0152 0.01508 9.50000 1.4710245132 2.5364434719    1.455  2.055  3.6527  2.108    4  0.000  0.376     0.00     0.00     0.00     0.00     0.00 -1    -1e-30      0.00 6.877e-01 2.970e-01 1.888e-03 1.671e-03 6.703e-03 -1.000 1.537e-02 -0.368 -0.236 0.367 0.413 -0.955
0.0152 0.01508 9.50000 1.4710338116 2.5364441872    1.455  2.091  3.6497  2.061    4  0.000  0.376     0.00     0.00     0.00     0.00     0.00 -1    -1e-30      0.00 6.877e-01 2.970e-01 1.888e-03 1.671e-03 6.703e-03 -1.000 1.537e-02 -0.457 -0.312 0.301 0.348 -1.039
0.0152 0.01508 9.50000 1.4710346460 2.5364441872    1.455  2.095  3.6494  2.056    4  0.000  0.376     0.00     0.00     0.00     0.00     0.00 -1    -1e-30      0.00 6.877e-01 2.970e-01 1.888e-03 1.671e-03 6.703e-03 -1.000 1.537e-02 -0.467 -0.320 0.294 0.341 -1.048
0.0152 0.01508 9.50000 1.4710348845 2.5364444256    1.455  2.095  3.6493  2.055    7  0.000  0.376     0.00     0.00     0.00     0.00     0.00 -1    -1e-30      0.00 6.877e-01 2.970e-01 1.888e-03 1.671e-03 6.703e-03 -1.000 1.537e-02 -0.468 -0.322 0.293 0.340 -1.049
0.0152 0.01508 9.50000 1.4710415602 2.5364449024    1.455  2.129  3.6466  2.010    7  0.000  0.376     0.00     0.00     0.00     0.00     0.00 -1    -1e-30      0.00 6.877e-01 2.970e-01 1.888e-03 1.671e-03 6.703e-03 -1.000 1.537e-02 -0.553 -0.393 0.231 0.279 -1.128
0.0152 0.01508 9.50000 1.4710490704 2.5364456177    1.455  2.168  3.6434  1.958    7  0.000  0.376     0.00     0.00     0.00     0.00     0.00 -1    -1e-30      0.00 6.877e-01 2.970e-01 1.888e-03 1.671e-03 6.703e-03 -1.000 1.537e-02 -0.650 -0.476 0.160 0.208 -1.218
0.0152 0.01508 9.50000 1.4710568190 2.5364460945    1.455  2.204  3.6404  1.911    7  0.000  0.376     0.00     0.00     0.00     0.00     0.00 -1    -1e-30      0.00 6.877e-01 2.970e-01 1.888e-03 1.671e-03 6.703e-03 -1.000 1.537e-02 -0.740 -0.552 0.093 0.141 -1.301
0.0152 0.01508 9.50000 1.4710743427 2.5364477634    1.455  2.224  3.6388  1.884    7  0.000  0.376     0.00     0.00     0.00     0.00     0.00 -1    -1e-30      0.00 6.877e-01 2.970e-01 1.888e-03 1.671e-03 6.703e-03 -1.000 1.537e-02 -0.791 -0.595 0.056 0.104 -1.348
0.0152 0.01508 9.50000 1.4710888863 2.5364489555    1.455  2.192  3.6415  1.927    7  0.000  0.376     0.00     0.00     0.00     0.00     0.00 -1 -1.06e-30      0.00 6.877e-01 2.970e-01 1.888e-03 1.671e-03 6.703e-03 -1.000 1.537e-02 -0.709 -0.526 0.115 0.163 -1.273
0.0152 0.01508 9.50000 1.4711208344 2.5364518166    1.455  2.155  3.6446  1.976    7  0.000  0.376     0.00     0.00     0.00     0.00     0.00 -1  -1.3e-30      0.00 6.877e-01 2.970e-01 1.888e-03 1.671e-03 6.703e-03 -1.000 1.538e-02 -0.617 -0.448 0.183 0.231 -1.188
0.0152 0.01508 9.50000 1.4714685678 2.5364816189    1.455  2.145  3.6453  1.989    7  0.000  0.376     0.00     0.00     0.00     0.00     0.00 -1  -5.9e-14      0.00 6.877e-01 2.964e-01 1.888e-03 1.672e-03 6.703e-03 -1.000 1.592e-02 -0.593 -0.428 0.202 0.249 -1.166
0.0152 0.01508 9.50000 1.4717268944 2.5365037918    1.455  2.185  3.6420  1.935    7  0.000  0.376     0.00     0.00     0.00     0.00     0.00 -1 -2.69e-10      0.00 6.877e-01 2.963e-01 1.888e-03 1.672e-03 6.702e-03 -1.000 1.601e-02 -0.693 -0.512 0.128 0.176 -1.258
0.0152 0.01508 9.50000 1.4719276428 2.5365211964    1.455  2.227  3.6385  1.879    7  0.000  0.375     0.00     0.00     0.00     0.00     0.00 -1 -3.31e-10      0.00 6.877e-01 2.963e-01 1.888e-03 1.672e-03 6.702e-03 -1.000 1.601e-02 -0.799 -0.601 0.051 0.100 -1.355
0.0152 0.01508 9.50000 1.4720920324 2.5365352631    1.455  2.269  3.6350  1.824    7  0.000  0.375     0.00     0.00     0.00     0.00     0.00 -1 -4.07e-10      0.00 6.877e-01 2.963e-01 1.888e-03 1.673e-03 6.702e-03 -1.000 1.601e-02 -0.903 -0.687 -0.024 0.025 -1.450
0.0152 0.01508 9.50000 1.4722298384 2.5365471840    1.455  2.311  3.6316  1.768    7  0.000  0.375     0.00     0.00     0.00     0.00     0.00 -1 -5.05e-10      0.00 6.877e-01 2.963e-01 1.888e-03 1.673e-03 6.702e-03 -1.000 1.601e-02 -1.007 -0.774 -0.100 -0.051 -1.544
0.0152 0.01508 9.50000 1.4723478556 2.5365574360    1.454  2.352  3.6282  1.713    7  0.000  0.375     0.00     0.00     0.00     0.00     0.00 -1 -6.23e-10      0.00 6.877e-01 2.963e-01 1.888e-03 1.673e-03 6.702e-03 -1.000 1.601e-02 -1.111 -0.859 -0.173 -0.124 -1.636
0.0152 0.01508 9.50000 1.4724502563 2.5365660191    1.454  2.393  3.6248  1.658    7  0.000  0.375     0.00     0.00     0.00     0.00     0.00 -1 -7.65e-10      0.00 6.877e-01 2.963e-01 1.888e-03 1.673e-03 6.702e-03 -1.000 1.601e-02 -1.214 -0.942 -0.246 -0.197 -1.728
0.0152 0.01508 9.50000 1.4725395441 2.5365738869    1.454  2.434  3.6214  1.604    7  0.000  0.375     0.00     0.00     0.00     0.00     0.00 -1 -9.31e-10      0.00 6.877e-01 2.963e-01 1.888e-03 1.673e-03 6.702e-03 -1.000 1.601e-02 -1.316 -1.026 -0.318 -0.269 -1.818
0.0152 0.01508 9.50000 1.4726190567 2.5365805626    1.453  2.475  3.6180  1.549    7  0.000  0.375     0.00     0.00     0.00     0.00     0.00 -1 -1.14e-09      0.00 6.877e-01 2.963e-01 1.888e-03 1.673e-03 6.702e-03 -1.000 1.601e-02 -1.417 -1.107 -0.389 -0.339 -1.907
0.0152 0.01508 9.50000 1.4726914167 2.5365867615    1.453  2.516  3.6146  1.495    7  0.000  0.375     0.00     0.00     0.00     0.00     0.00 -1 -1.39e-09      0.00 6.877e-01 2.963e-01 1.887e-03 1.673e-03 6.702e-03 -1.000 1.601e-02 -1.519 -1.187 -0.458 -0.408 -1.996
0.0152 0.01508 9.50000 1.4727580547 2.5365924835    1.452  2.556  3.6111  1.441    7  0.000  0.375     0.00     0.00     0.00     0.00     0.00 -1 -1.68e-09      0.00 6.877e-01 2.963e-01 1.887e-03 1.673e-03 6.702e-03 -1.000 1.601e-02 -1.620 -1.267 -0.522 -0.472 -2.085
0.0152 0.01508 9.50000 1.4728209972 2.5365979671    1.452  2.596  3.6060  1.380    7  0.000  0.375     0.00     0.00     0.00     0.00     0.00 -1 -2.06e-09      0.00 6.877e-01 2.963e-01 1.887e-03 1.673e-03 6.702e-03 -1.000 1.601e-02 -1.721 -1.333 -0.564 -0.513 -2.167
0.0152 0.01508 9.50000 1.4728646278 2.5366017818    1.451  2.627  3.6016  1.331    7  0.000  0.375     0.00     0.00     0.00     0.00     0.00 -1 -2.37e-09      0.00 6.877e-01 2.963e-01 1.886e-03 1.674e-03 6.702e-03 -1.000 1.601e-02 -1.797 -1.377 -0.587 -0.536 -2.225
0.0152 0.01508 9.50000 1.4729195833 2.5366065502    1.450  2.667  3.5980  1.276    7  0.000  0.375     0.00     0.00     0.00     0.00     0.00 -1 -2.88e-09      0.00 6.876e-01 2.963e-01 1.885e-03 1.675e-03 6.701e-03 -1.000 1.601e-02 -1.898 -1.452 -0.642 -0.591 -2.312
0.0152 0.01508 9.50000 1.4729701281 2.5366108418    1.450  2.707  3.5946  1.223    7  0.000  0.374     0.00     0.00     0.00     0.00     0.00 -1 -3.49e-09      0.00 6.876e-01 2.963e-01 1.882e-03 1.677e-03 6.701e-03 -1.000 1.601e-02 -1.997 -1.523 -0.693 -0.642 -2.395
0.0152 0.01508 9.50000 1.4730216265 2.5366151333    1.448  2.747  3.5910  1.168    7  0.000  0.374     0.00     0.00     0.00     0.00     0.00 -1  -4.2e-09      0.00 6.876e-01 2.963e-01 1.878e-03 1.681e-03 6.701e-03 -1.000 1.601e-02 -2.097 -1.594 -0.743 -0.692 -2.478
0.0152 0.01508 9.50000 1.4730722904 2.5366196632    1.447  2.787  3.5873  1.112    7  0.000  0.373     0.00     0.00     0.00     0.00     0.00 -1 -5.09e-09      0.00 6.876e-01 2.963e-01 1.875e-03 1.686e-03 6.701e-03 -1.000 1.601e-02 -2.198 -1.661 -0.785 -0.734 -2.560
0.0152 0.01508 9.50000 1.4731179476 2.5366234779    1.446  2.829  3.5833  1.054    7  0.000  0.372     0.00     0.00     0.00     0.00     0.00 -1 -6.24e-09      0.00 6.876e-01 2.963e-01 1.872e-03 1.690e-03 6.701e-03 -1.000 1.601e-02 -2.303 -1.730 -0.825 -0.774 -2.644
0.0152 0.01508 9.50000 1.4731506109 2.5366263390    1.444  2.871  3.5794  0.996    7  0.000  0.372     0.00     0.00     0.00     0.00     0.00 -1 -7.58e-09      0.00 6.876e-01 2.963e-01 1.868e-03 1.694e-03 6.701e-03 -1.000 1.601e-02 -2.408 -1.797 -0.863 -0.812 -2.727
0.0152 0.01508 9.50000 1.4731717110 2.5366280079    1.443  2.909  3.5757  0.943    7  0.000  0.371     0.00     0.00     0.00     0.00     0.00 -1 -8.99e-09      0.00 6.876e-01 2.963e-01 1.866e-03 1.697e-03 6.701e-03 -1.000 1.602e-02 -2.503 -1.850 -0.879 -0.828 -2.798
0.0152 0.01508 9.50000 1.4731889963 2.5366296768    1.442  2.948  3.5718  0.888    7  0.000  0.371     0.00     0.00     0.00     0.00     0.00 -1 -1.07e-08      0.00 6.876e-01 2.963e-01 1.864e-03 1.699e-03 6.701e-03 -1.000 1.606e-02 -2.599 -1.901 -0.892 -0.841 -2.868
0.0152 0.01508 9.50000 1.4732047319 2.5366308689    1.441  2.986  3.5677  0.834    7  0.000  0.370     0.00     0.00     0.00     0.00     0.00 -1 -1.27e-08      0.00 6.876e-01 2.963e-01 1.862e-03 1.702e-03 6.701e-03 -1.000 1.606e-02 -2.695 -1.946 -0.890 -0.840 -2.935
0.0152 0.01508 9.50000 1.4732195139 2.5366322994    1.440  3.025  3.5637  0.778    7  0.000  0.370     0.00     0.00     0.00     0.00     0.00 -1 -1.51e-08      0.00 6.876e-01 2.963e-01 1.860e-03 1.704e-03 6.701e-03 -1.000 1.606e-02 -2.793 -1.987 -0.878 -0.828 -3.000
0.0152 0.01508 9.50000 1.4732320309 2.5366332531    1.439  3.060  3.5599  0.728    7  0.000  0.370     0.00     0.00     0.00     0.00     0.00 -1 -1.77e-08      0.00 6.876e-01 2.963e-01 1.859e-03 1.705e-03 6.701e-03 -1.000 1.606e-02 -2.880 -2.022 -0.863 -0.813 -3.056
0.0152 0.01508 9.50000 1.4732460976 2.5366344452    1.437  3.100  3.5553  0.668    7  0.000  0.370     0.00     0.00     0.00     0.00     0.00 -1 -2.12e-08      0.00 6.876e-01 2.963e-01 1.859e-03 1.706e-03 6.701e-03 -1.000 1.606e-02 -2.981 -2.051 -0.814 -0.765 -3.113
0.0152 0.01508 9.50000 1.4732602835 2.5366356373    1.435  3.140  3.5509  0.611    7  0.000  0.370     0.00     0.00     0.00     0.00     0.00 -1 -2.52e-08      0.00 6.876e-01 2.963e-01 1.859e-03 1.706e-03 6.701e-03 -1.000 1.606e-02 -3.079 -2.078 -0.764 -0.715 -3.168
0.0152 0.01508 9.50000 1.4732758999 2.5366370678    1.433  3.177  3.5464  0.554    7  0.000  0.370     0.00     0.00     0.00     0.00     0.00 -1 -2.98e-08      0.00 6.876e-01 2.963e-01 1.859e-03 1.706e-03 6.701e-03 -1.000 1.606e-02 -3.173 -2.091 -0.687 -0.638 -3.210
0.0152 0.01508 9.50000 1.4732929468 2.5366384983    1.429  3.215  3.5419  0.498    7  0.000  0.370     0.00     0.00     0.00     0.00     0.00 -1  -3.5e-08      0.00 6.876e-01 2.963e-01 1.859e-03 1.706e-03 6.701e-03 -1.000 1.606e-02 -3.266 -2.100 -0.601 -0.553 -3.248
0.0152 0.01508 9.50000 1.4733090401 2.5366399288    1.426  3.243  3.5385  0.455    7  0.000  0.370     0.00     0.00     0.00     0.00     0.00 -1 -4.01e-08      0.00 6.876e-01 2.963e-01 1.859e-03 1.706e-03 6.701e-03 -1.000 1.606e-02 -3.337 -2.100 -0.519 -0.472 -3.272
0.0152 0.01508 9.50000 1.4733129740 2.5366401672    1.425  3.261  3.5362  0.428    7  0.000  0.370     0.00     0.00     0.00     0.00     0.00 -1 -4.33e-08      0.00 6.876e-01 2.963e-01 1.859e-03 1.706e-03 6.701e-03 -1.000 1.606e-02 -3.381 -2.095 -0.457 -0.410 -3.283
0.0152 0.01508 9.50000 1.4733167887 2.5366406441    1.423  3.269  3.5352  0.415    7  0.000  0.370     0.00     0.00     0.00     0.00     0.00 -1 -4.46e-08      0.00 6.876e-01 2.963e-01 1.859e-03 1.706e-03 6.701e-03 -1.000 1.606e-02 -3.402 -2.093 -0.428 -0.382 -3.288
0.0152 0.01508 9.50000 1.4733173847 2.5366406441    1.423  3.255  3.5368  0.435    7  0.000  0.370     0.00     0.00     0.00     0.00     0.00 -1 -4.23e-08      0.00 6.876e-01 2.963e-01 1.859e-03 1.706e-03 6.701e-03 -1.000 1.606e-02 -3.369 -2.096 -0.474 -0.427 -3.280
0.0152 0.01508 9.50000 1.4733175039 2.5366406441    1.423  3.157  3.5484  0.580    7  0.000  0.370     0.00     0.00     0.00     0.00     0.00 -1 -2.78e-08      0.00 6.876e-01 2.963e-01 1.859e-03 1.706e-03 6.701e-03 -1.000 1.606e-02 -3.121 -2.076 -0.713 -0.664 -3.182
0.0152 0.01508 9.50000 1.4733176231 2.5366406441    1.423  3.284  3.5332  0.392    7  0.000  0.370     0.00     0.00     0.00     0.00     0.00 -1 -4.77e-08      0.00 6.876e-01 2.963e-01 1.859e-03 1.706e-03 6.701e-03 -1.000 1.606e-02 -3.440 -2.088 -0.373 -0.328 -3.296
0.0152 0.01508 9.50000 1.4733177423 2.5366406441    1.423  3.257  3.5366  0.433    7  0.000  0.370     0.00     0.00     0.00     0.00     0.00 -1 -4.26e-08      0.00 6.876e-01 2.963e-01 1.859e-03 1.706e-03 6.701e-03 -1.000 1.606e-02 -3.372 -2.096 -0.469 -0.422 -3.281
0.0152 0.01508 9.50000 1.4733178616 2.5366406441    1.423  3.243  3.5384  0.454    7  0.000  0.370     0.00     0.00     0.00     0.00     0.00 -1 -4.02e-08      0.00 6.876e-01 2.963e-01 1.859e-03 1.706e-03 6.701e-03 -1.000 1.606e-02 -3.338 -2.099 -0.516 -0.469 -3.272
0.0152 0.01508 9.50000 1.4733179808 2.5366406441    1.423  3.214  3.5419  0.497    7  0.000  0.370     0.00     0.00     0.00     0.00     0.00 -1 -3.56e-08      0.00 6.876e-01 2.963e-01 1.859e-03 1.706e-03 6.701e-03 -1.000 1.606e-02 -3.265 -2.097 -0.598 -0.550 -3.246
0.0152 0.01508 9.50000 1.4733194113 2.5366408825    1.423  3.223  3.5408  0.484    7  0.000  0.370     0.00     0.00     0.00     0.00     0.00 -1 -3.68e-08      0.00 6.876e-01 2.963e-01 1.859e-03 1.706e-03 6.701e-03 -1.000 1.606e-02 -3.287 -2.098 -0.574 -0.527 -3.255
0.0152 0.01508 9.50000 1.4733202457 2.5366408825    1.423  3.252  3.5372  0.440    7  0.000  0.370     0.00     0.00     0.00     0.00     0.00 -1  -4.2e-08      0.00 6.876e-01 2.963e-01 1.859e-03 1.706e-03 6.701e-03 -1.000 1.606e-02 -3.359 -2.095 -0.482 -0.435 -3.276
0.0152 0.01508 9.50000 1.4733210802 2.5366408825    1.422  3.280  3.5337  0.398    7  0.000  0.370     0.00     0.00     0.00     0.00     0.00 -1 -4.74e-08      0.00 6.876e-01 2.963e-01 1.859e-03 1.706e-03 6.701e-03 -1.000 1.606e-02 -3.430 -2.089 -0.388 -0.342 -3.294
0.0152 0.01508 9.50000 1.4733220339 2.5366411209    1.422  3.309  3.5300  0.354    7  0.000  0.370     0.00     0.00     0.00     0.00     0.00 -1 -5.36e-08      0.00 6.876e-01 2.963e-01 1.859e-03 1.706e-03 6.701e-03 -1.000 1.606e-02 -3.503 -2.082 -0.287 -0.242 -3.312
0.0152 0.01508 9.50000 1.4733232260 2.5366411209    1.422  3.339  3.5263  0.309    7  0.000  0.370     0.00     0.00     0.00     0.00     0.00 -1 -6.02e-08      0.00 6.876e-01 2.963e-01 1.859e-03 1.706e-03 6.701e-03 -1.000 1.606e-02 -3.577 -2.057 -0.157 -0.113 -3.312
0.0152 0.01508 9.50000 1.4733246565 2.5366413593    1.421  3.368  3.5224  0.264    7  0.527  0.370     0.00     0.00     0.00     0.00     0.00 -1 -6.82e-08      0.00 6.876e-01 2.963e-01 1.859e-03 1.706e-03 6.701e-03 -1.000 1.606e-02 -3.650 -2.029 -0.020 0.023 -3.310
0.0152 0.01508 9.50000 1.4733268023 2.5366413593    1.420  3.402  3.5179  0.212    7  0.528  0.370     0.00     0.00     0.00     0.00     0.00 -1 -7.86e-08      0.00 6.876e-01 2.963e-01 1.859e-03 1.706e-03 6.701e-03 -1.000 1.606e-02 -3.735 -1.982 0.165 0.206 -3.291
0.0152 0.01508 9.50000 1.4733293056 2.5366415977    1.419  3.424  3.5149  0.177    7  0.528  0.370     0.00     0.00     0.00     0.00     0.00 -1 -8.67e-08      0.00 6.876e-01 2.963e-01 1.859e-03 1.706e-03 6.701e-03 -1.000 1.606e-02 -3.790 -1.936 0.310 0.348 -3.266
0.0152 0.01508 9.50000 1.4733295441 2.5366415977    1.419  3.424  3.5149  0.177    8  0.528  0.389   123.68    67.57    43.42    34.09    27.87  2 -8.65e-08      0.00 6.876e-01 2.970e-01 1.963e-03 1.708e-03 6.728e-03 -1.000 1.543e-02 -3.790 -1.936 0.310 0.348 -3.266
0.0152 0.01508 9.50000 1.4733297825 2.5366415977    1.419  3.171  3.5464  0.557    8  0.528  0.389    54.19    34.04    22.56    17.53    14.31  2 -2.99e-08      0.00 6.876e-01 2.970e-01 1.963e-03 1.708e-03 6.728e-03 -1.000 1.543e-02 -3.156 -2.073 -0.668 -0.620 -3.192
0.0152 0.01508 9.50000 1.4733300209 2.5366415977    1.419  3.083  3.5570  0.687    8  0.528  0.389    41.38    26.91    18.02    13.96    11.39  3 -2.05e-08      0.00 6.876e-01 2.970e-01 1.963e-03 1.708e-03 6.728e-03 -1.000 1.543e-02 -2.938 -2.034 -0.825 -0.775 -3.086
0.0152 0.01508 9.50000 1.4733306170 2.5366418362    1.418  2.884  3.5811  0.982    8  0.528  0.389    22.98    15.78    10.82     8.32     6.78  3 -8.49e-09      0.00 6.876e-01 2.970e-01 1.963e-03 1.708e-03 6.728e-03 -1.000 1.543e-02 -2.440 -1.846 -0.925 -0.874 -2.770
0.0152 0.01508 9.50000 1.4733315706 2.5366418362    1.418  2.899  3.5791  0.959    8  0.528  0.389    24.01    16.43    11.25     8.65     7.05  3 -9.08e-09      0.00 6.876e-01 2.970e-01 1.963e-03 1.708e-03 6.728e-03 -1.000 1.543e-02 -2.477 -1.863 -0.925 -0.874 -2.795
0.0152 0.01508 9.50000 1.4733327627 2.5366418362    1.417  3.010  3.5653  0.792    8  0.528  0.389    33.39    22.22    15.01    11.60     9.45  3 -1.49e-08      0.00 6.876e-01 2.970e-01 1.963e-03 1.708e-03 6.728e-03 -1.000 1.543e-02 -2.756 -1.973 -0.885 -0.835 -2.976
0.0152 0.01508 9.50000 1.4733341932 2.5366420746    1.417  3.170  3.5456  0.554    8  0.528  0.389    54.47    34.19    22.65    17.61    14.37  2 -2.99e-08      0.00 6.876e-01 2.970e-01 1.963e-03 1.708e-03 6.728e-03 -1.000 1.543e-02 -3.154 -2.057 -0.637 -0.589 -3.181
0.0152 0.01508 9.50000 1.4733359814 2.5366423130    1.416  3.309  3.5283  0.345    8  0.529  0.389    85.24    49.89    32.49    25.40    20.75  2  -5.4e-08      0.00 6.876e-01 2.970e-01 1.963e-03 1.708e-03 6.728e-03 -1.000 1.543e-02 -3.503 -2.037 -0.196 -0.151 -3.278
0.0152 0.01508 9.50000 1.4733381271 2.5366423130    1.415  3.403  3.5166  0.204    8  0.529  0.389   116.33    64.31    41.41    32.50    26.56  2 -7.96e-08      0.00 6.876e-01 2.970e-01 1.963e-03 1.708e-03 6.728e-03 -1.000 1.543e-02 -3.736 -1.937 0.253 0.292 -3.256
0.0152 0.01508 9.50000 1.4733405113 2.5366425514    1.413  3.453  3.5099  0.127    8  0.529  0.389   138.58    73.98    47.34    37.23    30.44  2 -9.83e-08      0.00 6.876e-01 2.970e-01 1.963e-03 1.708e-03 6.728e-03 -1.000 1.543e-02 -3.863 -1.844 0.562 0.597 -3.207
0.0152 0.01508 9.50000 1.4733432531 2.5366427898    1.412  3.478  3.5064  0.087    8  0.530  0.389   151.77    79.50    50.71    39.92    32.64  2 -1.09e-07      0.00 6.876e-01 2.970e-01 1.963e-03 1.708e-03 6.728e-03 -1.000 1.543e-02 -3.926 -1.801 0.694 0.728 -3.183
0.0152 0.01508 9.50000 1.4733463526 2.5366430283    1.410  3.495  3.5048  0.064    8  0.530  0.389   159.89    82.83    52.73    41.53    33.97  2 -1.17e-07      0.00 6.876e-01 2.970e-01 1.963e-03 1.708e-03 6.728e-03 -1.000 1.543e-02 -3.966 -1.792 0.745 0.778 -3.182
0.0152 0.01508 9.50000 1.4733464718 2.5366430283    1.410  3.312  3.5261  0.332    8  0.530  0.389    87.62    51.02    33.20    25.97    21.21  2 -5.49e-08      0.00 6.876e-01 2.970e-01 1.963e-03 1.708e-03 6.728e-03 -1.000 1.543e-02 -3.509 -1.984 -0.082 -0.039 -3.240
0.0152 0.01508 9.50000 1.4733468294 2.5366430283    1.410  3.160  3.5446  0.558    8  0.530  0.389    53.95    33.90    22.47    17.47    14.25  2 -2.89e-08      0.00 6.876e-01 2.970e-01 1.963e-03 1.708e-03 6.728e-03 -1.000 1.543e-02 -3.129 -2.011 -0.570 -0.522 -3.142
0.0152 0.01508 9.50000 1.4733474255 2.5366432667    1.410  2.959  3.5689  0.856    8  0.530  0.389    29.38    19.79    13.44    10.36     8.45  3 -1.21e-08      0.00 6.876e-01 2.970e-01 1.963e-03 1.708e-03 6.728e-03 -1.000 1.543e-02 -2.628 -1.895 -0.855 -0.804 -2.877
0.0152 0.01508 9.50000 1.4733482599 2.5366432667    1.409  2.971  3.5674  0.837    8  0.530  0.389    30.48    20.46    13.87    10.71     8.73  3 -1.28e-08      0.00 6.876e-01 2.970e-01 1.963e-03 1.708e-03 6.728e-03 -1.000 1.543e-02 -2.659 -1.905 -0.845 -0.795 -2.896
0.0152 0.01508 9.50000 1.4733494520 2.5366432667    1.409  3.079  3.5543  0.678    8  0.531  0.389    42.08    27.30    18.27    14.16    11.55  3 -2.04e-08      0.00 6.876e-01 2.970e-01 1.963e-03 1.708e-03 6.728e-03 -1.000 1.543e-02 -2.926 -1.980 -0.727 -0.677 -3.048
0.0152 0.01508 9.50000 1.4733510017 2.5366435051    1.408  3.232  3.5356  0.449    8  0.531  0.389    67.95    41.27    27.11    21.14    17.26  2 -3.94e-08      0.00 6.876e-01 2.970e-01 1.963e-03 1.708e-03 6.728e-03 -1.000 1.543e-02 -3.309 -2.010 -0.359 -0.313 -3.201
0.0152 0.01508 9.50000 1.4733527899 2.5366437435    1.407  3.365  3.5193  0.251    8  0.531  0.389   104.75    59.06    38.17    29.92    24.45  2 -6.89e-08      0.00 6.876e-01 2.970e-01 1.963e-03 1.708e-03 6.728e-03 -1.000 1.543e-02 -3.641 -1.932 0.167 0.208 -3.233
0.0152 0.01508 9.50000 1.4733548164 2.5366437435    1.406  3.451  3.5086  0.121    8  0.531  0.389   140.11    74.60    47.71    37.53    30.69  2 -9.85e-08      0.00 6.876e-01 2.970e-01 1.963e-03 1.708e-03 6.728e-03 -1.000 1.543e-02 -3.857 -1.800 0.636 0.671 -3.169
0.0152 0.01508 9.50000 1.4733573198 2.5366439819    1.404  3.494  3.5031  0.056    8  0.532  0.389   162.86    84.00    53.44    42.11    34.44  1 -1.18e-07      0.00 6.876e-01 2.970e-01 1.963e-03 1.708e-03 6.728e-03 -1.000 1.543e-02 -3.966 -1.741 0.836 0.868 -3.140
0.0152 0.01508 9.50000 1.4733599424 2.5366442204    1.403  3.512  3.5009  0.028    8  0.532  0.389   173.37    88.21    55.99    44.15    36.11  1 -1.27e-07      0.00 6.876e-01 2.970e-01 1.963e-03 1.708e-03 6.728e-03 -1.000 1.543e-02 -4.010 -1.709 0.930 0.961 -3.122
0.0152 0.01508 9.50000 1.4733630419 2.5366444588    1.401  3.520  3.5007  0.019    8  0.533  0.389   176.96    89.62    56.84    44.84    36.68  1 -1.32e-07      0.00 6.876e-01 2.970e-01 1.963e-03 1.708e-03 6.728e-03 -1.000 1.543e-02 -4.029 -1.721 0.925 0.956 -3.135
0.0152 0.01508 9.50000 1.4733631611 2.5366444588    1.401  3.345  3.5213  0.277    8  0.533  0.389    98.76    56.28    36.45    28.56    23.33  2 -6.42e-08      0.00 6.876e-01 2.970e-01 1.963e-03 1.708e-03 6.728e-03 -1.000 1.543e-02 -3.592 -1.941 0.096 0.138 -3.229
0.0152 0.01508 9.50000 1.4733635187 2.5366444588    1.400  3.194  3.5399  0.502    8  0.533  0.389    60.63    37.46    24.71    19.24    15.70  2 -3.41e-08      0.00 6.876e-01 2.970e-01 1.963e-03 1.708e-03 6.728e-03 -1.000 1.543e-02 -3.215 -2.009 -0.468 -0.421 -3.171
0.0152 0.01508 9.50000 1.4733642340 2.5366446972    1.400  2.994  3.5645  0.800    8  0.533  0.389    32.78    21.85    14.77    11.41     9.30  3 -1.44e-08      0.00 6.876e-01 2.970e-01 1.963e-03 1.708e-03 6.728e-03 -1.000 1.543e-02 -2.715 -1.921 -0.823 -0.773 -2.929
0.0152 0.01508 9.50000 1.4733651876 2.5366446972    1.399  3.007  3.5629  0.781    8  0.533  0.389    34.05    22.62    15.26    11.80     9.62  3 -1.52e-08      0.00 6.876e-01 2.970e-01 1.963e-03 1.708e-03 6.728e-03 -1.000 1.543e-02 -2.747 -1.931 -0.812 -0.762 -2.947
0.0152 0.01508 9.50000 1.4733664989 2.5366449356    1.399  3.112  3.5498  0.622    8  0.533  0.389    47.07    30.11    20.06    15.57    12.70  2 -2.42e-08      0.00 6.876e-01 2.970e-01 1.963e-03 1.708e-03 6.728e-03 -1.000 1.543e-02 -3.011 -1.992 -0.659 -0.610 -3.088
0.0152 0.01508 9.50000 1.4733681679 2.5366449356    1.397  3.263  3.5310  0.396    8  0.534  0.389    75.99    45.31    29.63    23.15    18.90  2  -4.6e-08      0.00 6.876e-01 2.970e-01 1.963e-03 1.708e-03 6.728e-03 -1.000 1.543e-02 -3.388 -1.989 -0.224 -0.179 -3.212
0.0152 0.01508 9.50000 1.4733700752 2.5366451740    1.396  3.394  3.5147  0.200    8  0.534  0.389   117.15    64.62    41.59    32.65    26.69  2 -7.94e-08      0.00 6.876e-01 2.970e-01 1.963e-03 1.708e-03 6.728e-03 -1.000 1.543e-02 -3.715 -1.856 0.390 0.429 -3.186
0.0152 0.01508 9.50000 1.4733723402 2.5366454124    1.395  3.479  3.5040  0.071    8  0.535  0.389   156.79    81.49    51.90    40.89    33.44  2 -1.13e-07      0.00 6.876e-01 2.970e-01 1.963e-03 1.708e-03 6.728e-03 -1.000 1.543e-02 -3.928 -1.731 0.821 0.853 -3.126
0.0152 0.01508 9.50000 1.4733750820 2.5366456509    1.393  3.522  3.4985  0.005    8  0.535  0.389   182.53    91.77    58.14    45.89    37.53  1 -1.35e-07      0.00 6.876e-01 2.970e-01 1.963e-03 1.708e-03 6.728e-03 -1.000 1.543e-02 -4.036 -1.660 1.032 1.061 -3.085
0.0152 0.01508 9.50000 1.4733780622 2.5366458893    1.391  3.540  3.4961 -0.023    8  0.536  0.389   194.80    96.51    61.00    48.18    39.42  1 -1.46e-07      0.00 6.876e-01 2.970e-01 1.963e-03 1.708e-03 6.728e-03 -1.000 1.543e-02 -4.080 -1.633 1.109 1.137 -3.068
0.0152 0.01508 9.50000 1.4733814001 2.5366461277    1.389  3.548  3.4958 -0.033    8  0.536  0.389   199.31    98.22    62.03    49.01    40.09  1 -1.52e-07      0.00 6.876e-01 2.970e-01 1.963e-03 1.708e-03 6.728e-03 -1.000 1.543e-02 -4.101 -1.645 1.104 1.132 -3.081
0.0152 0.01508 9.50000 1.4733815193 2.5366461277    1.389  3.384  3.5155  0.211    8  0.536  0.389   114.09    63.23    40.73    31.98    26.13  2 -7.72e-08      0.00 6.876e-01 2.970e-01 1.963e-03 1.708e-03 6.728e-03 -1.000 1.543e-02 -3.689 -1.856 0.365 0.403 -3.181
0.0152 0.01508 9.50000 1.4733819962 2.5366461277    1.388  3.234  3.5342  0.435    8  0.536  0.389    69.79    42.18    27.67    21.59    17.63  2 -4.15e-08      0.00 6.876e-01 2.970e-01 1.963e-03 1.708e-03 6.728e-03 -1.000 1.543e-02 -3.316 -1.985 -0.300 -0.254 -3.186
0.0152 0.01508 9.50000 1.4733827114 2.5366461277    1.388  3.036  3.5591  0.733    8  0.537  0.389    37.42    24.60    16.54    12.80    10.44  3 -1.78e-08      0.00 6.876e-01 2.970e-01 1.963e-03 1.708e-03 6.728e-03 -1.000 1.543e-02 -2.819 -1.949 -0.776 -0.726 -2.987
0.0152 0.01508 9.50000 1.4733837843 2.5366463661    1.387  3.049  3.5574  0.713    8  0.537  0.389    38.98    25.51    17.12    13.26    10.81  3 -1.88e-08      0.00 6.876e-01 2.970e-01 1.963e-03 1.708e-03 6.728e-03 -1.000 1.543e-02 -2.852 -1.955 -0.753 -0.704 -3.004
0.0152 0.01508 9.50000 1.4733852148 2.5366463661    1.386  3.153  3.5442  0.555    8  0.537  0.389    54.02    33.92    22.47    17.48    14.26  2 -2.96e-08      0.00 6.876e-01 2.970e-01 1.963e-03 1.708e-03 6.728e-03 -1.000 1.543e-02 -3.113 -1.989 -0.540 -0.492 -3.122
0.0152 0.01508 9.50000 1.4733870029 2.5366466045    1.384  3.302  3.5254  0.331    8  0.538  0.389    87.35    50.84    33.07    25.88    21.14  2 -5.55e-08      0.00 6.876e-01 2.970e-01 1.963e-03 1.708e-03 6.728e-03 -1.000 1.543e-02 -3.484 -1.942 -0.023 0.021 -3.202
0.0152 0.01508 9.50000 1.4733890295 2.5366468430    1.383  3.431  3.5090  0.136    8  0.538  0.389   134.95    72.32    46.30    36.43    29.78  2 -9.48e-08      0.00 6.876e-01 2.970e-01 1.963e-03 1.708e-03 6.728e-03 -1.000 1.543e-02 -3.807 -1.762 0.662 0.697 -3.129
0.0152 0.01508 9.50000 1.4733916521 2.5366470814    1.381  3.515  3.4981  0.008    8  0.539  0.389   181.26    91.21    57.79    45.62    37.31  1 -1.34e-07      0.00 6.876e-01 2.970e-01 1.963e-03 1.708e-03 6.728e-03 -1.000 1.543e-02 -4.018 -1.634 1.062 1.092 -3.060
0.0152 0.01508 9.50000 1.4733945131 2.5366473198    1.379  3.559  3.4924 -0.060    8  0.539  0.389   212.17   103.00    64.90    51.33    41.99  1 -1.61e-07      0.00 6.876e-01 2.970e-01 1.963e-03 1.708e-03 6.728e-03 -1.000 1.543e-02 -4.127 -1.569 1.245 1.271 -3.021
0.0152 0.01508 9.50000 1.4733977318 2.5366475582    1.376  3.578  3.4897 -0.091    8  0.540  0.389   228.07   108.85    68.41    54.15    44.31  1 -1.75e-07      0.00 6.876e-01 2.970e-01 1.963e-03 1.708e-03 6.728e-03 -1.000 1.543e-02 -4.175 -1.539 1.326 1.351 -3.001
0.0152 0.01508 9.50000 1.4734014273 2.5366477966    1.373  3.588  3.4891 -0.104    8  0.541  0.389   235.46   111.51    70.00    55.44    45.36  1 -1.84e-07      0.00 6.876e-01 2.970e-01 1.963e-03 1.708e-03 6.728e-03 -1.000 1.543e-02 -4.201 -1.550 1.322 1.347 -3.014
0.0152 0.01508 9.50000 1.4734015465 2.5366477966    1.373  3.435  3.5077  0.123    8  0.541  0.389   138.69    73.88    47.24    37.19    30.40  2 -9.85e-08      0.00 6.876e-01 2.970e-01 1.963e-03 1.708e-03 6.728e-03 -1.000 1.543e-02 -3.818 -1.736 0.720 0.754 -3.109
0.0152 0.01508 9.50000 1.4734020233 2.5366477966    1.373  3.287  3.5266  0.346    8  0.541  0.389    84.34    49.37    32.15    25.16    20.54  2 -5.36e-08      0.00 6.876e-01 2.970e-01 1.963e-03 1.708e-03 6.728e-03 -1.000 1.543e-02 -3.449 -1.937 -0.049 -0.006 -3.189
0.0152 0.01508 9.50000 1.4734027386 2.5366480350    1.372  3.089  3.5519  0.646    8  0.541  0.389    44.64    28.74    19.18    14.89    12.14  2 -2.32e-08      0.00 6.876e-01 2.970e-01 1.963e-03 1.708e-03 6.728e-03 -1.000 1.543e-02 -2.953 -1.968 -0.672 -0.623 -3.051
0.0152 0.01508 9.50000 1.4734038115 2.5366480350    1.371  3.102  3.5502  0.626    8  0.541  0.389    46.52    29.79    19.85    15.41    12.57  2 -2.46e-08      0.00 6.876e-01 2.970e-01 1.963e-03 1.708e-03 6.728e-03 -1.000 1.543e-02 -2.985 -1.972 -0.647 -0.598 -3.066
0.0152 0.01508 9.50000 1.4734053612 2.5366482735    1.370  3.204  3.5370  0.471    8  0.542  0.389    64.44    39.41    25.92    20.22    16.50  2  -3.8e-08      0.00 6.876e-01 2.970e-01 1.963e-03 1.708e-03 6.728e-03 -1.000 1.543e-02 -3.240 -1.971 -0.357 -0.311 -3.153
0.0152 0.01508 9.50000 1.4734071493 2.5366482735    1.368  3.348  3.5183  0.251    8  0.542  0.389   103.87    58.55    37.83    29.68    24.25  2 -6.96e-08      0.00 6.876e-01 2.970e-01 1.963e-03 1.708e-03 6.728e-03 -1.000 1.543e-02 -3.600 -1.860 0.266 0.307 -3.167
0.0152 0.01508 9.50000 1.4734092951 2.5366485119    1.366  3.473  3.5020  0.061    8  0.543  0.389   159.82    82.60    52.55    41.44    33.88  1 -1.16e-07      0.00 6.876e-01 2.970e-01 1.963e-03 1.708e-03 6.728e-03 -1.000 1.543e-02 -3.911 -1.654 0.946 0.978 -3.059
0.0152 0.01508 9.50000 1.4734119177 2.5366487503    1.363  3.554  3.4913 -0.064    8  0.543  0.389   213.86   103.54    65.21    51.60    42.21  1 -1.62e-07      0.00 6.876e-01 2.970e-01 1.963e-03 1.708e-03 6.728e-03 -1.000 1.543e-02 -4.115 -1.525 1.309 1.335 -2.981
0.0152 0.01508 9.50000 1.4734148979 2.5366489887    1.360  3.596  3.4855 -0.130    8  0.544  0.389   249.57   116.47    72.96    57.83    47.33  1 -1.93e-07      0.00 6.876e-01 2.970e-01 1.963e-03 1.708e-03 6.728e-03 -1.000 1.543e-02 -4.219 -1.499 1.391 1.416 -2.971
0.0152 0.01508 9.50000 1.4734182358 2.5366492271    1.357  3.613  3.4829 -0.159    8  0.545  0.389   267.65   122.77    76.72    60.87    49.82  1 -2.09e-07      0.00 6.876e-01 2.970e-01 1.963e-03 1.708e-03 6.728e-03 -1.000 1.543e-02 -4.263 -1.488 1.419 1.443 -2.966
0.0152 0.01508 9.50000 1.4734220505 2.5366497040    1.353  3.623  3.4828 -0.170    8  0.546  0.389   274.56   125.12    78.12    62.00    50.74  1 -2.19e-07      0.00 6.876e-01 2.970e-01 1.963e-03 1.708e-03 6.728e-03 -1.000 1.543e-02 -4.286 -1.505 1.406 1.431 -2.984
0.0152 0.01508 9.50000 1.4734221697 2.5366497040    1.353  3.482  3.4998  0.038    8  0.546  0.389   168.11    85.87    54.53    43.04    35.19  1 -1.24e-07      0.00 6.876e-01 2.970e-01 1.963e-03 1.708e-03 6.728e-03 -1.000 1.543e-02 -3.936 -1.605 1.054 1.084 -3.023
0.0152 0.01508 9.50000 1.4734226465 2.5366497040    1.353  3.337  3.5189  0.260    8  0.546  0.389   101.64    57.48    37.16    29.16    23.82  2 -6.86e-08      0.00 6.876e-01 2.970e-01 1.963e-03 1.708e-03 6.728e-03 -1.000 1.543e-02 -3.571 -1.850 0.259 0.300 -3.153
0.0152 0.01508 9.50000 1.4734233618 2.5366497040    1.352  3.139  3.5448  0.561    8  0.546  0.389    53.06    33.37    22.11    17.21    14.04  2 -3.01e-08      0.00 6.876e-01 2.970e-01 1.963e-03 1.708e-03 6.728e-03 -1.000 1.543e-02 -3.078 -1.964 -0.526 -0.478 -3.094
0.0152 0.01508 9.50000 1.4734244347 2.5366497040    1.350  3.152  3.5430  0.541    8  0.547  0.389    55.30    34.57    22.87    17.81    14.53  2 -3.18e-08      0.00 6.876e-01 2.970e-01 1.963e-03 1.708e-03 6.728e-03 -1.000 1.543e-02 -3.109 -1.963 -0.489 -0.442 -3.104
0.0152 0.01508 9.50000 1.4734258652 2.5366499424    1.348  3.250  3.5299  0.389    8  0.547  0.389    76.52    45.49    29.72    23.24    18.98  2 -4.84e-08      0.00 6.876e-01 2.970e-01 1.963e-03 1.708e-03 6.728e-03 -1.000 1.543e-02 -3.356 -1.931 -0.138 -0.093 -3.162
0.0152 0.01508 9.50000 1.4734277725 2.5366501808    1.346  3.389  3.5114  0.175    8  0.547  0.389   122.78    66.93    42.98    33.81    27.62  2 -8.64e-08      0.00 6.876e-01 2.970e-01 1.963e-03 1.708e-03 6.728e-03 -1.000 1.543e-02 -3.703 -1.733 0.620 0.656 -3.085
0.0152 0.01508 9.50000 1.4734299183 2.5366501808    1.343  3.509  3.4952 -0.011    8  0.548  0.389   187.91    93.59    59.19    46.79    38.27  1 -1.41e-07      0.00 6.876e-01 2.970e-01 1.963e-03 1.708e-03 6.728e-03 -1.000 1.543e-02 -4.004 -1.535 1.215 1.243 -2.973
0.0152 0.01508 9.50000 1.4734325409 2.5366504192    1.340  3.587  3.4845 -0.132    8  0.549  0.389   250.24   116.55    72.98    57.89    47.36  1 -1.95e-07      0.00 6.876e-01 2.970e-01 1.963e-03 1.708e-03 6.728e-03 -1.000 1.543e-02 -4.199 -1.460 1.434 1.458 -2.934
0.0152 0.01508 9.50000 1.4734354019 2.5366506577    1.336  3.627  3.4789 -0.195    8  0.550  0.389   290.95   130.55    81.33    64.62    52.89  1 -2.31e-07      0.00 6.876e-01 2.970e-01 1.963e-03 1.708e-03 6.728e-03 -1.000 1.543e-02 -4.297 -1.444 1.484 1.508 -2.932
0.0152 0.01508 9.50000 1.4734388590 2.5366511345    1.332  3.643  3.4764 -0.224    8  0.551  0.389   311.22   137.26    85.31    67.84    55.53  1 -2.78e-07      0.00 6.876e-01 2.970e-01 1.963e-03 1.708e-03 6.728e-03 -1.000 1.543e-02 -4.339 -1.442 1.503 1.526 -2.935
0.0152 0.01508 9.50000 1.4734425545 2.5366513729    1.327  3.652  3.4766 -0.233    8  0.552  0.389   317.75   139.36    86.55    68.85    56.35  1 -3.04e-07      0.00 6.876e-01 2.970e-01 1.963e-03 1.708e-03 6.728e-03 -1.000 1.543e-02 -4.359 -1.462 1.487 1.510 -2.955
0.0152 0.01508 9.50000 1.4734426737 2.5366513729    1.326  3.525  3.4921 -0.044    8  0.552  0.389   202.53    99.07    62.48    49.45    40.44  1 -1.56e-07      0.00 6.876e-01 2.970e-01 1.963e-03 1.708e-03 6.728e-03 -1.000 1.543e-02 -4.042 -1.481 1.331 1.357 -2.933
0.0152 0.01508 9.50000 1.4734431505 2.5366513729    1.326  3.381  3.5115  0.177    8  0.552  0.389   121.77    66.42    42.65    33.56    27.42  2 -8.74e-08      0.00 6.876e-01 2.970e-01 1.963e-03 1.708e-03 6.728e-03 -1.000 1.543e-02 -3.683 -1.718 0.630 0.666 -3.069
0.0152 0.01508 9.50000 1.4734438658 2.5366513729    1.324  3.185  3.5381  0.480    8  0.552  0.389    62.68    38.43    25.29    19.74    16.11  2 -3.88e-08      0.00 6.876e-01 2.970e-01 1.963e-03 1.708e-03 6.728e-03 -1.000 1.543e-02 -3.192 -1.947 -0.361 -0.314 -3.121
0.0152 0.01508 9.50000 1.4734449387 2.5366516113    1.322  3.197  3.5363  0.460    8  0.552  0.389    65.39    39.83    26.17    20.44    16.68  2 -4.11e-08      0.00 6.876e-01 2.970e-01 1.963e-03 1.708e-03 6.728e-03 -1.000 1.543e-02 -3.222 -1.939 -0.308 -0.262 -3.125
0.0152 0.01508 9.50000 1.4734463692 2.5366516113    1.320  3.293  3.5231  0.310    8  0.553  0.389    90.45    52.17    33.86    26.55    21.68  2 -6.16e-08      0.00 6.876e-01 2.970e-01 1.963e-03 1.708e-03 6.728e-03 -1.000 1.543e-02 -3.462 -1.860 0.123 0.165 -3.135
0.0152 0.01508 9.50000 1.4734481573 2.5366518497    1.316  3.427  3.5046  0.101    8  0.553  0.389   144.56    76.10    48.55    38.30    31.30  2 -1.07e-07      0.00 6.876e-01 2.970e-01 1.963e-03 1.708e-03 6.728e-03 -1.000 1.543e-02 -3.797 -1.624 0.906 0.938 -3.014
0.0152 0.01508 9.50000 1.4734503031 2.5366520882    1.312  3.542  3.4885 -0.080    8  0.554  0.389   220.24   105.56    66.36    52.60    43.02  1 -1.72e-07      0.00 6.876e-01 2.970e-01 1.963e-03 1.708e-03 6.728e-03 -1.000 1.543e-02 -4.086 -1.431 1.433 1.457 -2.895
0.0152 0.01508 9.50000 1.4734529257 2.5366523266    1.308  3.617  3.4778 -0.199    8  0.555  0.389   292.27   130.76    81.41    64.74    52.98  1 -2.34e-07      0.00 6.876e-01 2.970e-01 1.963e-03 1.708e-03 6.728e-03 -1.000 1.543e-02 -4.273 -1.404 1.528 1.552 -2.894
0.0152 0.01508 9.50000 1.4734557867 2.5366525650    1.302  3.655  3.4722 -0.261    8  0.556  0.389   339.27   146.08    90.49    72.09    59.00  1 -3.39e-07      0.00 6.876e-01 2.970e-01 1.963e-03 1.708e-03 6.728e-03 -1.000 1.543e-02 -4.367 -1.401 1.567 1.590 -2.902
0.0152 0.01508 9.50000 1.4734591246 2.5366528034    1.296  3.671  3.4697 -0.289    8  0.557  0.389   362.87   153.46    94.84    75.63    61.90  1 -4.06e-07      0.00 6.876e-01 2.970e-01 1.963e-03 1.708e-03 6.728e-03 -1.000 1.543e-02 -4.406 -1.395 1.589 1.612 -2.901
0.0152 0.01508 9.50000 1.4734628201 2.5366530418    1.290  3.678  3.4699 -0.298    8  0.558  0.389   370.39   155.73    96.17    76.71    62.79  1 -4.43e-07      0.01 6.876e-01 2.970e-01 1.963e-03 1.708e-03 6.728e-03 -1.000 1.543e-02 -4.425 -1.413 1.574 1.597 -2.919
0.0152 0.01508 9.50000 1.4734629393 2.5366530418    1.289  3.565  3.4841 -0.129    8  0.558  0.389   245.87   114.62    71.77    56.99    46.61  1 -1.98e-07      0.00 6.876e-01 2.970e-01 1.963e-03 1.708e-03 6.728e-03 -1.000 1.543e-02 -4.143 -1.396 1.497 1.521 -2.871
0.0152 0.01508 9.50000 1.4734632969 2.5366530418    1.288  3.424  3.5038  0.092    8  0.558  0.389   146.95    76.96    49.05    38.73    31.65  1 -1.13e-07      0.00 6.876e-01 2.970e-01 1.963e-03 1.708e-03 6.728e-03 -1.000 1.543e-02 -3.789 -1.591 0.959 0.991 -2.985
0.0152 0.01508 9.50000 1.4734640121 2.5366532803    1.286  3.228  3.5312  0.396    8  0.558  0.389    74.52    44.37    28.99    22.71    18.53  2 -5.09e-08      0.00 6.876e-01 2.970e-01 1.963e-03 1.708e-03 6.728e-03 -1.000 1.543e-02 -3.300 -1.904 -0.143 -0.098 -3.126
0.0152 0.01508 9.50000 1.4734650850 2.5366532803    1.283  3.240  3.5294  0.376    8  0.558  0.389    77.86    46.01    30.01    23.52    19.19  2 -5.39e-08      0.00 6.876e-01 2.970e-01 1.963e-03 1.708e-03 6.728e-03 -1.000 1.543e-02 -3.330 -1.892 -0.083 -0.038 -3.126
0.0152 0.01508 9.50000 1.4734663963 2.5366535187    1.280  3.333  3.5160  0.228    8  0.559  0.389   107.79    60.05    38.70    30.45    24.86  2 -7.97e-08      0.00 6.876e-01 2.970e-01 1.963e-03 1.708e-03 6.728e-03 -1.000 1.543e-02 -3.563 -1.748 0.452 0.491 -3.070
0.0152 0.01508 9.50000 1.4734681845 2.5366535187    1.275  3.462  3.4975  0.023    8  0.559  0.389   171.82    86.92    55.09    43.59    35.62  1 -1.36e-07      0.00 6.876e-01 2.970e-01 1.963e-03 1.708e-03 6.728e-03 -1.000 1.543e-02 -3.886 -1.488 1.214 1.242 -2.916
0.0152 0.01508 9.50000 1.4734702110 2.5366537571    1.269  3.574  3.4813 -0.155    8  0.560  0.389   260.93   119.73    74.79    59.47    48.64  1 -2.14e-07      0.00 6.876e-01 2.970e-01 1.963e-03 1.708e-03 6.728e-03 -1.000 1.543e-02 -4.164 -1.360 1.549 1.572 -2.842
0.0152 0.01508 9.50000 1.4734727144 2.5366539955    1.263  3.645  3.4706 -0.272    8  0.561  0.389   345.67   147.70    91.38    72.90    59.65  1 -3.42e-07      0.00 6.876e-01 2.970e-01 1.963e-03 1.708e-03 6.728e-03 -1.000 1.543e-02 -4.343 -1.351 1.625 1.648 -2.854
0.0152 0.01508 9.50000 1.4734754562 2.5366542339    1.255  3.681  3.4648 -0.333    8  0.562  0.389   401.44   164.81   101.46    81.08    66.36  1 -5.09e-07      0.01 6.876e-01 2.970e-01 1.963e-03 1.708e-03 6.728e-03 -1.000 1.543e-02 -4.433 -1.353 1.661 1.684 -2.867
0.0152 0.01508 9.50000 1.4734785557 2.5366544724    1.247  3.696  3.4621 -0.362    8  0.563  0.389   430.43   173.32   106.44    85.14    69.69  1 -6.09e-07      0.01 6.876e-01 2.970e-01 1.963e-03 1.708e-03 6.728e-03 -1.000 1.543e-02 -4.471 -1.347 1.687 1.710 -2.866
0.0152 0.01508 9.50000 1.4734821320 2.5366547108    1.238  3.703  3.4620 -0.373    8  0.564  0.389   441.47   176.42   108.24    86.63    70.91  1  -6.7e-07      0.01 6.876e-01 2.970e-01 1.963e-03 1.708e-03 6.728e-03 -1.000 1.543e-02 -4.489 -1.358 1.683 1.706 -2.878
0.0152 0.01508 9.50000 1.4734822512 2.5366547108    1.237  3.604  3.4750 -0.222    8  0.564  0.389   304.62   134.18    83.34    66.44    54.35  1 -2.59e-07      0.00 6.876e-01 2.970e-01 1.963e-03 1.708e-03 6.728e-03 -1.000 1.543e-02 -4.240 -1.325 1.622 1.645 -2.820
0.0152 0.01508 9.50000 1.4734826088 2.5366547108    1.235  3.465  3.4952 -0.002    8  0.564  0.389   180.89    90.22    57.04    45.21    36.95  1  -1.5e-07      0.00 6.876e-01 2.970e-01 1.963e-03 1.708e-03 6.728e-03 -1.000 1.543e-02 -3.891 -1.424 1.324 1.351 -2.861
0.0152 0.01508 9.50000 1.4734833241 2.5366549492    1.232  3.270  3.5234  0.304    8  0.564  0.389    90.25    51.83    33.60    26.41    21.55  2  -6.9e-08      0.00 6.876e-01 2.970e-01 1.963e-03 1.708e-03 6.728e-03 -1.000 1.543e-02 -3.405 -1.810 0.168 0.211 -3.083
0.0152 0.01508 9.50000 1.4734842777 2.5366549492    1.228  3.282  3.5214  0.283    8  0.565  0.389    94.57    53.83    34.83    27.40    22.36  2 -7.32e-08      0.00 6.876e-01 2.970e-01 1.963e-03 1.708e-03 6.728e-03 -1.000 1.543e-02 -3.435 -1.787 0.248 0.290 -3.073
0.0152 0.01508 9.50000 1.4734855890 2.5366549492    1.222  3.373  3.5078  0.136    8  0.565  0.389   131.39    70.12    44.83    35.41    28.92  1 -1.07e-07      0.00 6.876e-01 2.970e-01 1.963e-03 1.708e-03 6.728e-03 -1.000 1.543e-02 -3.661 -1.582 0.869 0.904 -2.955
0.0152 0.01508 9.50000 1.4734872580 2.5366551876    1.215  3.497  3.4890 -0.066    8  0.566  0.389   209.60   100.93    63.47    50.42    41.21  1 -1.79e-07      0.00 6.876e-01 2.970e-01 1.963e-03 1.708e-03 6.728e-03 -1.000 1.543e-02 -3.973 -1.329 1.529 1.553 -2.792
0.0152 0.01508 9.50000 1.4734892845 2.5366554260    1.207  3.604  3.4725 -0.242    8  0.566  0.389   318.47   138.38    85.78    68.48    56.01  1 -2.77e-07      0.00 6.876e-01 2.970e-01 1.963e-03 1.708e-03 6.728e-03 -1.000 1.543e-02 -4.240 -1.285 1.675 1.698 -2.784
0.0152 0.01508 9.50000 1.4734915495 2.5366556644    1.197  3.673  3.4615 -0.358    8  0.567  0.389   422.80   170.41   104.63    83.81    68.57  1  -5.5e-07      0.01 6.876e-01 2.970e-01 1.963e-03 1.708e-03 6.728e-03 -1.000 1.543e-02 -4.412 -1.285 1.749 1.771 -2.804
0.0152 0.01508 9.50000 1.4734942913 2.5366559029    1.186  3.707  3.4555 -0.421    8  0.568  0.389   493.32   190.44   116.33    93.35    76.40  1 -8.16e-07      0.02 6.876e-01 2.970e-01 1.963e-03 1.708e-03 6.728e-03 -1.000 1.543e-02 -4.498 -1.279 1.822 1.844 -2.811
0.0152 0.01508 9.50000 1.4734972715 2.5366561413    1.173  3.722  3.4523 -0.453    8  0.569  0.389   532.73   201.08   122.50    98.42    80.56  1 -9.85e-07      0.02 6.876e-01 2.970e-01 1.963e-03 1.708e-03 6.728e-03 -1.000 1.543e-02 -4.534 -1.266 1.874 1.896 -2.805
0.0152 0.01508 9.50000 1.4735007286 2.5366563797    1.160  3.729  3.4518 -0.467    8  0.570  0.389   550.51   205.64   125.11   100.60    82.34  0  -1.1e-06      0.03 6.876e-01 2.970e-01 1.963e-03 1.708e-03 6.728e-03 -1.000 1.543e-02 -4.551 -1.265 1.890 1.912 -2.807
0.0152 0.01508 9.50000 1.4735008478 2.5366563797    1.159  3.642  3.4634 -0.334    8  0.570  0.389   395.76   161.83    99.53    79.75    65.23  1 -4.46e-07      0.01 6.876e-01 2.970e-01 1.963e-03 1.708e-03 6.728e-03 -1.000 1.543e-02 -4.335 -1.240 1.777 1.800 -2.756
0.0152 0.01508 9.50000 1.4735012054 2.5366563797    1.156  3.505  3.4840 -0.116    8  0.570  0.389   233.13   108.94    68.20    54.33    44.40  1 -2.13e-07      0.00 6.876e-01 2.970e-01 1.963e-03 1.708e-03 6.728e-03 -1.000 1.543e-02 -3.992 -1.247 1.641 1.665 -2.722
0.0152 0.01508 9.50000 1.4735018015 2.5366563797    1.151  3.311  3.5132  0.193    8  0.571  0.389   114.10    62.32    40.00    31.61    25.80  1    -1e-07      0.00 6.876e-01 2.970e-01 1.963e-03 1.708e-03 6.728e-03 -1.000 1.543e-02 -3.508 -1.599 0.696 0.733 -2.939
0.0152 0.01508 9.50000 1.4735027552 2.5366566181    1.144  3.323  3.5109  0.169    8  0.571  0.389   120.15    64.91    41.58    32.89    26.84  1 -1.07e-07      0.00 6.876e-01 2.970e-01 1.963e-03 1.708e-03 6.728e-03 -1.000 1.543e-02 -3.537 -1.553 0.815 0.851 -2.908
0.0152 0.01508 9.50000 1.4735039473 2.5366566181    1.134  3.411  3.4968  0.021    8  0.571  0.389   168.30    84.60    53.55    42.53    34.73  1 -1.55e-07      0.00 6.876e-01 2.970e-01 1.963e-03 1.708e-03 6.728e-03 -1.000 1.543e-02 -3.757 -1.341 1.373 1.401 -2.770
0.0152 0.01508 9.50000 1.4735054970 2.5366568565    1.123  3.530  3.4774 -0.180    8  0.572  0.389   270.34   121.50    75.64    60.42    49.38  1 -2.55e-07      0.00 6.876e-01 2.970e-01 1.963e-03 1.708e-03 6.728e-03 -1.000 1.543e-02 -4.056 -1.186 1.742 1.765 -2.675
0.0152 0.01508 9.50000 1.4735074043 2.5366568565    1.109  3.633  3.4604 -0.356    8  0.573  0.389   413.77   166.42   102.12    81.99    67.05  1 -4.74e-07      0.01 6.876e-01 2.970e-01 1.963e-03 1.708e-03 6.728e-03 -1.000 1.543e-02 -4.311 -1.175 1.859 1.881 -2.696
0.0152 0.01508 9.50000 1.4735095501 2.5366570950    1.092  3.698  3.4488 -0.475    8  0.574  0.389   554.16   205.34   124.78   100.55    82.26  0 -9.93e-07      0.02 6.876e-01 2.970e-01 1.963e-03 1.708e-03 6.728e-03 -1.000 1.543e-02 -4.475 -1.168 2.010 2.031 -2.713
0.0152 0.01508 9.50000 1.4735120535 2.5366573334    1.074  3.731  3.4421 -0.541    8  0.574  0.389   653.61   230.62   139.35   112.56    92.09  0 -1.48e-06      0.05 6.876e-01 2.970e-01 1.963e-03 1.708e-03 6.728e-03 -1.000 1.543e-02 -4.556 -1.146 2.142 2.161 -2.709
0.0152 0.01508 9.50000 1.4735149145 2.5366575718    1.054  3.744  3.4383 -0.578    8  0.576  0.389   714.81   245.22   147.70   119.49    97.77  0 -1.83e-06      0.07 6.876e-01 2.970e-01 1.963e-03 1.708e-03 6.728e-03 -1.000 1.543e-02 -4.590 -1.108 2.254 2.272 -2.683
0.0152 0.01508 9.50000 1.4735181332 2.5366578102    1.032  3.750  3.4397 -0.588    8  0.577  0.389   730.16   248.35   149.43   121.01    98.99  0 -2.06e-06      0.08 6.876e-01 2.970e-01 1.963e-03 1.708e-03 6.728e-03 -1.000 1.543e-02 -4.606 -1.107 2.258 2.276 -2.684
0.0152 0.01508 9.50000 1.4735182524 2.5366578102    1.030  3.676  3.4474 -0.483    8  0.577  0.389   559.60   205.45   124.67   100.68    82.33  0 -9.64e-07      0.02 6.876e-01 2.970e-01 1.963e-03 1.708e-03 6.728e-03 -1.000 1.543e-02 -4.419 -1.101 2.092 2.112 -2.649
0.0152 0.01508 9.50000 1.4735186100 2.5366578102    1.024  3.541  3.4685 -0.267    8  0.577  0.389   327.03   138.67    85.64    68.77    56.18  1 -3.45e-07      0.00 6.876e-01 2.970e-01 1.963e-03 1.708e-03 6.728e-03 -1.000 1.543e-02 -4.082 -1.067 1.912 1.935 -2.573
0.0152 0.01508 9.50000 1.4735192060 2.5366580486    1.014  3.349  3.4994  0.045    8  0.577  0.389   156.02    78.79    49.90    39.76    32.43  1 -1.69e-07      0.00 6.876e-01 2.970e-01 1.963e-03 1.708e-03 6.728e-03 -1.000 1.543e-02 -3.602 -1.262 1.403 1.432 -2.680
0.0152 0.01508 9.50000 1.4735200405 2.5366580486    0.999  3.360  3.4964  0.014    8  0.577  0.389   166.90    82.90    52.37    41.78    34.08  1 -1.84e-07      0.00 6.876e-01 2.970e-01 1.963e-03 1.708e-03 6.728e-03 -1.000 1.543e-02 -3.631 -1.200 1.524 1.552 -2.631
0.0152 0.01508 9.50000 1.4735212326 2.5366580486    0.979  3.446  3.4802 -0.144    8  0.578  0.389   241.59   109.87    68.50    54.91    44.82  1 -2.71e-07      0.00 6.876e-01 2.970e-01 1.963e-03 1.708e-03 6.728e-03 -1.000 1.543e-02 -3.845 -1.023 1.886 1.909 -2.506
0.0152 0.01508 9.50000 1.4735226631 2.5366582870    0.955  3.561  3.4578 -0.360    8  0.578  0.389   406.19   161.36    98.82    79.74    65.13  0  -4.5e-07      0.01 6.876e-01 2.970e-01 1.963e-03 1.708e-03 6.728e-03 -1.000 1.543e-02 -4.134 -0.975 2.076 2.098 -2.499
0.0152 0.01508 9.50000 1.4735244513 2.5366582870    0.927  3.660  3.4375 -0.553    8  0.579  0.389   653.95   226.80   136.69   110.98    90.70  0  -1.2e-06      0.04 6.876e-01 2.970e-01 1.963e-03 1.708e-03 6.728e-03 -1.000 1.543e-02 -4.380 -0.950 2.381 2.399 -2.519
0.0152 0.01508 9.50000 1.4735264778 2.5366585255    0.895  3.723  3.4237 -0.686    8  0.580  0.389   914.74   286.14   170.53   139.10   113.72  0 -2.64e-06      0.13 6.876e-01 2.970e-01 1.963e-03 1.708e-03 6.728e-03 -1.000 1.543e-02 -4.538 -0.838 2.809 2.820 -2.452
0.0152 0.01508 9.50000 1.4735288620 2.5366587639    0.860  3.755  3.4169 -0.762    8  0.581  0.389  1106.76   325.04   192.43   157.50   128.75  0 -4.21e-06      0.42 6.876e-01 2.970e-01 1.963e-03 1.708e-03 6.728e-03 -1.000 1.543e-02 -4.617 -0.412 3.638 3.638 -2.095
0.0152 0.01508 9.50000 1.4735316038 2.5366590023    0.822  3.768  3.4158 -0.800    8  0.582  0.389  1211.64   344.00   202.93   166.51   136.09  0 -5.55e-06      0.61 6.876e-01 2.970e-01 1.963e-03 1.708e-03 6.728e-03 -1.000 1.543e-02 -4.650 -0.147 4.111 4.104 -1.868
0.0152 0.01508 9.50000 1.4735345840 2.5366592407    0.781  3.775  3.4686 -0.618    8  0.583  0.389   749.22   244.04   146.04   119.44    97.51  0 -5.44e-06      0.49 6.876e-01 2.970e-01 1.963e-03 1.708e-03 6.728e-03 -1.000 1.543e-02 -4.667 -0.807 2.739 2.751 -2.436
0.0152 0.01508 9.50000 1.4735441208 2.5366601944    0.586 -9.999  4.0000  1.501    9  0.586  0.000     0.00     0.00     0.00     0.00     0.00 -1    -1e-30      0.00 6.876e-01 2.970e-01 1.963e-03 1.708e-03 6.728e-03 -1.000 1.543e-02 29.767 29.975 29.959 29.949 29.989