Zini     MH   logAge Mini        int_IMF         Mass   logL    logTe  logg  label   McoreTP C_O  period0  period1  period2  period3  period4  pmode  Mloss  tau1m   X   Y   Xc  Xn  Xo  Cexcess  Z 	 mbolmag  Umag    Bmag    Vmag    Rmag    Imag    Jmag    Hmag    Kmag
0.01471 0.00000 6.90309 0.0900000036 1.0816895962    0.090 -1.995  3.3989  3.935    0  0.000  0.545     0.00     0.00     0.00     0.00     0.00 -1 -4.62e-15      0.00 7.107e-01 2.745e-01 2.655e-03 7.163e-04 6.496e-03 -1.000 1.476e-02 9.757 16.952 15.559 14.101 12.263 10.176 7.717 7.141 6.751
0.01471 0.00000 6.90309 0.1000000015 1.1711064577    0.100 -1.936  3.4052  3.946    0  0.000  0.545     0.00     0.00     0.00     0.00     0.00 -1 -4.96e-15      0.00 7.107e-01 2.745e-01 2.655e-03 7.163e-04 6.496e-03 -1.000 1.476e-02 9.609 16.814 15.414 13.953 12.114 10.027 7.568 6.992 6.603
0.01471 0.00000 6.90309 0.1139082685 1.2777887583    0.114 -1.859  3.4132  3.958    0  0.000  0.545     0.00     0.00     0.00     0.00     0.00 -1 -5.47e-15      0.00 7.107e-01 2.745e-01 2.655e-03 7.163e-04 6.496e-03 -1.000 1.476e-02 9.417 16.634 15.226 13.763 11.923 9.835 7.377 6.800 6.412
0.01471 0.00000 6.90309 0.1288164258 1.3747934103    0.129 -1.783  3.4213  3.968    0  0.000  0.545     0.00     0.00     0.00     0.00     0.00 -1 -6.02e-15      0.00 7.107e-01 2.745e-01 2.655e-03 7.163e-04 6.496e-03 -1.000 1.476e-02 9.229 16.314 14.922 13.459 11.653 9.593 7.195 6.617 6.233
0.01471 0.00000 6.90309 0.1332759559 1.4010090828    0.133 -1.763  3.4235  3.971    0  0.000  0.545     0.00     0.00     0.00     0.00     0.00 -1 -6.19e-15      0.00 7.107e-01 2.745e-01 2.655e-03 7.163e-04 6.496e-03 -1.000 1.476e-02 9.177 16.182 14.802 13.338 11.553 9.510 7.147 6.568 6.187
0.01471 0.00000 6.90309 0.1378971189 1.4269981384    0.138 -1.741  3.4255  3.973    0  0.000  0.545     0.00     0.00     0.00     0.00     0.00 -1 -6.39e-15      0.00 7.107e-01 2.745e-01 2.655e-03 7.163e-04 6.496e-03 -1.000 1.476e-02 9.123 16.055 14.685 13.222 11.456 9.429 7.098 6.519 6.139
0.01471 0.00000 6.90309 0.1472381502 1.4762315750    0.147 -1.699  3.4303  3.978    0  0.000  0.545     0.00     0.00     0.00     0.00     0.00 -1 -6.79e-15      0.00 7.107e-01 2.745e-01 2.655e-03 7.163e-04 6.496e-03 -1.000 1.476e-02 9.018 15.775 14.430 12.969 11.248 9.257 7.001 6.421 6.047
0.01471 0.00000 6.90309 0.1588325649 1.5319745541    0.159 -1.651  3.4356  3.985    0  0.000  0.545     0.00     0.00     0.00     0.00     0.00 -1 -7.24e-15      0.00 7.107e-01 2.745e-01 2.655e-03 7.163e-04 6.496e-03 -1.000 1.476e-02 8.899 15.480 14.160 12.710 11.032 9.075 6.891 6.309 5.942
0.01471 0.00000 6.90309 0.1661001742 1.5642868280    0.166 -1.623  3.4390  3.990    0  0.000  0.545     0.00     0.00     0.00     0.00     0.00 -1 -7.51e-15      0.00 7.107e-01 2.745e-01 2.655e-03 7.163e-04 6.496e-03 -1.000 1.476e-02 8.828 15.295 13.991 12.548 10.899 8.964 6.826 6.243 5.881
0.01471 0.00000 6.90309 0.1794463098 1.6190916300    0.179 -1.570  3.4456  3.996    0  0.000  0.545     0.00     0.00     0.00     0.00     0.00 -1 -8.11e-15      0.00 7.107e-01 2.745e-01 2.655e-03 7.163e-04 6.496e-03 -1.000 1.476e-02 8.695 14.950 13.674 12.245 10.649 8.756 6.704 6.119 5.767
0.01471 0.00000 6.90309 0.1939197183 1.6728343964    0.194 -1.521  3.4512  4.003    0  0.000  0.545     0.00     0.00     0.00     0.00     0.00 -1 -8.67e-15      0.00 7.107e-01 2.745e-01 2.655e-03 7.163e-04 6.496e-03 -1.000 1.476e-02 8.572 14.653 13.398 11.979 10.427 8.572 6.591 6.003 5.659
0.01471 0.00000 6.90309 0.2058344781 1.7133054733    0.206 -1.486  3.4551  4.010    0  0.000  0.545     0.00     0.00     0.00     0.00     0.00 -1 -9.06e-15      0.00 7.107e-01 2.745e-01 2.655e-03 7.163e-04 6.496e-03 -1.000 1.476e-02 8.484 14.458 13.213 11.796 10.273 8.446 6.510 5.921 5.583
0.01471 0.00000 6.90309 0.2240443975 1.7696102858    0.224 -1.429  3.4618  4.017    0  0.000  0.545     0.00     0.00     0.00     0.00     0.00 -1 -9.81e-15      0.00 7.107e-01 2.745e-01 2.655e-03 7.163e-04 6.496e-03 -1.000 1.476e-02 8.343 14.136 12.908 11.497 10.022 8.242 6.382 5.788 5.460
0.01471 0.00000 6.90309 0.2438887656 1.8245626688    0.244 -1.375  3.4679  4.024    0  0.000  0.545     0.00     0.00     0.00     0.00     0.00 -1 -1.06e-14      0.00 7.107e-01 2.745e-01 2.655e-03 7.163e-04 6.496e-03 -1.000 1.476e-02 8.208 13.852 12.636 11.234 9.799 8.057 6.257 5.659 5.341
0.01471 0.00000 6.90309 0.2628448308 1.8718818426    0.263 -1.329  3.4734  4.032    0  0.000  0.545     0.00     0.00     0.00     0.00     0.00 -1 -1.12e-14      0.00 7.107e-01 2.745e-01 2.655e-03 7.163e-04 6.496e-03 -1.000 1.476e-02 8.091 13.613 12.404 11.008 9.606 7.899 6.151 5.549 5.238
0.01471 0.00000 6.90309 0.2914583683 1.9354846478    0.291 -1.261  3.4817  4.042    0  0.000  0.545     0.00     0.00     0.00     0.00     0.00 -1 -1.23e-14      0.00 7.107e-01 2.745e-01 2.655e-03 7.163e-04 6.496e-03 -1.000 1.476e-02 7.923 13.270 12.069 10.677 9.323 7.672 5.999 5.388 5.090
0.01471 0.00000 6.90309 0.3000000119 1.9529139996    0.300 -1.243  3.4840  4.046    0  0.000  0.545     0.00     0.00     0.00     0.00     0.00 -1 -1.26e-14      0.00 7.107e-01 2.745e-01 2.655e-03 7.163e-04 6.496e-03 -1.000 1.476e-02 7.877 13.184 11.981 10.588 9.245 7.611 5.959 5.345 5.050
0.01471 0.00000 6.90309 0.3100803196 1.9726713896    0.310 -1.222  3.4866  4.050    0  0.000  0.545     0.00     0.00     0.00     0.00     0.00 -1 -1.29e-14      0.00 7.107e-01 2.745e-01 2.655e-03 7.163e-04 6.496e-03 -1.000 1.476e-02 7.826 13.086 11.882 10.487 9.157 7.544 5.914 5.297 5.006
0.01471 0.00000 6.90309 0.3500000238 2.0434176922    0.350 -1.144  3.4963  4.064    0  0.000  0.545     0.00     0.00     0.00     0.00     0.00 -1 -1.43e-14      0.00 7.107e-01 2.745e-01 2.655e-03 7.163e-04 6.496e-03 -1.000 1.476e-02 7.631 12.717 11.510 10.122 8.844 7.292 5.741 5.111 4.833
0.01471 0.00000 6.90309 0.3981096745 2.1158900261    0.398 -1.064  3.5063  4.079    0  0.000  0.545     0.00     0.00     0.00     0.00     0.00 -1 -1.59e-14      0.00 7.107e-01 2.745e-01 2.655e-03 7.163e-04 6.496e-03 -1.000 1.476e-02 7.430 12.353 11.139 9.766 8.538 7.041 5.563 4.917 4.653
0.01471 0.00000 6.90309 0.4000000358 2.1185026169    0.400 -1.061  3.5067  4.080    0  0.000  0.545     0.00     0.00     0.00     0.00     0.00 -1 -1.59e-14      0.00 7.107e-01 2.745e-01 2.655e-03 7.163e-04 6.496e-03 -1.000 1.476e-02 7.423 12.340 11.126 9.754 8.527 7.032 5.557 4.910 4.646
0.01471 0.00000 6.90309 0.4500000179 2.1822810173    0.450 -0.986  3.5168  4.096    0  0.000  0.545     0.00     0.00     0.00     0.00     0.00 -1 -1.75e-14      0.00 7.107e-01 2.745e-01 2.655e-03 7.163e-04 6.496e-03 -1.000 1.476e-02 7.234 12.006 10.777 9.414 8.235 6.797 5.393 4.730 4.478
0.01471 0.00000 6.90309 0.4630338252 2.1974055767    0.463 -0.968  3.5193  4.101    0  0.000  0.545     0.00     0.00     0.00     0.00     0.00 -1 -1.79e-14      0.00 7.107e-01 2.745e-01 2.655e-03 7.163e-04 6.496e-03 -1.000 1.476e-02 7.191 11.928 10.695 9.334 8.166 6.743 5.356 4.690 4.440
0.01471 0.00000 6.90309 0.5000000000 2.2374541759    0.500 -0.919  3.5263  4.113    0  0.000  0.545     0.00     0.00     0.00     0.00     0.00 -1  -1.9e-14      0.00 7.107e-01 2.745e-01 2.655e-03 7.163e-04 6.496e-03 -1.000 1.476e-02 7.068 11.718 10.467 9.107 7.969 6.591 5.251 4.574 4.332
0.01471 0.00000 6.90309 0.5202983618 2.2574439049    0.520 -0.892  3.5308  4.121    0  0.000  0.545     0.00     0.00     0.00     0.00     0.00 -1 -1.96e-14      0.00 7.107e-01 2.745e-01 2.655e-03 7.163e-04 6.496e-03 -1.000 1.476e-02 7.000 11.597 10.334 8.974 7.856 6.506 5.195 4.512 4.274
0.01471 0.00000 6.90309 0.5456057191 2.2799863815    0.545 -0.862  3.5350  4.129    0  0.000  0.545     0.00     0.00     0.00     0.00     0.00 -1 -2.04e-14      0.00 7.107e-01 2.745e-01 2.655e-03 7.163e-04 6.496e-03 -1.000 1.476e-02 6.925 11.473 10.197 8.840 7.739 6.416 5.132 4.443 4.209
0.01471 0.00000 6.90309 0.5500000119 2.2836582661    0.550 -0.857  3.5357  4.130    0  0.000  0.545     0.00     0.00     0.00     0.00     0.00 -1 -2.05e-14      0.00 7.107e-01 2.745e-01 2.655e-03 7.163e-04 6.496e-03 -1.000 1.476e-02 6.912 11.453 10.175 8.818 7.720 6.401 5.121 4.431 4.198
0.01471 0.00000 6.90309 0.5661830306 2.2966177464    0.566 -0.837  3.5393  4.136    0  0.000  0.545     0.00     0.00     0.00     0.00     0.00 -1  -2.1e-14      0.00 7.107e-01 2.745e-01 2.655e-03 7.163e-04 6.496e-03 -1.000 1.476e-02 6.861 11.361 10.073 8.717 7.633 6.337 5.079 4.384 4.155
0.01471 0.00000 6.90309 0.5953208804 2.3179214001    0.595 -0.803  3.5446  4.146    0  0.000  0.545     0.00     0.00     0.00     0.00     0.00 -1 -2.19e-14      0.00 7.107e-01 2.745e-01 2.655e-03 7.163e-04 6.496e-03 -1.000 1.476e-02 6.777 11.220 9.914 8.559 7.495 6.236 5.009 4.307 4.084
0.01471 0.00000 6.90309 0.6000000238 2.3211214542    0.600 -0.798  3.5453  4.147    0  0.000  0.545     0.00     0.00     0.00     0.00     0.00 -1  -2.2e-14      0.00 7.107e-01 2.745e-01 2.655e-03 7.163e-04 6.496e-03 -1.000 1.476e-02 6.766 11.202 9.895 8.539 7.478 6.223 5.000 4.297 4.075
0.01471 0.00000 6.90309 0.6015602946 2.3221757412    0.601 -0.797  3.5456  4.148    0  0.000  0.545     0.00     0.00     0.00     0.00     0.00 -1 -2.21e-14      0.00 7.107e-01 2.745e-01 2.655e-03 7.163e-04 6.496e-03 -1.000 1.476e-02 6.761 11.194 9.885 8.530 7.470 6.217 4.997 4.293 4.071
0.01471 0.00000 6.90309 0.6314394474 2.3412160873    0.631 -0.760  3.5521  4.159    0  0.000  0.545     0.00     0.00     0.00     0.00     0.00 -1 -2.31e-14      0.00 7.107e-01 2.745e-01 2.655e-03 7.163e-04 6.496e-03 -1.000 1.476e-02 6.670 11.037 9.706 8.351 7.314 6.107 4.923 4.211 3.997
0.01471 0.00000 6.90309 0.6499999762 2.3520355225    0.650 -0.740  3.5556  4.165    0  0.000  0.545     0.00     0.00     0.00     0.00     0.00 -1 -2.37e-14      0.00 7.107e-01 2.745e-01 2.655e-03 7.163e-04 6.496e-03 -1.000 1.476e-02 6.620 10.954 9.611 8.254 7.229 6.048 4.883 4.167 3.957
0.01471 0.00000 6.90309 0.6789448857 2.3675580025    0.679 -0.703  3.5623  4.174    0  0.000  0.545     0.00     0.00     0.00     0.00     0.00 -1  -2.5e-14      0.00 7.107e-01 2.745e-01 2.655e-03 7.163e-04 6.496e-03 -1.000 1.476e-02 6.528 10.800 9.432 8.075 7.071 5.939 4.809 4.085 3.883
0.01471 0.00000 6.90309 0.7000000477 2.3779268265    0.700 -0.678  3.5667  4.180    0  0.000  0.545     0.00     0.00     0.00     0.00     0.00 -1 -2.59e-14      0.00 7.107e-01 2.745e-01 2.655e-03 7.163e-04 6.496e-03 -1.000 1.476e-02 6.465 10.697 9.312 7.954 6.963 5.865 4.759 4.029 3.833
0.01471 0.00000 6.90309 0.7113915086 2.3832433224    0.711 -0.644  3.5784  4.200    0  0.000  0.543     0.00     0.00     0.00     0.00     0.00 -1 -2.72e-14      0.00 7.107e-01 2.745e-01 2.646e-03 7.160e-04 6.496e-03 -1.000 1.476e-02 6.380 10.501 9.076 7.720 6.762 5.756 4.707 3.968 3.787
0.01471 0.00000 6.90309 0.7500000000 2.3998889923    0.750 -0.526  3.6182  4.264    0  0.000  0.538     0.00     0.00     0.00     0.00     0.00 -1 -3.23e-14      0.00 7.107e-01 2.745e-01 2.620e-03 7.153e-04 6.497e-03 -1.000 1.476e-02 6.085 9.760 8.274 6.999 6.141 5.405 4.509 3.787 3.660
0.01471 0.00000 6.90309 0.7778971791 2.4107413292    0.778 -0.501  3.6215  4.268    0  0.000  0.538     0.00     0.00     0.00     0.00     0.00 -1 -3.35e-14      0.00 7.107e-01 2.745e-01 2.620e-03 7.153e-04 6.497e-03 -1.000 1.476e-02 6.022 9.651 8.169 6.905 6.055 5.338 4.454 3.736 3.613
0.01471 0.00000 6.90309 0.8000000119 2.4187245369    0.800 -0.479  3.6239  4.268    0  0.000  0.538     0.00     0.00     0.00     0.00     0.00 -1 -3.46e-14      0.00 7.107e-01 2.745e-01 2.620e-03 7.153e-04 6.497e-03 -1.000 1.476e-02 5.969 9.561 8.084 6.828 5.985 5.283 4.406 3.693 3.573
0.01471 0.00000 6.90309 0.8287920952 2.4283928871    0.828 -0.451  3.6277  4.270    0  0.000  0.538     0.00     0.00     0.00     0.00     0.00 -1 -3.62e-14      0.00 7.107e-01 2.745e-01 2.620e-03 7.153e-04 6.497e-03 -1.000 1.476e-02 5.898 9.435 7.965 6.723 5.890 5.209 4.345 3.638 3.522
0.01471 0.00000 6.90309 0.8500000238 2.4350347519    0.850 -0.428  3.6305  4.269    0  0.000  0.538     0.00     0.00     0.00     0.00     0.00 -1 -3.78e-14      0.00 7.107e-01 2.745e-01 2.620e-03 7.153e-04 6.497e-03 -1.000 1.476e-02 5.840 9.333 7.869 6.638 5.813 5.149 4.294 3.591 3.479
0.01471 0.00000 6.90309 0.8942998052 2.4477472305    0.894 -0.382  3.6364  4.269    0  0.000  0.538     0.00     0.00     0.00     0.00     0.00 -1 -4.09e-14      0.00 7.107e-01 2.745e-01 2.620e-03 7.153e-04 6.497e-03 -1.000 1.476e-02 5.726 9.105 7.675 6.469 5.662 5.030 4.196 3.502 3.397
0.01471 0.00000 6.90309 0.8999999762 2.4492788315    0.899 -0.376  3.6372  4.269    0  0.000  0.538     0.00     0.00     0.00     0.00     0.00 -1 -4.14e-14      0.00 7.107e-01 2.745e-01 2.620e-03 7.153e-04 6.497e-03 -1.000 1.476e-02 5.710 9.075 7.649 6.446 5.642 5.015 4.183 3.490 3.386
0.01471 0.00000 6.90309 0.9261233807 2.4560213089    0.926 -0.350  3.6407  4.270    0  0.000  0.538     0.00     0.00     0.00     0.00     0.00 -1 -4.33e-14      0.00 7.107e-01 2.745e-01 2.620e-03 7.153e-04 6.497e-03 -1.000 1.476e-02 5.646 8.940 7.536 6.349 5.555 4.947 4.127 3.442 3.341
0.01471 0.00000 6.90309 0.9499999881 2.4618122578    0.950 -0.325  3.6441  4.269    0  0.000  0.538     0.00     0.00     0.00     0.00     0.00 -1 -4.53e-14      0.00 7.107e-01 2.745e-01 2.620e-03 7.153e-04 6.497e-03 -1.000 1.476e-02 5.582 8.800 7.427 6.256 5.473 4.881 4.073 3.397 3.299
0.01471 0.00000 6.90309 0.9738672376 2.4672758579    0.974 -0.299  3.6476  4.268    0  0.000  0.538     0.00     0.00     0.00     0.00     0.00 -1 -4.76e-14      0.00 7.107e-01 2.745e-01 2.620e-03 7.153e-04 6.497e-03 -1.000 1.476e-02 5.518 8.656 7.315 6.159 5.389 4.813 4.019 3.352 3.257
0.01471 0.00000 6.90309 1.0000000000 2.4729156494    1.000 -0.266  3.6520  4.264    0  0.000  0.538     0.00     0.00     0.00     0.00     0.00 -1 -5.09e-14      0.00 7.107e-01 2.745e-01 2.620e-03 7.153e-04 6.497e-03 -1.000 1.476e-02 5.435 8.469 7.173 6.038 5.285 4.727 3.948 3.295 3.203
0.01471 0.00000 6.90309 1.0499999523 2.4828116894    1.050 -0.215  3.6596  4.265    0  0.000  0.538     0.00     0.00     0.00     0.00     0.00 -1 -5.17e-14      0.00 7.107e-01 2.745e-01 2.620e-03 7.153e-04 6.497e-03 -1.000 1.476e-02 5.309 8.151 6.944 5.847 5.123 4.594 3.844 3.217 3.130
0.01471 0.00000 6.90309 1.1000000238 2.4916803837    1.099 -0.154  3.6686  4.260    0  0.000  0.538     0.00     0.00     0.00     0.00     0.00 -1 -5.38e-14      0.00 7.107e-01 2.745e-01 2.620e-03 7.153e-04 6.497e-03 -1.000 1.476e-02 5.155 7.784 6.676 5.624 4.936 4.433 3.716 3.120 3.037
0.01471 0.00000 6.90309 1.1499999762 2.4996678829    1.149 -0.099  3.6773  4.258    0  0.000  0.538     0.00     0.00     0.00     0.00     0.00 -1 -5.48e-14      0.00 7.107e-01 2.745e-01 2.620e-03 7.153e-04 6.497e-03 -1.000 1.476e-02 5.018 7.444 6.436 5.424 4.772 4.291 3.606 3.039 2.961
0.01471 0.00000 6.90309 1.1602876186 2.5012135506    1.160 -0.088  3.6790  4.258    0  0.000  0.538     0.00     0.00     0.00     0.00     0.00 -1 -5.49e-14      0.00 7.107e-01 2.745e-01 2.620e-03 7.153e-04 6.497e-03 -1.000 1.476e-02 4.989 7.374 6.386 5.383 4.738 4.262 3.583 3.022 2.945
0.01471 0.00000 6.90309 1.2000000477 2.5068950653    1.200 -0.033  3.6871  4.251    0  0.000  0.538     0.00     0.00     0.00     0.00     0.00 -1  -5.7e-14      0.00 7.107e-01 2.745e-01 2.620e-03 7.153e-04 6.497e-03 -1.000 1.476e-02 4.853 7.068 6.164 5.196 4.581 4.123 3.473 2.937 2.864
0.01471 0.00000 6.90309 1.2500000000 2.5134611130    1.250  0.034  3.6971  4.241    0  0.000  0.538     0.00     0.00     0.00     0.00     0.00 -1 -5.93e-14      0.00 7.107e-01 2.745e-01 2.620e-03 7.153e-04 6.497e-03 -1.000 1.476e-02 4.685 6.695 5.894 4.970 4.392 3.955 3.338 2.832 2.764
0.01471 0.00000 6.90309 1.2764617205 2.5166978836    1.276  0.071  3.7024  4.235    0  0.000  0.538     0.00     0.00     0.00     0.00     0.00 -1 -6.04e-14      0.00 7.107e-01 2.745e-01 2.620e-03 7.153e-04 6.497e-03 -1.000 1.476e-02 4.593 6.496 5.751 4.850 4.289 3.863 3.264 2.774 2.709
0.01471 0.00000 6.90309 1.2999999523 2.5194499493    1.300  0.106  3.7074  4.228    0  0.000  0.538     0.00     0.00     0.00     0.00     0.00 -1 -6.18e-14      0.00 7.107e-01 2.745e-01 2.620e-03 7.153e-04 6.497e-03 -1.000 1.476e-02 4.505 6.312 5.619 4.738 4.194 3.777 3.195 2.720 2.656
0.01471 0.00000 6.90309 1.3158030510 2.5212342739    1.316  0.128  3.7106  4.224    0  0.000  0.538     0.00     0.00     0.00     0.00     0.00 -1 -6.22e-14      0.00 7.107e-01 2.745e-01 2.620e-03 7.153e-04 6.497e-03 -1.000 1.476e-02 4.450 6.196 5.536 4.667 4.133 3.722 3.151 2.685 2.622
0.01471 0.00000 6.90309 1.3499999046 2.5249314308    1.350  0.179  3.7178  4.212    0  0.000  0.538     0.00     0.00     0.00     0.00     0.00 -1 -6.38e-14      0.00 7.107e-01 2.745e-01 2.620e-03 7.153e-04 6.497e-03 -1.000 1.476e-02 4.322 5.937 5.348 4.508 3.996 3.597 3.049 2.604 2.544
0.01471 0.00000 6.90309 1.3520876169 2.5251502991    1.352  0.182  3.7183  4.212    0  0.000  0.538     0.00     0.00     0.00     0.00     0.00 -1 -6.39e-14      0.00 7.107e-01 2.745e-01 2.620e-03 7.153e-04 6.497e-03 -1.000 1.476e-02 4.314 5.921 5.337 4.498 3.987 3.590 3.043 2.599 2.539
0.01471 0.00000 6.90309 1.3999999762 2.5299651623    1.400  0.263  3.7290  4.189    0  0.000  0.538     0.00     0.00     0.00     0.00     0.00 -1 -6.69e-14      0.00 7.107e-01 2.745e-01 2.620e-03 7.153e-04 6.497e-03 -1.000 1.476e-02 4.112 5.536 5.052 4.255 3.774 3.394 2.882 2.466 2.411
0.01471 0.00000 6.90309 1.4185546637 2.5317296982    1.419  0.296  3.7331  4.179    0  0.000  0.538     0.00     0.00     0.00     0.00     0.00 -1 -6.77e-14      0.00 7.107e-01 2.745e-01 2.620e-03 7.153e-04 6.497e-03 -1.000 1.476e-02 4.030 5.387 4.940 4.159 3.690 3.317 2.817 2.412 2.359
0.01471 0.00000 6.90309 1.4500000477 2.5346016884    1.450  0.356  3.7406  4.157    0  0.000  0.538     0.00     0.00     0.00     0.00     0.00 -1 -7.04e-14      0.00 7.107e-01 2.745e-01 2.620e-03 7.153e-04 6.497e-03 -1.000 1.476e-02 3.879 5.117 4.734 3.983 3.534 3.173 2.696 2.310 2.260
0.01471 0.00000 6.90309 1.4631289244 2.5357589722    1.463  0.383  3.7437  4.147    0  0.000  0.538     0.00     0.00     0.00     0.00     0.00 -1 -7.09e-14      0.00 7.107e-01 2.745e-01 2.620e-03 7.153e-04 6.497e-03 -1.000 1.476e-02 3.813 5.001 4.648 3.909 3.468 3.112 2.643 2.265 2.216
0.01471 0.00000 6.90309 1.4935909510 2.5383539200    1.494  0.450  3.7513  4.119    0  0.000  0.538     0.00     0.00     0.00     0.00     0.00 -1 -7.38e-14      0.00 7.107e-01 2.745e-01 2.620e-03 7.153e-04 6.497e-03 -1.000 1.476e-02 3.645 4.714 4.430 3.721 3.300 2.955 2.508 2.148 2.102
0.01471 0.00000 6.90309 1.5000000000 2.5388846397    1.500  0.465  3.7529  4.113    0  0.000  0.538     0.00     0.00     0.00     0.00     0.00 -1 -7.46e-14      0.00 7.107e-01 2.745e-01 2.620e-03 7.153e-04 6.497e-03 -1.000 1.476e-02 3.608 4.653 4.382 3.680 3.263 2.921 2.479 2.122 2.077
0.01471 0.00000 6.90309 1.5037237406 2.5391905308    1.504  0.473  3.7538  4.109    0  0.000  0.538     0.00     0.00     0.00     0.00     0.00 -1 -7.47e-14      0.00 7.107e-01 2.745e-01 2.620e-03 7.153e-04 6.497e-03 -1.000 1.476e-02 3.587 4.618 4.354 3.656 3.242 2.902 2.462 2.108 2.063
0.01471 0.00000 6.90309 1.5296217203 2.5412704945    1.530  0.538  3.7607  4.079    0  0.000  0.538     0.00     0.00     0.00     0.00     0.00 -1 -7.66e-14      0.00 7.107e-01 2.745e-01 2.620e-03 7.153e-04 6.497e-03 -1.000 1.476e-02 3.424 4.355 4.146 3.477 3.081 2.752 2.331 1.993 1.951
0.01471 0.00000 6.90309 1.5500000715 2.5428512096    1.550  0.594  3.7664  4.052    0  0.000  0.538     0.00     0.00     0.00     0.00     0.00 -1 -7.95e-14      0.00 7.107e-01 2.745e-01 2.620e-03 7.153e-04 6.497e-03 -1.000 1.476e-02 3.285 4.142 3.971 3.327 2.944 2.624 2.218 1.893 1.854
0.01471 0.00000 6.90309 1.5570574999 2.5433876514    1.557  0.614  3.7684  4.042    0  0.000  0.538     0.00     0.00     0.00     0.00     0.00 -1 -7.93e-14      0.00 7.107e-01 2.745e-01 2.620e-03 7.153e-04 6.497e-03 -1.000 1.476e-02 3.235 4.066 3.908 3.273 2.895 2.579 2.178 1.858 1.819
0.01471 0.00000 6.90309 1.5780446529 2.5449500084    1.578  0.676  3.7747  4.011    0  0.000  0.538     0.00     0.00     0.00     0.00     0.00 -1 -7.92e-14      0.00 7.107e-01 2.745e-01 2.620e-03 7.153e-04 6.497e-03 -1.000 1.476e-02 3.081 3.836 3.715 3.107 2.745 2.439 2.055 1.749 1.713
0.01471 0.00000 6.90309 1.5990115404 2.5464639664    1.599  0.738  3.7813  3.981    0  0.000  0.538     0.00     0.00     0.00     0.00     0.00 -1 -7.96e-14      0.00 7.107e-01 2.745e-01 2.620e-03 7.153e-04 6.497e-03 -1.000 1.476e-02 2.925 3.607 3.518 2.940 2.593 2.298 1.932 1.640 1.607
0.01471 0.00000 6.90309 1.6000000238 2.5465342999    1.600  0.741  3.7816  3.979    0  0.000  0.538     0.00     0.00     0.00     0.00     0.00 -1 -7.96e-14      0.00 7.107e-01 2.745e-01 2.620e-03 7.153e-04 6.497e-03 -1.000 1.476e-02 2.917 3.596 3.509 2.932 2.586 2.292 1.926 1.635 1.602
0.01471 0.00000 6.90309 1.6208248138 2.5479912758    1.620  0.803  3.7886  3.951    0  0.000  0.538     0.00     0.00     0.00     0.00     0.00 -1 -7.03e-14      0.00 7.107e-01 2.745e-01 2.619e-03 7.153e-04 6.497e-03 -1.000 1.476e-02 2.763 3.375 3.315 2.769 2.439 2.155 1.806 1.531 1.500
0.01471 0.00000 6.90309 1.6442575455 2.5495800972    1.644  0.871  3.7973  3.924    0  0.000  0.538     0.00     0.00     0.00     0.00     0.00 -1 -6.11e-14      0.00 7.107e-01 2.745e-01 2.619e-03 7.153e-04 6.497e-03 -1.000 1.476e-02 2.592 3.130 3.097 2.588 2.277 2.008 1.680 1.422 1.395
0.01471 0.00000 6.90309 1.6500000954 2.5499615669    1.649  0.888  3.7996  3.918    0  0.000  0.538     0.00     0.00     0.00     0.00     0.00 -1 -5.89e-14      0.00 7.107e-01 2.745e-01 2.619e-03 7.153e-04 6.497e-03 -1.000 1.476e-02 2.551 3.070 3.043 2.544 2.238 1.973 1.651 1.398 1.371
0.01471 0.00000 6.90309 1.6616606712 2.5507268906    1.661  0.921  3.8043  3.907    0  0.000  0.538     0.00     0.00     0.00     0.00     0.00 -1  -6.8e-18      0.00 7.107e-01 2.745e-01 2.619e-03 7.153e-04 6.497e-03 -1.000 1.476e-02 2.467 2.952 2.934 2.456 2.161 1.903 1.592 1.349 1.324
0.01471 0.00000 6.90309 1.6781003475 2.5517849922    1.677  0.967  3.8119  3.895    0  0.000  0.538     0.00     0.00     0.00     0.00     0.00 -1 -2.03e-23      0.00 7.107e-01 2.745e-01 2.619e-03 7.153e-04 6.497e-03 -1.000 1.476e-02 2.352 2.784 2.780 2.333 2.055 1.811 1.517 1.289 1.267
0.01471 0.00000 6.90309 1.6951606274 2.5528583527    1.694  1.014  3.8212  3.890    0  0.000  0.538     0.00     0.00     0.00     0.00     0.00 -1 -4.07e-29      0.00 7.107e-01 2.745e-01 2.619e-03 7.153e-04 6.497e-03 -1.000 1.476e-02 2.235 2.620 2.621 2.208 1.948 1.719 1.448 1.239 1.219
0.01471 0.00000 6.90309 1.7000000477 2.5531582832    1.699  1.027  3.8241  3.889    0  0.000  0.538     0.00     0.00     0.00     0.00     0.00 -1    -1e-30      0.00 7.107e-01 2.745e-01 2.619e-03 7.153e-04 6.497e-03 -1.000 1.476e-02 2.202 2.574 2.575 2.172 1.918 1.695 1.430 1.227 1.207
0.01471 0.00000 6.90309 1.7011907101 2.5532317162    1.700  1.030  3.8248  3.889    0  0.000  0.538     0.00     0.00     0.00     0.00     0.00 -1    -1e-30      0.00 7.107e-01 2.745e-01 2.619e-03 7.153e-04 6.497e-03 -1.000 1.476e-02 2.194 2.563 2.564 2.164 1.911 1.688 1.426 1.224 1.204
0.01471 0.00000 6.90309 1.7140324116 2.5540168285    1.713  1.064  3.8341  3.896    0  0.000  0.538     0.00     0.00     0.00     0.00     0.00 -1    -1e-30      0.00 7.107e-01 2.745e-01 2.619e-03 7.153e-04 6.497e-03 -1.000 1.476e-02 2.110 2.441 2.442 2.072 1.838 1.631 1.390 1.207 1.189
0.01471 0.00000 6.90309 1.7249901295 2.5546762943    1.724  1.091  3.8435  3.909    0  0.000  0.538     0.00     0.00     0.00     0.00     0.00 -1    -1e-30      0.00 7.107e-01 2.745e-01 2.619e-03 7.153e-04 6.497e-03 -1.000 1.476e-02 2.041 2.341 2.338 1.998 1.782 1.592 1.372 1.208 1.191
0.01471 0.00000 6.90309 1.7385805845 2.5554807186    1.737  1.123  3.8568  3.935    0  0.000  0.538     0.00     0.00     0.00     0.00     0.00 -1    -1e-30      0.00 7.107e-01 2.745e-01 2.619e-03 7.153e-04 6.497e-03 -1.000 1.476e-02 1.963 2.226 2.214 1.913 1.723 1.557 1.366 1.227 1.212
0.01471 0.00000 6.90309 1.7500000000 2.5561456680    1.749  1.146  3.8684  3.960    0  0.000  0.538     0.00     0.00     0.00     0.00     0.00 -1    -1e-30      0.00 7.107e-01 2.745e-01 2.619e-03 7.153e-04 6.497e-03 -1.000 1.476e-02 1.905 2.143 2.120 1.850 1.684 1.539 1.372 1.254 1.240
0.01471 0.00000 6.90309 1.7641090155 2.5569534302    1.763  1.169  3.8821  3.995    0  0.000  0.538     0.00     0.00     0.00     0.00     0.00 -1    -1e-30      0.00 7.107e-01 2.745e-01 2.619e-03 7.153e-04 6.497e-03 -1.000 1.476e-02 1.847 2.061 2.025 1.791 1.652 1.531 1.393 1.298 1.286
0.01471 0.00000 6.90309 1.7729618549 2.5574529171    1.772  1.180  3.8901  4.018    0  0.000  0.538     0.00     0.00     0.00     0.00     0.00 -1    -1e-30      0.00 7.107e-01 2.745e-01 2.619e-03 7.153e-04 6.497e-03 -1.000 1.476e-02 1.819 2.020 1.976 1.763 1.639 1.534 1.411 1.329 1.318
0.01471 0.00000 6.90309 1.7942061424 2.5586280823    1.793  1.175  3.9013  4.074    0  0.000  0.538     0.00     0.00     0.00     0.00     0.00 -1    -1e-30      0.00 7.107e-01 2.745e-01 2.619e-03 7.153e-04 6.497e-03 -1.000 1.476e-02 1.832 2.016 1.966 1.782 1.680 1.593 1.491 1.425 1.415
0.01471 0.00000 6.90309 1.7999999523 2.5589430332    1.799  1.169  3.9030  4.088    0  0.000  0.538     0.00     0.00     0.00     0.00     0.00 -1    -1e-30      0.00 7.107e-01 2.745e-01 2.619e-03 7.153e-04 6.497e-03 -1.000 1.476e-02 1.848 2.029 1.980 1.800 1.700 1.616 1.517 1.454 1.444
0.01471 0.00000 6.90309 1.8117196560 2.5595731735    1.811  1.156  3.9067  4.118    0  0.000  0.538     0.00     0.00     0.00     0.00     0.00 -1    -1e-30      0.00 7.107e-01 2.745e-01 2.619e-03 7.153e-04 6.497e-03 -1.000 1.476e-02 1.879 2.056 2.006 1.835 1.742 1.663 1.571 1.512 1.503
0.01471 0.00000 6.90309 1.8244119883 2.5602450371    1.823  1.133  3.9075  4.148    0  0.000  0.538     0.00     0.00     0.00     0.00     0.00 -1    -1e-30      0.00 7.107e-01 2.745e-01 2.619e-03 7.153e-04 6.496e-03 -1.000 1.476e-02 1.937 2.112 2.066 1.895 1.803 1.724 1.634 1.575 1.566
0.01471 0.00000 6.90309 1.8353861570 2.5608172417    1.834  1.110  3.9066  4.169    0  0.000  0.538     0.00     0.00     0.00     0.00     0.00 -1    -1e-30      0.00 7.107e-01 2.745e-01 2.619e-03 7.153e-04 6.496e-03 -1.000 1.476e-02 1.994 2.170 2.128 1.952 1.857 1.777 1.685 1.625 1.616
0.01471 0.00000 6.90309 1.8465888500 2.5613934994    1.845  1.089  3.9051  4.187    0  0.000  0.538     0.00     0.00     0.00     0.00     0.00 -1    -1e-30      0.00 7.107e-01 2.745e-01 2.619e-03 7.153e-04 6.496e-03 -1.000 1.476e-02 2.048 2.224 2.186 2.006 1.907 1.823 1.729 1.667 1.658
0.01471 0.00000 6.90309 1.8499999046 2.5615673065    1.849  1.085  3.9048  4.191    0  0.000  0.538     0.00     0.00     0.00     0.00     0.00 -1    -1e-30      0.00 7.107e-01 2.745e-01 2.619e-03 7.153e-04 6.496e-03 -1.000 1.476e-02 2.056 2.233 2.196 2.014 1.915 1.831 1.737 1.673 1.665
0.01471 0.00000 6.90309 1.8653079271 2.5623383522    1.864  1.069  3.9036  4.206    0  0.000  0.538     0.00     0.00     0.00     0.00     0.00 -1    -1e-30      0.00 7.107e-01 2.745e-01 2.619e-03 7.153e-04 6.496e-03 -1.000 1.476e-02 2.098 2.276 2.242 2.056 1.954 1.867 1.770 1.705 1.696
0.01471 0.00000 6.90309 1.8977582455 2.5639259815    1.897  1.069  3.9054  4.221    0  0.000  0.538     0.00     0.00     0.00     0.00     0.00 -1    -1e-30      0.00 7.107e-01 2.745e-01 2.619e-03 7.152e-04 6.496e-03 -1.000 1.476e-02 2.099 2.274 2.240 2.058 1.959 1.875 1.782 1.719 1.710
0.01471 0.00000 6.90309 1.8999999762 2.5640332699    1.899  1.072  3.9061  4.221    0  0.000  0.538     0.00     0.00     0.00     0.00     0.00 -1    -1e-30      0.00 7.107e-01 2.745e-01 2.619e-03 7.152e-04 6.496e-03 -1.000 1.476e-02 2.090 2.265 2.231 2.050 1.953 1.870 1.778 1.716 1.707
0.01471 0.00000 6.90309 1.9279191494 2.5653464794    1.927  1.116  3.9157  4.222    0  0.000  0.538     0.00     0.00     0.00     0.00     0.00 -1    -1e-30      0.00 7.107e-01 2.745e-01 2.619e-03 7.152e-04 6.496e-03 -1.000 1.476e-02 1.980 2.146 2.102 1.949 1.870 1.803 1.728 1.679 1.671
0.01471 0.00000 6.90309 1.9500000477 2.5663545132    1.950  1.154  3.9248  4.225    0  0.000  0.538     0.00     0.00     0.00     0.00     0.00 -1    -1e-30      0.00 7.107e-01 2.745e-01 2.619e-03 7.152e-04 6.496e-03 -1.000 1.476e-02 1.884 2.041 1.992 1.864 1.802 1.749 1.689 1.651 1.644
0.01471 0.00000 6.90309 1.9544571638 2.5665547848    1.954  1.162  3.9266  4.225    0  0.000  0.538     0.00     0.00     0.00     0.00     0.00 -1    -1e-30      0.00 7.107e-01 2.745e-01 2.619e-03 7.152e-04 6.496e-03 -1.000 1.476e-02 1.865 2.019 1.970 1.848 1.788 1.738 1.681 1.645 1.638
0.01471 0.00000 6.90309 1.9791852236 2.5676469803    1.979  1.210  3.9392  4.233    0  0.000  0.538     0.00     0.00     0.00     0.00     0.00 -1    -1e-30      0.00 7.107e-01 2.745e-01 2.619e-03 7.152e-04 6.496e-03 -1.000 1.476e-02 1.744 1.886 1.842 1.752 1.712 1.679 1.642 1.619 1.614
0.01471 0.00000 6.90309 1.9990533590 2.5685024261    1.999  1.253  3.9515  4.244    0  0.000  0.538     0.00     0.00     0.00     0.00     0.00 -1    -1e-30      0.00 7.107e-01 2.745e-01 2.619e-03 7.152e-04 6.496e-03 -1.000 1.476e-02 1.637 1.768 1.741 1.677 1.654 1.635 1.615 1.602 1.599
0.01471 0.00000 6.90309 2.0000000000 2.5685424805    2.000  1.255  3.9521  4.244    0  0.000  0.538     0.00     0.00     0.00     0.00     0.00 -1    -1e-30      0.00 7.107e-01 2.745e-01 2.619e-03 7.152e-04 6.496e-03 -1.000 1.476e-02 1.632 1.763 1.737 1.674 1.651 1.632 1.614 1.602 1.598
0.01471 0.00000 6.90309 2.0011329651 2.5685906410    2.001  1.258  3.9528  4.245    0  0.000  0.538     0.00     0.00     0.00     0.00     0.00 -1    -1e-30      0.00 7.107e-01 2.745e-01 2.619e-03 7.152e-04 6.496e-03 -1.000 1.476e-02 1.626 1.756 1.731 1.670 1.648 1.630 1.613 1.601 1.598
0.01471 0.00000 6.90309 2.0172135830 2.5692670345    2.017  1.293  3.9639  4.257    0  0.000  0.538     0.00     0.00     0.00     0.00     0.00 -1    -1e-30      0.00 7.107e-01 2.745e-01 2.619e-03 7.152e-04 6.496e-03 -1.000 1.476e-02 1.537 1.661 1.658 1.618 1.607 1.600 1.598 1.594 1.593
0.01471 0.00000 6.90309 2.0378627777 2.5701177120    2.038  1.329  3.9766  4.277    0  0.000  0.538     0.00     0.00     0.00     0.00     0.00 -1    -1e-30      0.00 7.107e-01 2.745e-01 2.619e-03 7.152e-04 6.496e-03 -1.000 1.476e-02 1.447 1.571 1.597 1.578 1.578 1.582 1.596 1.599 1.601
0.01471 0.00000 6.90309 2.0499999523 2.5706083775    2.050  1.340  3.9818  4.289    0  0.000  0.538     0.00     0.00     0.00     0.00     0.00 -1    -1e-30      0.00 7.107e-01 2.745e-01 2.619e-03 7.152e-04 6.496e-03 -1.000 1.476e-02 1.421 1.546 1.584 1.573 1.577 1.585 1.605 1.611 1.614
0.01471 0.00000 6.90309 2.0908925533 2.5722138882    2.090  1.364  3.9958  4.329    0  0.000  0.538     0.00     0.00     0.00     0.00     0.00 -1    -1e-30      0.00 7.107e-01 2.745e-01 2.619e-03 7.152e-04 6.496e-03 -1.000 1.476e-02 1.359 1.492 1.566 1.574 1.586 1.604 1.640 1.652 1.659
0.01471 0.00000 6.90309 2.0999999046 2.5725615025    2.099  1.367  3.9979  4.336    0  0.000  0.538     0.00     0.00     0.00     0.00     0.00 -1    -1e-30      0.00 7.107e-01 2.745e-01 2.619e-03 7.152e-04 6.496e-03 -1.000 1.476e-02 1.351 1.485 1.565 1.575 1.589 1.608 1.647 1.660 1.668
0.01471 0.00000 6.90309 2.1500000954 2.5744106770    2.149  1.381  4.0044  4.359    0  0.000  0.538     0.00     0.00     0.00     0.00     0.00 -1    -1e-30      0.00 7.107e-01 2.745e-01 2.619e-03 7.152e-04 6.496e-03 -1.000 1.476e-02 1.318 1.457 1.554 1.572 1.590 1.612 1.659 1.674 1.683
0.01471 0.00000 6.90309 2.1622998714 2.5748505592    2.161  1.388  4.0060  4.361    0  0.000  0.538     0.00     0.00     0.00     0.00     0.00 -1    -1e-30      0.00 7.107e-01 2.745e-01 2.619e-03 7.152e-04 6.496e-03 -1.000 1.476e-02 1.301 1.440 1.542 1.563 1.581 1.604 1.652 1.668 1.678
0.01471 0.00000 6.90309 2.2000000477 2.5761635303    2.199  1.421  4.0117  4.358    0  0.000  0.538     0.00     0.00     0.00     0.00     0.00 -1    -1e-30      0.00 7.108e-01 2.745e-01 2.619e-03 7.151e-04 6.496e-03 -1.000 1.476e-02 1.217 1.360 1.479 1.507 1.528 1.554 1.609 1.627 1.638
0.01471 0.00000 6.90309 2.2500000000 2.5778269768    2.249  1.447  4.0178  4.366    0  0.000  0.538     0.00     0.00     0.00     0.00     0.00 -1    -1e-30      0.00 7.108e-01 2.745e-01 2.619e-03 7.151e-04 6.495e-03 -1.000 1.476e-02 1.151 1.299 1.436 1.471 1.494 1.524 1.585 1.606 1.619
0.01471 0.00000 6.90309 2.2828986645 2.5788757801    2.281  1.466  4.0215  4.368    0  0.000  0.538     0.00     0.00     0.00     0.00     0.00 -1    -1e-30      0.00 7.108e-01 2.744e-01 2.619e-03 7.152e-04 6.495e-03 -1.000 1.476e-02 1.105 1.256 1.404 1.443 1.468 1.500 1.565 1.587 1.601
0.01471 0.00000 6.90309 2.2999999523 2.5794074535    2.299  1.479  4.0240  4.369    0  0.000  0.538     0.00     0.00     0.00     0.00     0.00 -1    -1e-30      0.00 7.108e-01 2.744e-01 2.619e-03 7.152e-04 6.495e-03 -1.000 1.476e-02 1.073 1.226 1.381 1.423 1.449 1.482 1.550 1.573 1.587
0.01471 0.00000 6.90309 2.4000000954 2.5823426247    2.399  1.551  4.0375  4.369    0  0.000  0.538     0.00     0.00     0.00     0.00     0.00 -1    -1e-30      0.00 7.108e-01 2.745e-01 2.619e-03 7.151e-04 6.495e-03 -1.000 1.476e-02 0.892 1.058 1.255 1.311 1.342 1.381 1.463 1.491 1.509
0.01471 0.00000 6.90309 2.5999999046 2.5874414444    2.600  1.686  4.0623  4.368    0  0.000  0.538     0.00     0.00     0.00     0.00     0.00 -1    -1e-30      0.00 7.107e-01 2.745e-01 2.620e-03 7.154e-04 6.497e-03 -1.000 1.476e-02 0.556 0.751 1.026 1.102 1.141 1.190 1.297 1.332 1.357
0.01471 0.00000 6.90309 2.7999999523 2.5917119980    2.800  1.810  4.0845  4.365    0  0.000  0.538     0.00     0.00     0.00     0.00     0.00 -1    -1e-30      0.00 7.107e-01 2.745e-01 2.620e-03 7.154e-04 6.497e-03 -1.000 1.476e-02 0.245 0.475 0.819 0.910 0.954 1.012 1.140 1.180 1.211
0.01471 0.00000 6.90309 3.0000000000 2.5953342915    3.000  1.925  4.1047  4.361    1  0.000  0.538     0.00     0.00     0.00     0.00     0.00 -1    -1e-30      0.00 7.107e-01 2.745e-01 2.620e-03 7.154e-04 6.497e-03 -1.000 1.476e-02 -0.042 0.227 0.631 0.734 0.782 0.846 0.992 1.038 1.072
0.01471 0.00000 6.90309 3.2000000477 2.5984411240    3.199  2.031  4.1233  4.357    0  0.000  0.538     0.00     0.00     0.00     0.00     0.00 -1    -1e-30      0.00 7.107e-01 2.745e-01 2.620e-03 7.154e-04 6.497e-03 -1.000 1.476e-02 -0.308 0.004 0.458 0.571 0.623 0.694 0.855 0.905 0.943
0.01471 0.00000 6.90309 3.4000000954 2.6011312008    3.398  2.131  4.1403  4.351    1  0.000  0.538     0.00     0.00     0.00     0.00     0.00 -1    -1e-30      0.00 7.107e-01 2.745e-01 2.620e-03 7.154e-04 6.497e-03 -1.000 1.476e-02 -0.558 -0.202 0.297 0.419 0.475 0.550 0.725 0.778 0.820
0.01471 0.00000 6.90309 3.5999999046 2.6034805775    3.598  2.224  4.1560  4.345    1  0.000  0.538     0.00     0.00     0.00     0.00     0.00 -1    -1e-30      0.00 7.107e-01 2.745e-01 2.620e-03 7.154e-04 6.497e-03 -1.000 1.476e-02 -0.791 -0.390 0.146 0.277 0.335 0.416 0.602 0.659 0.703
0.01471 0.00000 6.90309 3.7999999523 2.6055479050    3.798  2.312  4.1706  4.339    1  0.000  0.538     0.00     0.00     0.00     0.00     0.00 -1    -1e-30      0.00 7.107e-01 2.745e-01 2.620e-03 7.154e-04 6.497e-03 -1.000 1.476e-02 -1.011 -0.565 0.004 0.142 0.204 0.289 0.486 0.546 0.593
0.01471 0.00000 6.90309 3.8607740402 2.6061275005    3.860  2.338  4.1747  4.337    1  0.000  0.538     0.00     0.00     0.00     0.00     0.00 -1    -1e-30      0.00 7.107e-01 2.745e-01 2.620e-03 7.154e-04 6.497e-03 -1.000 1.476e-02 -1.075 -0.616 -0.037 0.103 0.166 0.252 0.452 0.513 0.560
0.01471 0.00000 6.90309 4.0000000000 2.6073791981    4.001  2.395  4.1841  4.333    1  0.000  0.538     0.00     0.00     0.00     0.00     0.00 -1    -1e-30      0.00 7.107e-01 2.745e-01 2.620e-03 7.154e-04 6.497e-03 -1.000 1.476e-02 -1.218 -0.728 -0.129 0.015 0.081 0.169 0.376 0.439 0.488
0.01471 0.00000 6.90309 4.1999998093 2.6090114117    4.198  2.474  4.1973  4.328    1  0.000  0.538     0.00     0.00     0.00     0.00     0.00 -1    -1e-30      0.00 7.107e-01 2.745e-01 2.620e-03 7.154e-04 6.497e-03 -1.000 1.476e-02 -1.415 -0.881 -0.255 -0.104 -0.035 0.058 0.273 0.338 0.390
0.01471 0.00000 6.90309 4.4000000954 2.6104743481    4.397  2.549  4.2093  4.322    1  0.000  0.538     0.00     0.00     0.00     0.00     0.00 -1    -1e-30      0.00 7.107e-01 2.745e-01 2.620e-03 7.154e-04 6.497e-03 -1.000 1.476e-02 -1.602 -1.025 -0.376 -0.218 -0.147 -0.051 0.173 0.241 0.294
0.01471 0.00000 6.90309 4.5999999046 2.6117916107    4.598  2.620  4.2207  4.315    1  0.000  0.538     0.00     0.00     0.00     0.00     0.00 -1    -1e-30      0.00 7.107e-01 2.745e-01 2.620e-03 7.154e-04 6.497e-03 -1.000 1.476e-02 -1.780 -1.162 -0.491 -0.328 -0.254 -0.154 0.077 0.147 0.203
0.01471 0.00000 6.90309 4.8000001907 2.6129837036    4.798  2.688  4.2318  4.310    1  0.000  0.538     0.00     0.00     0.00     0.00     0.00 -1    -1e-30      0.00 7.107e-01 2.745e-01 2.620e-03 7.154e-04 6.497e-03 -1.000 1.476e-02 -1.951 -1.293 -0.601 -0.433 -0.356 -0.253 -0.014 0.058 0.116
0.01471 0.00000 6.90309 5.0000000000 2.6140668392    4.999  2.753  4.2416  4.302    1  0.000  0.538     0.00     0.00     0.00     0.00     0.00 -1    -1e-30      0.00 7.107e-01 2.745e-01 2.620e-03 7.154e-04 6.497e-03 -1.000 1.476e-02 -2.112 -1.419 -0.709 -0.535 -0.456 -0.350 -0.105 -0.031 0.028
0.01471 0.00000 6.90309 5.1999998093 2.6150546074    5.200  2.815  4.2511  4.296    1  0.000  0.538     0.00     0.00     0.00     0.00     0.00 -1    -1e-30      0.00 7.107e-01 2.745e-01 2.620e-03 7.154e-04 6.497e-03 -1.000 1.476e-02 -2.267 -1.539 -0.812 -0.634 -0.552 -0.443 -0.192 -0.116 -0.055
0.01471 0.00000 6.90309 5.3999996185 2.6159586906    5.401  2.875  4.2604  4.290    1  0.000  0.538     0.00     0.00     0.00     0.00     0.00 -1    -1e-30      0.00 7.107e-01 2.745e-01 2.620e-03 7.154e-04 6.497e-03 -1.000 1.476e-02 -2.416 -1.654 -0.911 -0.728 -0.644 -0.532 -0.275 -0.197 -0.135
0.01471 0.00000 6.90309 5.5147418976 2.6164433956    5.516  2.908  4.2656  4.286    1  0.000  0.538     0.00     0.00     0.00     0.00     0.00 -1    -1e-30      0.00 7.107e-01 2.745e-01 2.620e-03 7.154e-04 6.497e-03 -1.000 1.476e-02 -2.500 -1.718 -0.966 -0.781 -0.695 -0.582 -0.322 -0.243 -0.179
0.01471 0.00000 6.90309 5.5999994278 2.6167888641    5.601  2.932  4.2694  4.284    1  0.000  0.538     0.00     0.00     0.00     0.00     0.00 -1    -1e-30      0.00 7.107e-01 2.745e-01 2.620e-03 7.154e-04 6.497e-03 -1.000 1.476e-02 -2.560 -1.765 -1.006 -0.819 -0.733 -0.618 -0.355 -0.276 -0.212
0.01471 0.00000 6.90309 5.8000001907 2.6175537109    5.801  2.988  4.2778  4.277    1  0.000  0.538     0.00     0.00     0.00     0.00     0.00 -1    -1e-30      0.00 7.107e-01 2.745e-01 2.620e-03 7.154e-04 6.497e-03 -1.000 1.476e-02 -2.699 -1.873 -1.099 -0.908 -0.819 -0.702 -0.434 -0.353 -0.287
0.01471 0.00000 6.90309 6.0000000000 2.6182601452    6.000  3.041  4.2860  4.271    1  0.000  0.538     0.00     0.00     0.00     0.00     0.00 -1    -1e-30      0.00 7.107e-01 2.745e-01 2.620e-03 7.154e-04 6.497e-03 -1.000 1.476e-02 -2.833 -1.977 -1.189 -0.994 -0.903 -0.783 -0.510 -0.428 -0.360
0.01471 0.00000 6.90309 6.1999998093 2.6189143658    6.200  3.093  4.2939  4.265    1  0.000  0.538     0.00     0.00     0.00     0.00     0.00 -1    -1e-30      0.00 7.107e-01 2.745e-01 2.620e-03 7.154e-04 6.497e-03 -1.000 1.476e-02 -2.962 -2.077 -1.276 -1.077 -0.984 -0.862 -0.584 -0.499 -0.431
0.01471 0.00000 6.90309 6.4000000954 2.6195218563    6.399  3.143  4.3013  4.259    1  0.000  0.538     0.00     0.00     0.00     0.00     0.00 -1    -1e-30      0.00 7.107e-01 2.745e-01 2.620e-03 7.154e-04 6.497e-03 -1.000 1.476e-02 -3.087 -2.174 -1.360 -1.158 -1.063 -0.939 -0.656 -0.570 -0.500
0.01471 0.00000 6.90309 7.0000000000 2.6211071014    6.996  3.283  4.3223  4.240    1  0.000  0.538     0.00     0.00     0.00     0.00     0.00 -1    -1e-30      0.00 7.107e-01 2.745e-01 2.620e-03 7.154e-04 6.497e-03 -1.000 1.476e-02 -3.438 -2.450 -1.601 -1.389 -1.290 -1.158 -0.863 -0.772 -0.698
0.01471 0.00000 6.90309 7.0446801186 2.6212127209    7.041  3.293  4.3237  4.239    1  0.000  0.538     0.00     0.00     0.00     0.00     0.00 -1    -1e-30      0.00 7.107e-01 2.745e-01 2.620e-03 7.154e-04 6.497e-03 -1.000 1.476e-02 -3.463 -2.469 -1.618 -1.406 -1.306 -1.174 -0.878 -0.787 -0.713
0.01471 0.00000 6.90309 8.0000000000 2.6231517792    8.001  3.493  4.3526  4.211    1  0.000  0.538     0.00     0.00     0.00     0.00     0.00 -1    -1e-30      0.00 7.107e-01 2.745e-01 2.620e-03 7.154e-04 6.497e-03 -1.000 1.476e-02 -3.962 -2.864 -1.964 -1.741 -1.634 -1.494 -1.180 -1.083 -1.002
0.01471 0.00000 6.90309 8.3826837540 2.6237874031    8.381  3.565  4.3628  4.199    1  0.000  0.538     0.00     0.00     0.00     0.00     0.00 -1    -1e-30      0.00 7.107e-01 2.745e-01 2.620e-03 7.154e-04 6.497e-03 -1.000 1.476e-02 -4.143 -3.009 -2.093 -1.866 -1.757 -1.614 -1.294 -1.194 -1.111
0.01471 0.00000 6.90309 9.0000000000 2.6246831417    8.995  3.677  4.3783  4.180    1  0.000  0.538     0.00     0.00     0.00     0.00     0.00 -1    -1e-30      0.00 7.107e-01 2.745e-01 2.620e-03 7.154e-04 6.497e-03 -1.000 1.476e-02 -4.423 -3.234 -2.293 -2.060 -1.948 -1.801 -1.472 -1.369 -1.283
0.01471 0.00000 6.90309 9.7070999146 2.6255497932    9.704  3.796  4.3940  4.157    1  0.000  0.538     0.00     0.00     0.00     0.00     0.00 -1    -1e-30      0.00 7.107e-01 2.745e-01 2.620e-03 7.154e-04 6.497e-03 -1.000 1.476e-02 -4.720 -3.476 -2.510 -2.271 -2.156 -2.005 -1.668 -1.561 -1.472
0.01471 0.00000 6.90309 10.0000000000 2.6258678436    9.998  3.843  4.4001  4.147    1  0.000  0.538     0.00     0.00     0.00     0.00     0.00 -1    -1e-30      0.00 7.107e-01 2.745e-01 2.620e-03 7.154e-04 6.497e-03 -1.000 1.476e-02 -4.838 -3.590 -2.584 -2.322 -2.212 -2.081 -1.733 -1.644 -1.565
0.01471 0.00000 6.90309 10.3212394714 2.6261928082   10.321  3.893  4.4063  4.136    1  0.000  0.538     0.00     0.00     0.00     0.00     0.00 -1    -1e-30      0.00 7.107e-01 2.745e-01 2.620e-03 7.154e-04 6.497e-03 -1.000 1.476e-02 -4.963 -3.689 -2.680 -2.413 -2.298 -2.162 -1.814 -1.727 -1.646
0.01471 0.00000 6.90309 11.0000000000 2.6268081665   11.002  3.995  4.4187  4.111    1  0.000  0.538     0.00     0.00     0.00     0.00     0.00 -1    -1e-30      0.00 7.107e-01 2.745e-01 2.620e-03 7.154e-04 6.497e-03 -1.000 1.476e-02 -5.217 -3.898 -2.881 -2.605 -2.480 -2.334 -1.983 -1.901 -1.818
0.01471 0.00000 6.90309 11.3404474258 2.6270852089   11.342  4.043  4.4243  4.099    1  0.000  0.538     0.00     0.00     0.00     0.00     0.00 -1    -1e-30      0.00 7.107e-01 2.745e-01 2.620e-03 7.154e-04 6.497e-03 -1.000 1.476e-02 -5.337 -3.999 -2.980 -2.699 -2.569 -2.417 -2.066 -1.986 -1.901
0.01471 0.00000 6.90309 11.9682664871 2.6275489330   11.969  4.129  4.4339  4.075    1  0.000  0.538     0.00     0.00     0.00     0.00     0.00 -1    -1e-30      0.00 7.107e-01 2.745e-01 2.620e-03 7.154e-04 6.497e-03 -1.000 1.476e-02 -5.553 -4.194 -3.158 -2.882 -2.756 -2.606 -2.243 -2.152 -2.063
0.01471 0.00000 6.90309 12.0000000000 2.6275708675   12.001  4.133  4.4344  4.073    1  0.000  0.538     0.00     0.00     0.00     0.00     0.00 -1    -1e-30      0.00 7.107e-01 2.745e-01 2.620e-03 7.154e-04 6.497e-03 -1.000 1.476e-02 -5.563 -4.203 -3.167 -2.891 -2.766 -2.616 -2.251 -2.161 -2.071
0.01471 0.00000 6.90309 12.0782632828 2.6276242733   12.078  4.143  4.4355  4.070    1  0.000  0.538     0.00     0.00     0.00     0.00     0.00 -1 -8.22e-30      0.00 7.107e-01 2.745e-01 2.621e-03 7.154e-04 6.497e-03 -1.000 1.476e-02 -5.589 -4.226 -3.188 -2.912 -2.788 -2.638 -2.272 -2.180 -2.090
0.01471 0.00000 6.90309 12.6266660690 2.6279785633   12.617  4.213  4.4425  4.048    1  0.000  0.540     0.00     0.00     0.00     0.00     0.00 -1 -1.48e-23      0.00 7.107e-01 2.745e-01 2.631e-03 7.157e-04 6.497e-03 -1.000 1.476e-02 -5.763 -4.383 -3.332 -3.060 -2.942 -2.794 -2.419 -2.318 -2.225
0.01471 0.00000 6.90309 13.1166915894 2.6282663345   13.097  4.274  4.4482  4.026    1  0.000  0.542     0.00     0.00     0.00     0.00     0.00 -1  -3.5e-18      0.00 7.107e-01 2.745e-01 2.640e-03 7.159e-04 6.496e-03 -1.000 1.476e-02 -5.915 -4.521 -3.458 -3.191 -3.077 -2.933 -2.549 -2.440 -2.347
0.01471 0.00000 6.90309 13.5762062073 2.6285145283   13.545  4.330  4.4530  4.004    1  0.000  0.543     0.00     0.00     0.00     0.00     0.00 -1 -2.57e-13      0.00 7.107e-01 2.745e-01 2.648e-03 7.161e-04 6.496e-03 -1.000 1.476e-02 -6.055 -4.642 -3.574 -3.306 -3.191 -3.044 -2.657 -2.548 -2.455
0.01471 0.00000 6.90309 14.0000000000 2.6287269592   13.960  4.381  4.4569  3.982    0  0.000  0.545     0.00     0.00     0.00     0.00     0.00 -1 -5.76e-09      0.00 7.107e-01 2.745e-01 2.655e-03 7.163e-04 6.496e-03 -1.000 1.476e-02 -6.182 -4.751 -3.682 -3.411 -3.291 -3.139 -2.753 -2.647 -2.555
0.01471 0.00000 6.90309 14.0356149673 2.6287441254   13.995  4.385  4.4573  3.980    0  0.000  0.545     0.00     0.00     0.00     0.00     0.00 -1 -5.87e-09      0.00 7.107e-01 2.745e-01 2.655e-03 7.163e-04 6.496e-03 -1.000 1.476e-02 -6.192 -4.759 -3.690 -3.419 -3.299 -3.146 -2.760 -2.655 -2.563
0.01471 0.00000 6.90309 14.7413978577 2.6290650368   14.688  4.463  4.4624  3.944    0  0.000  0.545     0.00     0.00     0.00     0.00     0.00 -1 -8.58e-09      0.00 7.107e-01 2.745e-01 2.655e-03 7.163e-04 6.496e-03 -1.000 1.476e-02 -6.387 -4.934 -3.863 -3.588 -3.462 -3.303 -2.918 -2.817 -2.725
0.01471 0.00000 6.90309 15.3493738174 2.6293144226   15.282  4.529  4.4656  3.908    0  0.000  0.545     0.00     0.00     0.00     0.00     0.00 -1 -1.17e-08      0.00 7.107e-01 2.745e-01 2.655e-03 7.163e-04 6.496e-03 -1.000 1.476e-02 -6.552 -5.090 -4.017 -3.740 -3.611 -3.449 -3.065 -2.966 -2.873
0.01471 0.00000 6.90309 15.9364995956 2.6295347214   15.854  4.592  4.4676  3.869    0  0.000  0.545     0.00     0.00     0.00     0.00     0.00 -1 -1.57e-08      0.00 7.107e-01 2.745e-01 2.655e-03 7.163e-04 6.496e-03 -1.000 1.476e-02 -6.709 -5.246 -4.171 -3.893 -3.762 -3.599 -3.216 -3.117 -3.025
0.01471 0.00000 6.90309 16.0000000000 2.6295573711   15.915  4.598  4.4677  3.864    0  0.000  0.545     0.00     0.00     0.00     0.00     0.00 -1 -1.62e-08      0.00 7.107e-01 2.745e-01 2.655e-03 7.163e-04 6.496e-03 -1.000 1.476e-02 -6.726 -5.263 -4.188 -3.910 -3.779 -3.616 -3.233 -3.134 -3.041
0.01471 0.00000 6.90309 16.4149894714 2.6297008991   16.310  4.639  4.4683  3.836    0  0.000  0.545     0.00     0.00     0.00     0.00     0.00 -1 -1.93e-08      0.00 7.107e-01 2.745e-01 2.655e-03 7.163e-04 6.496e-03 -1.000 1.476e-02 -6.828 -5.369 -4.293 -4.015 -3.884 -3.721 -3.338 -3.240 -3.146
0.01471 0.00000 6.90309 16.9759635925 2.6298820972   16.840  4.694  4.4680  3.795    0  0.000  0.545     0.00     0.00     0.00     0.00     0.00 -1 -2.42e-08      0.00 7.107e-01 2.745e-01 2.655e-03 7.163e-04 6.496e-03 -1.000 1.476e-02 -6.965 -5.516 -4.439 -4.161 -4.032 -3.869 -3.488 -3.389 -3.294
0.01471 0.00000 6.90309 17.4838790894 2.6300344467   17.317  4.743  4.4663  3.750    0  0.000  0.545     0.00     0.00     0.00     0.00     0.00 -1 -2.95e-08      0.00 7.107e-01 2.745e-01 2.655e-03 7.163e-04 6.496e-03 -1.000 1.476e-02 -7.088 -5.656 -4.580 -4.302 -4.174 -4.014 -3.635 -3.535 -3.438
0.01471 0.00000 6.90309 18.0000000000 2.6301794052   17.801  4.793  4.4631  3.700    0  0.000  0.545     0.00     0.00     0.00     0.00     0.00 -1 -3.55e-08      0.00 7.107e-01 2.745e-01 2.655e-03 7.163e-04 6.496e-03 -1.000 1.476e-02 -7.212 -5.803 -4.728 -4.450 -4.325 -4.168 -3.793 -3.691 -3.592
0.01471 0.00000 6.90309 18.5552673340 2.6303248405   18.316  4.842  4.4583  3.644    0  0.000  0.545     0.00     0.00     0.00     0.00     0.00 -1  -4.2e-08      0.00 7.107e-01 2.745e-01 2.655e-03 7.163e-04 6.496e-03 -1.000 1.476e-02 -7.336 -5.955 -4.883 -4.605 -4.481 -4.329 -3.959 -3.857 -3.754
0.01471 0.00000 6.90309 19.1257991791 2.6304643154   18.841  4.893  4.4511  3.576    0  0.000  0.545     0.00     0.00     0.00     0.00     0.00 -1 -4.89e-08      0.00 7.107e-01 2.745e-01 2.655e-03 7.163e-04 6.496e-03 -1.000 1.476e-02 -7.462 -6.116 -5.049 -4.769 -4.646 -4.499 -4.140 -4.037 -3.930
0.01471 0.00000 6.90309 19.5912742615 2.6305713654   19.266  4.934  4.4427  3.511    0  0.000  0.545     0.00     0.00     0.00     0.00     0.00 -1  -5.4e-08      0.00 7.107e-01 2.745e-01 2.655e-03 7.163e-04 6.496e-03 -1.000 1.476e-02 -7.566 -6.269 -5.210 -4.931 -4.807 -4.659 -4.299 -4.198 -4.090
0.01471 0.00000 6.90309 19.9342174530 2.6306464672   19.577  4.964  4.4352  3.458    0  0.000  0.545     0.00     0.00     0.00     0.00     0.00 -1 -5.72e-08      0.00 7.107e-01 2.745e-01 2.655e-03 7.163e-04 6.496e-03 -1.000 1.476e-02 -7.641 -6.398 -5.347 -5.074 -4.953 -4.806 -4.441 -4.340 -4.236
0.01471 0.00000 6.90309 20.0000000000 2.6306605339   19.638  4.970  4.4336  3.447    0  0.000  0.545     0.00     0.00     0.00     0.00     0.00 -1 -5.77e-08      0.00 7.107e-01 2.745e-01 2.655e-03 7.163e-04 6.496e-03 -1.000 1.476e-02 -7.656 -6.424 -5.375 -5.103 -4.983 -4.836 -4.470 -4.369 -4.265
0.01471 0.00000 6.90309 20.1334247589 2.6306886673   19.757  4.981  4.4305  3.427    0  0.000  0.545     0.00     0.00     0.00     0.00     0.00 -1 -5.85e-08      0.00 7.107e-01 2.745e-01 2.655e-03 7.163e-04 6.496e-03 -1.000 1.476e-02 -7.682 -6.474 -5.427 -5.158 -5.039 -4.892 -4.525 -4.424 -4.321
0.01471 0.00000 6.90309 20.4563903809 2.6307551861   20.043  5.007  4.4220  3.373    0  0.000  0.545     0.00     0.00     0.00     0.00     0.00 -1 -5.95e-08      0.00 7.107e-01 2.745e-01 2.655e-03 7.163e-04 6.496e-03 -1.000 1.476e-02 -7.747 -6.594 -5.554 -5.293 -5.178 -5.034 -4.667 -4.567 -4.468
0.01471 0.00000 6.90309 20.7308273315 2.6308097839   20.286  5.029  4.4133  3.321    0  0.000  0.545     0.00     0.00     0.00     0.00     0.00 -1 -5.92e-08      0.00 7.107e-01 2.745e-01 2.655e-03 7.163e-04 6.496e-03 -1.000 1.476e-02 -7.803 -6.697 -5.663 -5.410 -5.300 -5.162 -4.805 -4.708 -4.611
0.01471 0.00000 6.90309 20.9744243622 2.6308569908   20.501  5.049  4.4042  3.269    0  0.000  0.545     0.00     0.00     0.00     0.00     0.00 -1 -5.82e-08      0.00 7.107e-01 2.745e-01 2.655e-03 7.163e-04 6.496e-03 -1.000 1.476e-02 -7.853 -6.795 -5.766 -5.520 -5.415 -5.283 -4.935 -4.840 -4.744
0.01471 0.00000 6.90309 21.2090473175 2.6309013367   20.708  5.069  4.3946  3.216    0  0.000  0.545     0.00     0.00     0.00     0.00     0.00 -1 -5.65e-08      0.00 7.107e-01 2.745e-01 2.655e-03 7.163e-04 6.496e-03 -1.000 1.476e-02 -7.902 -6.812 -5.783 -5.544 -5.437 -5.296 -4.952 -4.849 -4.757
0.01471 0.00000 6.90309 21.4383163452 2.6309432983   20.908  5.088  4.3850  3.162    0  0.000  0.545     0.00     0.00     0.00     0.00     0.00 -1 -5.84e-08      0.00 7.107e-01 2.745e-01 2.655e-03 7.163e-04 6.496e-03 -1.000 1.476e-02 -7.950 -6.901 -5.880 -5.645 -5.541 -5.401 -5.062 -4.961 -4.871
0.01471 0.00000 6.90309 21.6777801514 2.6309864521   21.105  5.108  4.3771  3.114    0  0.000  0.545     0.00     0.00     0.00     0.00     0.00 -1 -9.34e-08      0.00 7.107e-01 2.745e-01 2.655e-03 7.163e-04 6.496e-03 -1.000 1.476e-02 -8.001 -6.963 -5.947 -5.716 -5.613 -5.473 -5.137 -5.035 -4.947
0.01471 0.00000 6.90309 21.9896831512 2.6310405731   21.345  5.141  4.3831  3.111    0  0.000  0.545     0.00     0.00     0.00     0.00     0.00 -1 -1.06e-07      0.00 7.107e-01 2.745e-01 2.655e-03 7.163e-04 6.496e-03 -1.000 1.476e-02 -8.082 -7.117 -6.100 -5.858 -5.753 -5.619 -5.279 -5.192 -5.101
0.01471 0.00000 6.90309 22.0338325500 2.6310482025   21.378  5.149  4.3910  3.135    0  0.000  0.545     0.00     0.00     0.00     0.00     0.00 -1 -9.49e-08      0.00 7.107e-01 2.745e-01 2.655e-03 7.163e-04 6.496e-03 -1.000 1.476e-02 -8.103 -7.015 -5.981 -5.745 -5.639 -5.495 -5.152 -5.047 -4.957
0.01471 0.00000 6.90309 22.0495090485 2.6310508251   21.391  5.159  4.4011  3.166    0  0.000  0.545     0.00     0.00     0.00     0.00     0.00 -1 -9.37e-08      0.00 7.107e-01 2.745e-01 2.655e-03 7.163e-04 6.496e-03 -1.000 1.476e-02 -8.126 -7.105 -6.078 -5.838 -5.736 -5.606 -5.264 -5.170 -5.074
0.01471 0.00000 6.90309 22.0558032990 2.6310520172   21.396  5.170  4.4106  3.193    0  0.000  0.545     0.00     0.00     0.00     0.00     0.00 -1 -1.08e-07      0.00 7.107e-01 2.745e-01 2.655e-03 7.163e-04 6.496e-03 -1.000 1.476e-02 -8.155 -7.061 -6.023 -5.774 -5.664 -5.522 -5.170 -5.077 -4.979
0.01471 0.00000 6.90309 22.0594024658 2.6310524940   21.399  5.183  4.4207  3.220    0  0.000  0.545     0.00     0.00     0.00     0.00     0.00 -1  -1.3e-07      0.00 7.107e-01 2.745e-01 2.655e-03 7.163e-04 6.496e-03 -1.000 1.476e-02 -8.189 -7.060 -6.014 -5.762 -5.651 -5.506 -5.147 -5.050 -4.951
0.01471 0.00000 6.90309 22.0607643127 2.6310527325   21.400  5.184  4.4218  3.223    0  0.000  0.545     0.00     0.00     0.00     0.00     0.00 -1 -1.32e-07      0.00 7.107e-01 2.745e-01 2.655e-03 7.163e-04 6.496e-03 -1.000 1.476e-02 -8.191 -7.058 -6.011 -5.758 -5.647 -5.503 -5.143 -5.045 -4.946
0.01471 0.00000 6.90309 22.0666542053 2.6310536861   21.405  5.181  4.4158  3.203    1  0.000  0.545     0.00     0.00     0.00     0.00     0.00 -1 -1.23e-07      0.00 7.107e-01 2.745e-01 2.655e-03 7.163e-04 6.496e-03 -1.000 1.476e-02 -8.182 -7.072 -6.030 -5.779 -5.669 -5.526 -5.171 -5.076 -4.977
0.01471 0.00000 6.90309 22.0685863495 2.6310541630   21.407  5.180  4.4091  3.177    1  0.000  0.545     0.00     0.00     0.00     0.00     0.00 -1 -1.14e-07      0.00 7.107e-01 2.745e-01 2.655e-03 7.163e-04 6.496e-03 -1.000 1.476e-02 -8.181 -7.096 -6.059 -5.812 -5.702 -5.561 -5.211 -5.117 -5.020
0.01471 0.00000 6.90309 22.0701179504 2.6310544014   21.408  5.181  4.3988  3.135    1  0.000  0.545     0.00     0.00     0.00     0.00     0.00 -1 -1.19e-07      0.00 7.107e-01 2.745e-01 2.655e-03 7.163e-04 6.496e-03 -1.000 1.476e-02 -8.182 -7.143 -6.113 -5.870 -5.763 -5.624 -5.280 -5.189 -5.094
0.01471 0.00000 6.90309 22.0712242126 2.6310546398   21.409  5.182  4.3900  3.099    1  0.000  0.545     0.00     0.00     0.00     0.00     0.00 -1 -1.27e-07      0.00 7.107e-01 2.745e-01 2.655e-03 7.163e-04 6.496e-03 -1.000 1.476e-02 -8.184 -7.193 -6.170 -5.929 -5.824 -5.689 -5.347 -5.258 -5.165
0.01471 0.00000 6.90309 22.0723533630 2.6310546398   21.410  5.183  4.3800  3.058    1  0.000  0.545     0.00     0.00     0.00     0.00     0.00 -1 -1.79e-07      0.00 7.107e-01 2.745e-01 2.655e-03 7.163e-04 6.496e-03 -1.000 1.476e-02 -8.187 -7.251 -6.236 -5.998 -5.896 -5.764 -5.425 -5.338 -5.249
0.01471 0.00000 6.90309 22.0734939575 2.6310548782   21.410  5.184  4.3689  3.012    1  0.000  0.545     0.00     0.00     0.00     0.00     0.00 -1 -3.64e-07      0.00 7.107e-01 2.745e-01 2.655e-03 7.163e-04 6.496e-03 -1.000 1.476e-02 -8.190 -7.311 -6.310 -6.078 -5.978 -5.850 -5.514 -5.428 -5.340
0.01471 0.00000 6.90309 22.0744056702 2.6310551167   21.411  5.185  4.3594  2.973    1  0.000  0.545     0.00     0.00     0.00     0.00     0.00 -1 -1.27e-06      0.00 7.107e-01 2.745e-01 2.655e-03 7.163e-04 6.496e-03 -1.000 1.476e-02 -8.192 -7.321 -6.316 -6.094 -5.997 -5.868 -5.533 -5.447 -5.356
0.01471 0.00000 6.90309 22.0753459930 2.6310553551   21.411  5.186  4.3489  2.930    1  0.000  0.545     0.00     0.00     0.00     0.00     0.00 -1 -1.44e-06      0.00 7.107e-01 2.745e-01 2.655e-03 7.163e-04 6.496e-03 -1.000 1.476e-02 -8.195 -7.376 -6.384 -6.165 -6.071 -5.946 -5.617 -5.532 -5.442
0.01471 0.00000 6.90309 22.0762691498 2.6310553551   21.411  5.187  4.3380  2.885    1  0.000  0.545     0.00     0.00     0.00     0.00     0.00 -1 -1.41e-06      0.00 7.107e-01 2.745e-01 2.655e-03 7.163e-04 6.496e-03 -1.000 1.476e-02 -8.198 -7.433 -6.452 -6.234 -6.143 -6.023 -5.701 -5.620 -5.529
0.01471 0.00000 6.90309 22.0769729614 2.6310555935   21.412  5.188  4.3292  2.850    1  0.000  0.545     0.00     0.00     0.00     0.00     0.00 -1 -1.39e-06      0.00 7.107e-01 2.745e-01 2.655e-03 7.163e-04 6.496e-03 -1.000 1.476e-02 -8.200 -7.478 -6.505 -6.289 -6.201 -6.085 -5.767 -5.689 -5.597
0.01471 0.00000 6.90309 22.0776844025 2.6310555935   21.412  5.189  4.3200  2.812    1  0.000  0.545     0.00     0.00     0.00     0.00     0.00 -1 -1.37e-06      0.00 7.107e-01 2.745e-01 2.655e-03 7.163e-04 6.496e-03 -1.000 1.476e-02 -8.201 -7.520 -6.555 -6.342 -6.256 -6.145 -5.834 -5.758 -5.669
0.01471 0.00000 6.90309 22.0784015656 2.6310558319   21.412  5.189  4.3103  2.773    1  0.000  0.545     0.00     0.00     0.00     0.00     0.00 -1 -1.33e-06      0.00 7.107e-01 2.745e-01 2.655e-03 7.163e-04 6.496e-03 -1.000 1.476e-02 -8.203 -7.559 -6.602 -6.391 -6.309 -6.203 -5.899 -5.826 -5.743
0.01471 0.00000 6.90309 22.0791206360 2.6310558319   21.413  5.190  4.3001  2.731    1  0.000  0.545     0.00     0.00     0.00     0.00     0.00 -1 -1.31e-06      0.00 7.107e-01 2.745e-01 2.655e-03 7.163e-04 6.496e-03 -1.000 1.476e-02 -8.204 -7.599 -6.651 -6.443 -6.363 -6.261 -5.964 -5.895 -5.817
0.01471 0.00000 6.90309 22.0798549652 2.6310560703   21.413  5.190  4.2893  2.688    1  0.000  0.545     0.00     0.00     0.00     0.00     0.00 -1 -1.28e-06      0.00 7.107e-01 2.745e-01 2.655e-03 7.163e-04 6.496e-03 -1.000 1.476e-02 -8.205 -7.491 -6.594 -6.397 -6.315 -6.199 -5.912 -5.828 -5.755
0.01471 0.00000 6.90309 22.0805759430 2.6310560703   21.413  5.190  4.2782  2.643    1  0.000  0.545     0.00     0.00     0.00     0.00     0.00 -1 -1.25e-06      0.00 7.107e-01 2.745e-01 2.655e-03 7.163e-04 6.496e-03 -1.000 1.476e-02 -8.206 -7.556 -6.653 -6.465 -6.389 -6.279 -5.997 -5.917 -5.846
0.01471 0.00000 6.90309 22.0813083649 2.6310563087   21.413  5.191  4.2665  2.596    1  0.000  0.545     0.00     0.00     0.00     0.00     0.00 -1 -1.21e-06      0.00 7.107e-01 2.745e-01 2.655e-03 7.163e-04 6.496e-03 -1.000 1.476e-02 -8.207 -7.601 -6.714 -6.531 -6.459 -6.353 -6.078 -6.000 -5.931
0.01471 0.00000 6.90309 22.0820503235 2.6310563087   21.414  5.191  4.2541  2.546    1  0.000  0.545     0.00     0.00     0.00     0.00     0.00 -1 -1.18e-06      0.00 7.107e-01 2.745e-01 2.655e-03 7.163e-04 6.496e-03 -1.000 1.476e-02 -8.207 -7.644 -6.778 -6.599 -6.530 -6.428 -6.161 -6.086 -6.020
0.01471 0.00000 6.90309 22.0825500488 2.6310565472   21.414  5.191  4.2454  2.512    1  0.000  0.545     0.00     0.00     0.00     0.00     0.00 -1 -1.15e-06      0.00 7.107e-01 2.745e-01 2.655e-03 7.163e-04 6.496e-03 -1.000 1.476e-02 -8.207 -7.675 -6.823 -6.647 -6.580 -6.481 -6.220 -6.147 -6.083
0.01471 0.00000 6.90309 22.0830574036 2.6310565472   21.414  5.191  4.2364  2.476    1  0.000  0.545     0.00     0.00     0.00     0.00     0.00 -1 -1.12e-06      0.00 7.107e-01 2.745e-01 2.655e-03 7.163e-04 6.496e-03 -1.000 1.476e-02 -8.207 -7.702 -6.869 -6.696 -6.631 -6.535 -6.280 -6.210 -6.147
0.01471 0.00000 6.90309 22.0835781097 2.6310565472   21.414  5.190  4.2267  2.437    1  0.000  0.545     0.00     0.00     0.00     0.00     0.00 -1  -1.1e-06      0.00 7.107e-01 2.745e-01 2.655e-03 7.163e-04 6.496e-03 -1.000 1.476e-02 -8.206 -7.730 -6.918 -6.749 -6.686 -6.592 -6.344 -6.277 -6.216
0.01471 0.00000 6.90309 22.0841045380 2.6310567856   21.415  5.190  4.2165  2.397    1  0.000  0.545     0.00     0.00     0.00     0.00     0.00 -1 -1.07e-06      0.00 7.107e-01 2.745e-01 2.655e-03 7.163e-04 6.496e-03 -1.000 1.476e-02 -8.205 -7.760 -6.970 -6.804 -6.744 -6.654 -6.413 -6.348 -6.289
0.01471 0.00000 6.90309 22.0843753815 2.6310567856   21.415  5.190  4.2112  2.376    1  0.000  0.545     0.00     0.00     0.00     0.00     0.00 -1 -1.06e-06      0.00 7.107e-01 2.745e-01 2.655e-03 7.163e-04 6.496e-03 -1.000 1.476e-02 -8.205 -7.775 -6.997 -6.833 -6.774 -6.686 -6.449 -6.385 -6.327
0.01471 0.00000 6.90309 22.0846595764 2.6310567856   21.415  5.190  4.2054  2.353    1  0.000  0.545     0.00     0.00     0.00     0.00     0.00 -1 -1.04e-06      0.00 7.107e-01 2.745e-01 2.655e-03 7.163e-04 6.496e-03 -1.000 1.476e-02 -8.204 -7.792 -7.027 -6.864 -6.807 -6.721 -6.488 -6.426 -6.369
0.01471 0.00000 6.90309 22.0852451324 2.6310570240   21.415  5.189  4.1931  2.304    1  0.000  0.545     0.00     0.00     0.00     0.00     0.00 -1 -1.01e-06      0.00 7.107e-01 2.745e-01 2.655e-03 7.163e-04 6.496e-03 -1.000 1.476e-02 -8.203 -7.828 -7.089 -6.931 -6.877 -6.795 -6.571 -6.512 -6.458
0.01471 0.00000 6.90309 22.0858592987 2.6310570240   21.416  5.188  4.1795  2.251    1  0.000  0.545     0.00     0.00     0.00     0.00     0.00 -1  -9.7e-07      0.00 7.107e-01 2.745e-01 2.655e-03 7.163e-04 6.496e-03 -1.000 1.476e-02 -8.201 -7.867 -7.158 -7.005 -6.955 -6.878 -6.663 -6.608 -6.556
0.01471 0.00000 6.90309 22.0865306854 2.6310572624   21.415  5.187  4.1639  2.189    1  0.000  0.545     0.00     0.00     0.00     0.00     0.00 -1 -1.19e-06      0.00 7.107e-01 2.745e-01 2.655e-03 7.163e-04 6.496e-03 -1.000 1.476e-02 -8.199 -7.923 -7.226 -7.087 -7.044 -6.975 -6.771 -6.720 -6.671
0.01471 0.00000 6.90309 22.0873031616 2.6310572624   21.415  5.186  4.1448  2.114    1  0.000  0.545     0.00     0.00     0.00     0.00     0.00 -1 -1.73e-06      0.00 7.107e-01 2.745e-01 2.655e-03 7.163e-04 6.496e-03 -1.000 1.476e-02 -8.195 -7.994 -7.306 -7.184 -7.152 -7.095 -6.902 -6.859 -6.814
0.01471 0.00000 6.90309 22.0877494812 2.6310572624   21.415  5.185  4.1329  2.067    1  0.000  0.545     0.00     0.00     0.00     0.00     0.00 -1 -1.68e-06      0.00 7.107e-01 2.745e-01 2.655e-03 7.163e-04 6.496e-03 -1.000 1.476e-02 -8.194 -8.020 -7.371 -7.251 -7.220 -7.165 -6.983 -6.942 -6.899
0.01471 0.00000 6.90309 22.0882549286 2.6310575008   21.415  5.185  4.1189  2.012    1  0.000  0.545     0.00     0.00     0.00     0.00     0.00 -1 -1.62e-06      0.00 7.107e-01 2.745e-01 2.655e-03 7.163e-04 6.496e-03 -1.000 1.476e-02 -8.191 -8.041 -7.456 -7.333 -7.301 -7.248 -7.078 -7.038 -6.997
0.01471 0.00000 6.90309 22.0888175964 2.6310575008   21.414  5.184  4.1023  1.946    1  0.000  0.545     0.00     0.00     0.00     0.00     0.00 -1 -1.57e-06      0.00 7.107e-01 2.745e-01 2.655e-03 7.163e-04 6.496e-03 -1.000 1.476e-02 -8.189 -8.075 -7.545 -7.426 -7.396 -7.346 -7.191 -7.155 -7.116
0.01471 0.00000 6.90309 22.0894451141 2.6310577393   21.414  5.182  4.0824  1.868    1  0.000  0.545     0.00     0.00     0.00     0.00     0.00 -1 -3.61e-06      0.00 7.107e-01 2.745e-01 2.655e-03 7.163e-04 6.496e-03 -1.000 1.476e-02 -8.186 -8.119 -7.642 -7.532 -7.507 -7.464 -7.326 -7.295 -7.260
0.01471 0.00000 6.90309 22.0901451111 2.6310577393   21.413  5.181  4.0583  1.772    1  0.000  0.545     0.00     0.00     0.00     0.00     0.00 -1 -4.02e-06      0.00 7.107e-01 2.745e-01 2.655e-03 7.163e-04 6.496e-03 -1.000 1.476e-02 -8.184 -8.199 -7.721 -7.639 -7.633 -7.610 -7.488 -7.468 -7.439
0.01471 0.00000 6.90309 22.0909328461 2.6310579777   21.411  5.180  4.0290  1.656    1  0.000  0.545     0.00     0.00     0.00     0.00     0.00 -1 -5.49e-06      0.00 7.107e-01 2.745e-01 2.655e-03 7.163e-04 6.496e-03 -1.000 1.476e-02 -8.181 -8.234 -7.855 -7.786 -7.786 -7.774 -7.681 -7.669 -7.644
0.01471 0.00000 6.90309 22.0918102264 2.6310579777   21.408  5.179  3.9932  1.514    1  0.000  0.545     0.00     0.00     0.00     0.00     0.00 -1  -8.5e-06      0.00 7.107e-01 2.745e-01 2.655e-03 7.163e-04 6.496e-03 -1.000 1.476e-02 -8.178 -8.246 -8.007 -7.953 -7.959 -7.960 -7.910 -7.909 -7.891
0.01471 0.00000 6.90309 22.0927925110 2.6310582161   21.406  5.178  3.9491  1.339    1  0.000  0.545     0.00     0.00     0.00     0.00     0.00 -1 -7.84e-06      0.00 7.107e-01 2.745e-01 2.655e-03 7.163e-04 6.496e-03 -1.000 1.476e-02 -8.175 -8.250 -8.118 -8.116 -8.149 -8.182 -8.184 -8.206 -8.198
0.01471 0.00000 6.90309 22.0938205719 2.6310584545   21.404  5.175  3.8984  1.139    1  0.000  0.545     0.00     0.00     0.00     0.00     0.00 -1 -6.81e-06      0.00 7.107e-01 2.745e-01 2.655e-03 7.163e-04 6.496e-03 -1.000 1.476e-02 -8.168 -8.138 -8.208 -8.264 -8.323 -8.393 -8.480 -8.532 -8.542
0.01471 0.00000 6.90309 22.0947933197 2.6310584545   21.403  5.169  3.8478  0.942    1  0.000  0.545     0.00     0.00     0.00     0.00     0.00 -1 -5.87e-06      0.00 7.107e-01 2.745e-01 2.655e-03 7.163e-04 6.496e-03 -1.000 1.476e-02 -8.154 -7.858 -8.104 -8.286 -8.421 -8.562 -8.760 -8.871 -8.898
0.01471 0.00000 6.90309 22.0957336426 2.6310586929   21.402  5.159  3.8004  0.763    1  0.000  0.545     0.00     0.00     0.00     0.00     0.00 -1 -4.95e-06      0.00 7.107e-01 2.745e-01 2.655e-03 7.163e-04 6.496e-03 -1.000 1.476e-02 -8.128 -7.434 -7.793 -8.224 -8.477 -8.707 -9.015 -9.206 -9.247
0.01471 0.00000 6.90309 22.0961761475 2.6310586929   21.401  5.152  3.7798  0.687    1  0.000  0.545     0.00     0.00     0.00     0.00     0.00 -1 -4.46e-06      0.00 7.107e-01 2.745e-01 2.655e-03 7.163e-04 6.496e-03 -1.000 1.476e-02 -8.111 -7.167 -7.601 -8.172 -8.488 -8.760 -9.118 -9.351 -9.400
0.01471 0.00000 6.90309 22.0964221954 2.6310589314   21.401  5.149  3.7689  0.647    1  0.000  0.545     0.00     0.00     0.00     0.00     0.00 -1 -4.21e-06      0.00 7.107e-01 2.745e-01 2.655e-03 7.163e-04 6.496e-03 -1.000 1.476e-02 -8.102 -7.001 -7.482 -8.132 -8.486 -8.786 -9.174 -9.433 -9.486
0.01471 0.00000 6.90309 22.0966968536 2.6310589314   21.400  5.146  3.7569  0.602    1  0.000  0.545     0.00     0.00     0.00     0.00     0.00 -1 -4.01e-06      0.00 7.107e-01 2.745e-01 2.655e-03 7.163e-04 6.496e-03 -1.000 1.476e-02 -8.094 -6.816 -7.360 -8.091 -8.480 -8.806 -9.227 -9.514 -9.571
0.01471 0.00000 6.90309 22.0970249176 2.6310589314   21.400  5.141  3.7433  0.552    1  0.000  0.545     0.00     0.00     0.00     0.00     0.00 -1 -3.74e-06      0.00 7.107e-01 2.745e-01 2.655e-03 7.163e-04 6.496e-03 -1.000 1.476e-02 -8.083 -6.577 -7.211 -8.035 -8.466 -8.822 -9.283 -9.603 -9.666
0.01471 0.00000 6.90309 22.0972175598 2.6310589314   21.400  5.139  3.7351  0.522    1  0.000  0.545     0.00     0.00     0.00     0.00     0.00 -1 -3.61e-06      0.00 7.107e-01 2.745e-01 2.654e-03 7.163e-04 6.496e-03 -1.000 1.476e-02 -8.077 -6.436 -7.124 -7.999 -8.453 -8.826 -9.313 -9.655 -9.720
0.01471 0.00000 6.90309 22.0974330902 2.6310589314   21.400  5.136  3.7260  0.488    1  0.000  0.545     0.00     0.00     0.00     0.00     0.00 -1  -3.5e-06      0.00 7.107e-01 2.745e-01 2.654e-03 7.163e-04 6.496e-03 -1.000 1.476e-02 -8.071 -6.273 -7.024 -7.957 -8.438 -8.829 -9.345 -9.713 -9.779
0.01471 0.00000 6.90309 22.0976734161 2.6310591698   21.399  5.134  3.7160  0.451    1  0.000  0.545     0.00     0.00     0.00     0.00     0.00 -1 -3.36e-06      0.00 7.107e-01 2.745e-01 2.654e-03 7.163e-04 6.496e-03 -1.000 1.476e-02 -8.064 -6.073 -6.908 -7.907 -8.417 -8.829 -9.379 -9.775 -9.843
0.01471 0.00000 6.90309 22.0979423523 2.6310591698   21.399  5.131  3.7055  0.412    1  0.000  0.545     0.00     0.00     0.00     0.00     0.00 -1 -3.23e-06      0.00 7.107e-01 2.745e-01 2.654e-03 7.163e-04 6.496e-03 -1.000 1.476e-02 -8.057 -5.855 -6.787 -7.851 -8.393 -8.825 -9.412 -9.837 -9.907
0.01471 0.00000 6.90309 22.0982456207 2.6310591698   21.399  5.128  3.6947  0.372    1  0.000  0.544     0.00     0.00     0.00     0.00     0.00 -1 -3.11e-06      0.00 7.107e-01 2.745e-01 2.652e-03 7.176e-04 6.496e-03 -1.000 1.476e-02 -8.049 -5.610 -6.655 -7.788 -8.362 -8.815 -9.444 -9.899 -9.973
0.01471 0.00000 6.90309 22.0985813141 2.6310591698   21.399  5.124  3.6838  0.332    1  0.000  0.543     0.00     0.00     0.00     0.00     0.00 -1 -2.97e-06      0.00 7.107e-01 2.745e-01 2.646e-03 7.223e-04 6.496e-03 -1.000 1.477e-02 -8.040 -5.344 -6.518 -7.721 -8.326 -8.800 -9.474 -9.957 -10.039
0.01471 0.00000 6.90309 22.0989570618 2.6310591698   21.399  5.120  3.6729  0.292    1  0.000  0.542     0.00     0.00     0.00     0.00     0.00 -1 -2.82e-06      0.00 7.107e-01 2.745e-01 2.640e-03 7.276e-04 6.496e-03 -1.000 1.477e-02 -8.029 -5.050 -6.364 -7.654 -8.291 -8.780 -9.503 -10.003 -10.100
0.01471 0.00000 6.90309 22.0998077393 2.6310594082   21.399  5.117  3.6517  0.211    1  0.000  0.539     0.00     0.00     0.00     0.00     0.00 -1 -2.56e-06      0.00 7.100e-01 2.752e-01 2.615e-03 7.687e-04 6.477e-03 -1.000 1.477e-02 -8.022 -4.382 -6.045 -7.505 -8.208 -8.741 -9.564 -10.094 -10.229
0.01471 0.00000 6.90309 22.1013545990 2.6310596466   21.398  5.124  3.6210  0.080    1  0.000  0.533     0.00     0.00     0.00     0.00     0.00 -1 -2.31e-06      0.00 7.059e-01 2.793e-01 2.548e-03 9.341e-04 6.377e-03 -1.000 1.476e-02 -8.040 -3.418 -5.592 -7.238 -8.053 -8.685 -9.650 -10.262 -10.439
0.01471 0.00000 6.90309 22.1025867462 2.6310598850   21.398  5.136  3.6029 -0.004    1  0.000  0.526     0.00     0.00     0.00     0.00     0.00 -1 -2.32e-06      0.00 7.041e-01 2.811e-01 2.501e-03 1.015e-03 6.332e-03 -1.000 1.476e-02 -8.071 -2.911 -5.313 -7.057 -7.950 -8.663 -9.713 -10.380 -10.584
0.01471 0.00000 6.90309 22.1039657593 2.6310601234   21.398  5.144  3.5878 -0.073    1  0.000  0.508     0.00     0.00     0.00     0.00     0.00 -1 -2.33e-06      0.00 7.036e-01 2.816e-01 2.412e-03 1.105e-03 6.321e-03 -1.000 1.476e-02 -8.090 -2.582 -5.063 -6.863 -7.826 -8.632 -9.757 -10.474 -10.698
0.01471 0.00000 6.90309 22.1054096222 2.6310603619   21.398  5.161  3.5832 -0.108    1  0.000  0.494     0.00     0.00     0.00     0.00     0.00 -1 -2.43e-06      0.00 6.908e-01 2.944e-01 2.257e-03 1.528e-03 6.052e-03 -1.000 1.476e-02 -8.133 -2.494 -5.001 -6.825 -7.815 -8.659 -9.810 -10.539 -10.770
0.01471 0.00000 6.90309 22.1068477631 2.6310606003   21.397  5.175  3.5793 -0.137    1  0.000  0.487     0.00     0.00     0.00     0.00     0.00 -1 -2.66e-06      0.00 6.850e-01 3.002e-01 2.188e-03 1.716e-03 5.933e-03 -1.000 1.476e-02 -8.167 -2.407 -4.940 -6.785 -7.800 -8.680 -9.854 -10.592 -10.831
0.01471 0.00000 6.90309 22.1547737122 2.6310687065   21.382  5.180  3.5655 -0.198    1  0.000  0.480     0.00     0.00     0.00     0.00     0.00 -1 -2.72e-06      0.00 6.795e-01 3.057e-01 2.107e-03 1.920e-03 5.805e-03 -1.000 1.480e-02 -8.180 -2.174 -4.632 -6.484 -7.587 -8.634 -9.897 -10.676 -10.934
0.01471 0.00000 6.90309 22.2750244141 2.6310887337   21.344  5.177  3.5678 -0.186    1  0.000  0.480     0.00     0.00     0.00     0.00     0.00 -1 -2.68e-06      0.00 6.800e-01 3.052e-01 2.111e-03 1.902e-03 5.814e-03 -1.000 1.479e-02 -8.172 -2.205 -4.682 -6.537 -7.623 -8.637 -9.883 -10.655 -10.910
0.01471 0.00000 6.90309 22.9317054749 2.6311943531   21.011  5.236  3.5630 -0.272    1  0.000  0.489     0.00     0.00     0.00     0.00     0.00 -1 -3.68e-06      0.00 6.853e-01 2.999e-01 2.184e-03 1.712e-03 5.920e-03 -1.000 1.478e-02 -8.320 -2.221 -4.682 -6.549 -7.678 -8.764 -10.047 -10.828 -11.091
0.01471 0.00000 6.90309 22.9488086700 2.6311969757   20.999  5.237  3.5628 -0.274    1  0.000  0.489     0.00     0.00     0.00     0.00     0.00 -1  -3.7e-06      0.00 6.855e-01 2.998e-01 2.187e-03 1.705e-03 5.924e-03 -1.000 1.478e-02 -8.323 -2.220 -4.680 -6.547 -7.678 -8.766 -10.051 -10.832 -11.096
0.01471 0.00000 6.90309 23.0884304047 2.6312186718   20.880  5.249  3.5612 -0.294    2  0.000  0.490     0.00     0.00     0.00     0.00     0.00 -1 -3.93e-06      0.00 6.870e-01 2.982e-01 2.199e-03 1.655e-03 5.956e-03 -1.000 1.478e-02 -8.351 -2.211 -4.662 -6.531 -7.675 -8.787 -10.084 -10.868 -11.135
0.01471 0.00000 6.90309 23.2782096863 2.6312472820   20.701  5.263  3.5590 -0.321    2  0.000  0.489     0.00     0.00     0.00     0.00     0.00 -1 -4.23e-06      0.00 6.890e-01 2.962e-01 2.210e-03 1.589e-03 5.999e-03 -1.000 1.478e-02 -8.388 -2.200 -4.632 -6.500 -7.665 -8.813 -10.128 -10.917 -11.187
0.01471 0.00000 6.90309 23.4661045074 2.6312754154   20.493  5.270  3.5565 -0.342    3  0.000  0.467     0.00     0.00     0.00     0.00     0.00 -1 -4.46e-06      0.00 6.694e-01 3.158e-01 1.964e-03 2.218e-03 5.602e-03 -1.000 1.477e-02 -8.404 -2.170 -4.568 -6.429 -7.620 -8.812 -10.151 -10.945 -11.220
0.01471 0.00000 6.90309 23.6425056458 2.6313011646   20.287  5.282  3.5527 -0.374    3  0.000  0.416     0.00     0.00     0.00     0.00     0.00 -1 -4.78e-06      0.00 6.316e-01 3.536e-01 1.534e-03 3.378e-03 4.885e-03 -1.000 1.473e-02 -8.436 -2.132 -4.480 -6.331 -7.560 -8.820 -10.193 -10.996 -11.276
0.01471 0.00000 6.90309 23.6941108704 2.6313085556   20.221  5.289  3.5514 -0.388    3  0.000  0.404     0.00     0.00     0.00     0.00     0.00 -1 -4.96e-06      0.00 6.232e-01 3.620e-01 1.437e-03 3.645e-03 4.717e-03 -1.000 1.477e-02 -8.454 -2.124 -4.456 -6.303 -7.546 -8.830 -10.215 -11.021 -11.303
0.01471 0.00000 6.90309 23.7098484039 2.6313109398   20.200  5.304  3.5492 -0.412    3  0.000  0.393     0.00     0.00     0.00     0.00     0.00 -1 -5.28e-06      0.00 6.167e-01 3.685e-01 1.361e-03 3.853e-03 4.587e-03 -1.000 1.475e-02 -8.489 -2.115 -4.414 -6.254 -7.524 -8.850 -10.258 -11.068 -11.354
0.01471 0.00000 6.90309 23.7303066254 2.6313138008   20.171  5.324  3.5461 -0.445    3  0.000  0.378     0.00     0.00     0.00     0.00     0.00 -1 -5.78e-06      0.00 6.081e-01 3.771e-01 1.260e-03 4.129e-03 4.413e-03 -1.000 1.472e-02 -8.540 -2.104 -4.346 -6.170 -7.484 -8.872 -10.319 -11.135 -11.425
0.01471 0.00000 6.90309 23.7348461151 2.6313145161   20.164  5.340  3.5440 -0.470    3  0.000  0.373     0.00     0.00     0.00     0.00     0.00 -1 -6.26e-06      0.00 6.053e-01 3.800e-01 1.226e-03 4.222e-03 4.355e-03 -1.000 1.473e-02 -8.580 -2.101 -4.304 -6.119 -7.463 -8.894 -10.366 -11.186 -11.480
0.01471 0.00000 6.90309 23.7464504242 2.6313161850   20.138  5.395  3.5374 -0.552    3  0.000  0.366     0.00     0.00     0.00     0.00     0.00 -1 -8.16e-06      0.00 6.013e-01 3.840e-01 1.180e-03 4.350e-03 4.274e-03 -1.000 1.474e-02 -8.718 -2.134 -4.187 -5.952 -7.393 -8.958 -10.524 -11.357 -11.662
0.01471 0.00000 6.90309 23.7503070831 2.6313166618   20.128  5.412  3.5354 -0.577    3  0.000  0.364     0.00     0.00     0.00     0.00     0.00 -1 -8.84e-06      0.00 6.006e-01 3.846e-01 1.173e-03 4.372e-03 4.259e-03 -1.000 1.474e-02 -8.760 -2.150 -4.148 -5.893 -7.368 -8.973 -10.572 -11.410 -11.717
0.01471 0.00000 6.90309 23.7553234100 2.6313173771   20.121  5.446  3.5318 -0.625    3  0.000  0.364     0.00     0.00     0.00     0.00     0.00 -1 -1.04e-05      0.00 5.995e-01 3.858e-01 1.163e-03 4.406e-03 4.233e-03 -1.000 1.474e-02 -8.845 -2.185 -4.086 -5.797 -7.331 -9.009 -10.667 -11.512 -11.825
0.01471 0.00000 6.90309 23.7562561035 2.6313176155   20.122  5.453  3.5312 -0.634    3  0.000  0.364     0.00     0.00     0.00     0.00     0.00 -1 -1.08e-05      0.00 5.992e-01 3.860e-01 1.161e-03 4.413e-03 4.228e-03 -1.000 1.476e-02 -8.861 -2.193 -4.075 -5.780 -7.325 -9.016 -10.685 -11.532 -11.846