Zini     MH   logAge Mini        int_IMF         Mass   logL    logTe  logg  label   McoreTP C_O  period0  period1  period2  period3  period4  pmode  Mloss  tau1m   X   Y   Xc  Xn  Xo  Cexcess  Z 	 mbolmag  Umag    Bmag    Vmag    Rmag    Imag    Jmag    Hmag    Kmag
0.01471 0.00000 7.39794 0.0900000036 1.0816895962    0.090 -2.331  3.4041  4.292    0  0.000  0.545     0.00     0.00     0.00     0.00     0.00 -1 -1.42e-15      0.00 7.107e-01 2.745e-01 2.655e-03 7.163e-04 6.496e-03 -1.000 1.476e-02 10.597 18.319 16.613 15.063 13.154 11.021 8.546 7.963 7.595
0.01471 0.00000 7.39794 0.0928791538 1.1087107658    0.093 -2.311  3.4064  4.295    0  0.000  0.545     0.00     0.00     0.00     0.00     0.00 -1 -1.45e-15      0.00 7.107e-01 2.745e-01 2.655e-03 7.163e-04 6.496e-03 -1.000 1.476e-02 10.548 18.274 16.565 15.015 13.105 10.972 8.497 7.913 7.546
0.01471 0.00000 7.39794 0.1000000015 1.1711064577    0.100 -2.261  3.4118  4.298    0  0.000  0.545     0.00     0.00     0.00     0.00     0.00 -1 -1.56e-15      0.00 7.107e-01 2.745e-01 2.655e-03 7.163e-04 6.496e-03 -1.000 1.476e-02 10.423 18.156 16.443 14.891 12.981 10.847 8.372 7.788 7.421
0.01471 0.00000 7.39794 0.1068681851 1.2260450125    0.107 -2.219  3.4165  4.303    0  0.000  0.545     0.00     0.00     0.00     0.00     0.00 -1 -1.66e-15      0.00 7.107e-01 2.745e-01 2.655e-03 7.163e-04 6.496e-03 -1.000 1.476e-02 10.316 18.023 16.314 14.762 12.858 10.730 8.267 7.682 7.316
0.01471 0.00000 7.39794 0.1200000048 1.3193155527    0.120 -2.140  3.4248  4.309    0  0.000  0.545     0.00     0.00     0.00     0.00     0.00 -1 -1.86e-15      0.00 7.107e-01 2.745e-01 2.655e-03 7.163e-04 6.496e-03 -1.000 1.476e-02 10.121 17.548 15.896 14.351 12.515 10.440 8.085 7.499 7.138
0.01471 0.00000 7.39794 0.1400000006 1.4384527206    0.140 -2.037  3.4362  4.318    0  0.000  0.545     0.00     0.00     0.00     0.00     0.00 -1 -2.17e-15      0.00 7.107e-01 2.745e-01 2.655e-03 7.163e-04 6.496e-03 -1.000 1.476e-02 9.862 16.835 15.275 13.751 12.023 10.032 7.848 7.259 6.909
0.01471 0.00000 7.39794 0.1630776078 1.5510758162    0.163 -1.937  3.4476  4.330    0  0.000  0.545     0.00     0.00     0.00     0.00     0.00 -1 -2.49e-15      0.00 7.107e-01 2.745e-01 2.655e-03 7.163e-04 6.496e-03 -1.000 1.476e-02 9.613 16.174 14.689 13.191 11.562 9.651 7.620 7.027 6.689
0.01471 0.00000 7.39794 0.1888497621 1.6546196938    0.189 -1.841  3.4579  4.338    0  0.000  0.545     0.00     0.00     0.00     0.00     0.00 -1 -2.86e-15      0.00 7.107e-01 2.745e-01 2.655e-03 7.163e-04 6.496e-03 -1.000 1.476e-02 9.372 15.585 14.159 12.674 11.131 9.301 7.401 6.804 6.478
0.01471 0.00000 7.39794 0.2178452313 1.7511317730    0.218 -1.749  3.4677  4.348    0  0.000  0.545     0.00     0.00     0.00     0.00     0.00 -1 -3.23e-15      0.00 7.107e-01 2.745e-01 2.655e-03 7.163e-04 6.496e-03 -1.000 1.476e-02 9.143 15.062 13.681 12.210 10.743 8.985 7.192 6.591 6.277
0.01471 0.00000 7.39794 0.2209684849 1.7605258226    0.221 -1.741  3.4686  4.349    0  0.000  0.545     0.00     0.00     0.00     0.00     0.00 -1 -3.27e-15      0.00 7.107e-01 2.745e-01 2.655e-03 7.163e-04 6.496e-03 -1.000 1.476e-02 9.121 15.012 13.635 12.166 10.705 8.954 7.172 6.570 6.257
0.01471 0.00000 7.39794 0.2323616743 1.7933839560    0.232 -1.707  3.4720  4.351    0  0.000  0.545     0.00     0.00     0.00     0.00     0.00 -1 -3.45e-15      0.00 7.107e-01 2.745e-01 2.655e-03 7.163e-04 6.496e-03 -1.000 1.476e-02 9.037 14.832 13.469 12.005 10.568 8.842 7.095 6.491 6.182
0.01471 0.00000 7.39794 0.2500000000 1.8403258324    0.250 -1.659  3.4770  4.355    0  0.000  0.545     0.00     0.00     0.00     0.00     0.00 -1  -3.7e-15      0.00 7.107e-01 2.745e-01 2.655e-03 7.163e-04 6.496e-03 -1.000 1.476e-02 8.918 14.578 13.233 11.775 10.373 8.685 6.987 6.380 6.078
0.01471 0.00000 7.39794 0.2744498253 1.8987147808    0.274 -1.600  3.4833  4.361    0  0.000  0.545     0.00     0.00     0.00     0.00     0.00 -1 -4.03e-15      0.00 7.107e-01 2.745e-01 2.655e-03 7.163e-04 6.496e-03 -1.000 1.476e-02 8.769 14.267 12.940 11.485 10.125 8.489 6.853 6.242 5.947
0.01471 0.00000 7.39794 0.3000000119 1.9529139996    0.300 -1.542  3.4895  4.367    0  0.000  0.545     0.00     0.00     0.00     0.00     0.00 -1 -4.36e-15      0.00 7.107e-01 2.745e-01 2.655e-03 7.163e-04 6.496e-03 -1.000 1.476e-02 8.626 13.971 12.658 11.201 9.880 8.301 6.726 6.110 5.823
0.01471 0.00000 7.39794 0.3300753236 2.0094978809    0.330 -1.483  3.4956  4.374    0  0.000  0.545     0.00     0.00     0.00     0.00     0.00 -1 -4.73e-15      0.00 7.107e-01 2.745e-01 2.655e-03 7.163e-04 6.496e-03 -1.000 1.476e-02 8.478 13.693 12.390 10.945 9.658 8.118 6.591 5.969 5.690
0.01471 0.00000 7.39794 0.3500000238 2.0434176922    0.350 -1.447  3.4994  4.379    0  0.000  0.545     0.00     0.00     0.00     0.00     0.00 -1 -4.96e-15      0.00 7.107e-01 2.745e-01 2.655e-03 7.163e-04 6.496e-03 -1.000 1.476e-02 8.389 13.522 12.226 10.788 9.522 8.007 6.510 5.885 5.610
0.01471 0.00000 7.39794 0.3506178558 2.0444290638    0.351 -1.446  3.4995  4.379    0  0.000  0.545     0.00     0.00     0.00     0.00     0.00 -1 -4.97e-15      0.00 7.107e-01 2.745e-01 2.655e-03 7.163e-04 6.496e-03 -1.000 1.476e-02 8.386 13.517 12.221 10.783 9.518 8.003 6.507 5.882 5.608
0.01471 0.00000 7.39794 0.4000000358 2.1185026169    0.400 -1.362  3.5082  4.387    0  0.000  0.545     0.00     0.00     0.00     0.00     0.00 -1  -5.6e-15      0.00 7.107e-01 2.745e-01 2.655e-03 7.163e-04 6.496e-03 -1.000 1.476e-02 8.175 13.139 11.853 10.431 9.212 7.749 6.316 5.682 5.418
0.01471 0.00000 7.39794 0.4326570630 2.1612491608    0.432 -1.311  3.5140  4.392    0  0.000  0.545     0.00     0.00     0.00     0.00     0.00 -1 -6.02e-15      0.00 7.107e-01 2.745e-01 2.655e-03 7.163e-04 6.496e-03 -1.000 1.476e-02 8.047 12.912 11.628 10.214 9.022 7.595 6.201 5.561 5.303
0.01471 0.00000 7.39794 0.4500000179 2.1822810173    0.450 -1.285  3.5168  4.395    0  0.000  0.545     0.00     0.00     0.00     0.00     0.00 -1 -6.24e-15      0.00 7.107e-01 2.745e-01 2.655e-03 7.163e-04 6.496e-03 -1.000 1.476e-02 7.982 12.800 11.517 10.106 8.927 7.518 6.144 5.500 5.245
0.01471 0.00000 7.39794 0.4689423740 2.2040805817    0.469 -1.258  3.5201  4.399    0  0.000  0.545     0.00     0.00     0.00     0.00     0.00 -1 -6.47e-15      0.00 7.107e-01 2.745e-01 2.655e-03 7.163e-04 6.496e-03 -1.000 1.476e-02 7.915 12.677 11.395 9.988 8.824 7.436 6.084 5.437 5.185
0.01471 0.00000 7.39794 0.5000000000 2.2374541759    0.500 -1.215  3.5252  4.404    0  0.000  0.545     0.00     0.00     0.00     0.00     0.00 -1 -6.89e-15      0.00 7.107e-01 2.745e-01 2.655e-03 7.163e-04 6.496e-03 -1.000 1.476e-02 7.806 12.495 11.209 9.806 8.663 7.308 5.989 5.336 5.089
0.01471 0.00000 7.39794 0.5168914795 2.2542147636    0.517 -1.192  3.5282  4.408    0  0.000  0.545     0.00     0.00     0.00     0.00     0.00 -1 -7.12e-15      0.00 7.107e-01 2.745e-01 2.655e-03 7.163e-04 6.496e-03 -1.000 1.476e-02 7.749 12.393 11.104 9.704 8.574 7.239 5.939 5.283 5.039
0.01471 0.00000 7.39794 0.5468764901 2.2810552120    0.547 -1.149  3.5332  4.409    0  0.000  0.545     0.00     0.00     0.00     0.00     0.00 -1 -7.61e-15      0.00 7.107e-01 2.745e-01 2.655e-03 7.163e-04 6.496e-03 -1.000 1.476e-02 7.643 12.219 10.925 9.529 8.420 7.116 5.846 5.184 4.944
0.01471 0.00000 7.39794 0.5500000119 2.2836582661    0.550 -1.145  3.5336  4.409    0  0.000  0.545     0.00     0.00     0.00     0.00     0.00 -1 -7.67e-15      0.00 7.107e-01 2.745e-01 2.655e-03 7.163e-04 6.496e-03 -1.000 1.476e-02 7.632 12.201 10.906 9.511 8.404 7.103 5.836 5.174 4.934
0.01471 0.00000 7.39794 0.5660840869 2.2965409756    0.566 -1.123  3.5366  4.412    0  0.000  0.545     0.00     0.00     0.00     0.00     0.00 -1 -7.91e-15      0.00 7.107e-01 2.745e-01 2.655e-03 7.163e-04 6.496e-03 -1.000 1.476e-02 7.578 12.108 10.810 9.418 8.322 7.040 5.790 5.125 4.888
0.01471 0.00000 7.39794 0.6000000238 2.3211214542    0.600 -1.074  3.5427  4.413    0  0.000  0.545     0.00     0.00     0.00     0.00     0.00 -1 -8.59e-15      0.00 7.107e-01 2.745e-01 2.655e-03 7.163e-04 6.496e-03 -1.000 1.476e-02 7.456 11.908 10.601 9.214 8.141 6.898 5.684 5.013 4.782
0.01471 0.00000 7.39794 0.6440941095 2.3486704826    0.644 -1.008  3.5526  4.417    0  0.000  0.545     0.00     0.00     0.00     0.00     0.00 -1 -9.62e-15      0.00 7.107e-01 2.745e-01 2.655e-03 7.163e-04 6.496e-03 -1.000 1.476e-02 7.290 11.625 10.300 8.917 7.879 6.704 5.544 4.864 4.642
0.01471 0.00000 7.39794 0.6499999762 2.3520355225    0.650 -1.000  3.5539  4.418    0  0.000  0.545     0.00     0.00     0.00     0.00     0.00 -1 -9.75e-15      0.00 7.107e-01 2.745e-01 2.655e-03 7.163e-04 6.496e-03 -1.000 1.476e-02 7.269 11.591 10.262 8.880 7.846 6.680 5.527 4.846 4.625
0.01471 0.00000 7.39794 0.6515499353 2.3529069424    0.652 -0.997  3.5544  4.419    0  0.000  0.545     0.00     0.00     0.00     0.00     0.00 -1 -9.79e-15      0.00 7.107e-01 2.745e-01 2.655e-03 7.163e-04 6.496e-03 -1.000 1.476e-02 7.263 11.580 10.250 8.868 7.835 6.673 5.522 4.840 4.620
0.01471 0.00000 7.39794 0.7000000477 2.3779268265    0.700 -0.906  3.5692  4.418    0  0.000  0.545     0.00     0.00     0.00     0.00     0.00 -1 -1.16e-14      0.00 7.107e-01 2.745e-01 2.655e-03 7.163e-04 6.496e-03 -1.000 1.476e-02 7.036 11.198 9.832 8.454 7.466 6.412 5.337 4.641 4.437
0.01471 0.00000 7.39794 0.7019585967 2.3788549900    0.702 -0.899  3.5717  4.423    0  0.000  0.545     0.00     0.00     0.00     0.00     0.00 -1 -1.17e-14      0.00 7.107e-01 2.745e-01 2.653e-03 7.162e-04 6.496e-03 -1.000 1.476e-02 7.019 11.154 9.783 8.406 7.425 6.389 5.326 4.629 4.428
0.01471 0.00000 7.39794 0.7500000000 2.3998889923    0.750 -0.728  3.6319  4.520    0  0.000  0.538     0.00     0.00     0.00     0.00     0.00 -1  -1.5e-14      0.00 7.107e-01 2.745e-01 2.619e-03 7.153e-04 6.497e-03 -1.000 1.476e-02 6.589 10.066 8.623 7.385 6.551 5.887 5.043 4.354 4.239
0.01471 0.00000 7.39794 0.7574860454 2.4028916359    0.758 -0.715  3.6334  4.518    0  0.000  0.538     0.00     0.00     0.00     0.00     0.00 -1 -1.54e-14      0.00 7.107e-01 2.745e-01 2.619e-03 7.153e-04 6.497e-03 -1.000 1.476e-02 6.558 10.009 8.571 7.340 6.511 5.856 5.016 4.328 4.216
0.01471 0.00000 7.39794 0.8000000119 2.4187245369    0.800 -0.626  3.6449  4.499    0  0.000  0.538     0.00     0.00     0.00     0.00     0.00 -1 -1.87e-14      0.00 7.107e-01 2.745e-01 2.619e-03 7.153e-04 6.497e-03 -1.000 1.476e-02 6.336 9.571 8.191 7.013 6.223 5.629 4.826 4.155 4.057
0.01471 0.00000 7.39794 0.8293623924 2.4285767078    0.829 -0.558  3.6554  4.488    0  0.000  0.538     0.00     0.00     0.00     0.00     0.00 -1 -2.18e-14      0.00 7.107e-01 2.745e-01 2.619e-03 7.153e-04 6.497e-03 -1.000 1.476e-02 6.164 9.153 7.875 6.749 5.997 5.449 4.685 4.045 3.955
0.01471 0.00000 7.39794 0.8500000238 2.4350347519    0.850 -0.504  3.6641  4.479    0  0.000  0.538     0.00     0.00     0.00     0.00     0.00 -1 -2.45e-14      0.00 7.107e-01 2.745e-01 2.619e-03 7.153e-04 6.497e-03 -1.000 1.476e-02 6.029 8.805 7.624 6.541 5.825 5.307 4.575 3.965 3.880
0.01471 0.00000 7.39794 0.8594089746 2.4378609657    0.859 -0.479  3.6683  4.476    0  0.000  0.538     0.00     0.00     0.00     0.00     0.00 -1  -2.6e-14      0.00 7.107e-01 2.745e-01 2.619e-03 7.153e-04 6.497e-03 -1.000 1.476e-02 5.967 8.644 7.508 6.446 5.747 5.241 4.525 3.928 3.845
0.01471 0.00000 7.39794 0.8868408203 2.4457087517    0.886 -0.400  3.6819  4.465    0  0.000  0.538     0.00     0.00     0.00     0.00     0.00 -1  -3.1e-14      0.00 7.107e-01 2.745e-01 2.619e-03 7.153e-04 6.497e-03 -1.000 1.476e-02 5.770 8.131 7.148 6.152 5.508 5.037 4.371 3.821 3.744
0.01471 0.00000 7.39794 0.8999999762 2.4492788315    0.899 -0.361  3.6888  4.460    0  0.000  0.538     0.00     0.00     0.00     0.00     0.00 -1 -3.39e-14      0.00 7.107e-01 2.745e-01 2.619e-03 7.153e-04 6.497e-03 -1.000 1.476e-02 5.672 7.892 6.976 6.011 5.392 4.937 4.294 3.764 3.691
0.01471 0.00000 7.39794 0.9058012962 2.4508147240    0.905 -0.343  3.6919  4.457    0  0.000  0.538     0.00     0.00     0.00     0.00     0.00 -1 -3.53e-14      0.00 7.107e-01 2.745e-01 2.619e-03 7.153e-04 6.497e-03 -1.000 1.476e-02 5.628 7.786 6.901 5.949 5.342 4.894 4.261 3.740 3.669
0.01471 0.00000 7.39794 0.9329546690 2.4577128887    0.932 -0.259  3.7066  4.445    0  0.000  0.538     0.00     0.00     0.00     0.00     0.00 -1 -4.28e-14      0.00 7.107e-01 2.745e-01 2.619e-03 7.153e-04 6.497e-03 -1.000 1.476e-02 5.418 7.279 6.550 5.660 5.104 4.685 4.101 3.625 3.560
0.01471 0.00000 7.39794 0.9499999881 2.4618122578    0.950 -0.205  3.7161  4.437    0  0.000  0.538     0.00     0.00     0.00     0.00     0.00 -1 -4.85e-14      0.00 7.107e-01 2.745e-01 2.619e-03 7.153e-04 6.497e-03 -1.000 1.476e-02 5.282 6.967 6.333 5.480 4.955 4.553 4.001 3.551 3.490
0.01471 0.00000 7.39794 0.9626546502 2.4647479057    0.962 -0.164  3.7231  4.429    0  0.000  0.538     0.00     0.00     0.00     0.00     0.00 -1 -5.34e-14      0.00 7.107e-01 2.745e-01 2.619e-03 7.153e-04 6.496e-03 -1.000 1.476e-02 5.179 6.740 6.174 5.349 4.844 4.454 3.924 3.493 3.435
0.01471 0.00000 7.39794 0.9838460088 2.4694700241    0.984 -0.093  3.7349  4.416    0  0.000  0.538     0.00     0.00     0.00     0.00     0.00 -1 -6.31e-14      0.00 7.107e-01 2.745e-01 2.619e-03 7.153e-04 6.496e-03 -1.000 1.476e-02 5.004 6.367 5.910 5.130 4.658 4.287 3.794 3.395 3.341
0.01471 0.00000 7.39794 1.0000000000 2.4729156494    1.000 -0.040  3.7439  4.405    0  0.000  0.538     0.00     0.00     0.00     0.00     0.00 -1 -7.17e-14      0.00 7.107e-01 2.745e-01 2.619e-03 7.153e-04 6.496e-03 -1.000 1.476e-02 4.869 6.082 5.710 4.966 4.519 4.163 3.697 3.320 3.270
0.01471 0.00000 7.39794 1.0017281771 2.4732766151    1.002 -0.034  3.7448  4.404    0  0.000  0.538     0.00     0.00     0.00     0.00     0.00 -1 -7.26e-14      0.00 7.107e-01 2.745e-01 2.619e-03 7.153e-04 6.496e-03 -1.000 1.476e-02 4.854 6.052 5.689 4.949 4.505 4.150 3.687 3.312 3.263
0.01471 0.00000 7.39794 1.0266058445 2.4783194065    1.026  0.045  3.7576  4.386    0  0.000  0.538     0.00     0.00     0.00     0.00     0.00 -1 -8.46e-14      0.00 7.107e-01 2.745e-01 2.619e-03 7.152e-04 6.496e-03 -1.000 1.476e-02 4.656 5.651 5.406 4.719 4.309 3.974 3.546 3.201 3.157
0.01471 0.00000 7.39794 1.0421593189 2.4813318253    1.042  0.093  3.7654  4.377    0  0.000  0.538     0.00     0.00     0.00     0.00     0.00 -1 -9.27e-14      0.00 7.107e-01 2.745e-01 2.619e-03 7.152e-04 6.496e-03 -1.000 1.476e-02 4.537 5.422 5.238 4.584 4.193 3.871 3.464 3.136 3.096
0.01471 0.00000 7.39794 1.0499999523 2.4828116894    1.050  0.109  3.7686  4.376    0  0.000  0.538     0.00     0.00     0.00     0.00     0.00 -1  -9.5e-14      0.00 7.107e-01 2.745e-01 2.619e-03 7.152e-04 6.496e-03 -1.000 1.476e-02 4.496 5.339 5.178 4.536 4.154 3.836 3.438 3.117 3.078
0.01471 0.00000 7.39794 1.0511398315 2.4830245972    1.051  0.112  3.7690  4.376    0  0.000  0.538     0.00     0.00     0.00     0.00     0.00 -1 -9.53e-14      0.00 7.107e-01 2.745e-01 2.619e-03 7.152e-04 6.496e-03 -1.000 1.476e-02 4.490 5.327 5.169 4.530 4.148 3.831 3.434 3.114 3.076
0.01471 0.00000 7.39794 1.0968544483 2.4911496639    1.096  0.171  3.7829  4.390    0  0.000  0.538     0.00     0.00     0.00     0.00     0.00 -1 -9.86e-14      0.00 7.107e-01 2.745e-01 2.619e-03 7.152e-04 6.496e-03 -1.000 1.475e-02 4.342 5.009 4.939 4.360 4.011 3.717 3.355 3.064 3.033
0.01471 0.00000 7.39794 1.1000000238 2.4916803837    1.099  0.174  3.7837  4.392    0  0.000  0.538     0.00     0.00     0.00     0.00     0.00 -1 -9.85e-14      0.00 7.107e-01 2.745e-01 2.619e-03 7.152e-04 6.496e-03 -1.000 1.474e-02 4.334 4.992 4.927 4.351 4.005 3.712 3.352 3.063 3.032
0.01471 0.00000 7.39794 1.1100722551 2.4933559895    1.109  0.185  3.7868  4.398    0  0.000  0.538     0.00     0.00     0.00     0.00     0.00 -1 -9.82e-14      0.00 7.107e-01 2.745e-01 2.619e-03 7.152e-04 6.496e-03 -1.000 1.474e-02 4.308 4.934 4.885 4.322 3.982 3.693 3.342 3.058 3.029
0.01471 0.00000 7.39794 1.1384670734 2.4978969097    1.138  0.192  3.7912  4.419    0  0.000  0.538     0.00     0.00     0.00     0.00     0.00 -1 -9.18e-14      0.00 7.108e-01 2.744e-01 2.619e-03 7.151e-04 6.495e-03 -1.000 1.476e-02 4.290 4.871 4.844 4.299 3.969 3.687 3.346 3.071 3.043
0.01471 0.00000 7.39794 1.1499999762 2.4996678829    1.149  0.195  3.7925  4.425    0  0.000  0.538     0.00     0.00     0.00     0.00     0.00 -1 -8.95e-14      0.00 7.108e-01 2.744e-01 2.619e-03 7.151e-04 6.495e-03 -1.000 1.476e-02 4.282 4.851 4.830 4.290 3.963 3.683 3.345 3.073 3.046
0.01471 0.00000 7.39794 1.1549273729 2.5004122257    1.154  0.196  3.7930  4.428    0  0.000  0.538     0.00     0.00     0.00     0.00     0.00 -1 -8.84e-14      0.00 7.108e-01 2.744e-01 2.619e-03 7.151e-04 6.495e-03 -1.000 1.476e-02 4.279 4.843 4.824 4.286 3.960 3.681 3.344 3.073 3.046
0.01471 0.00000 7.39794 1.2000000477 2.5068950653    1.200  0.233  3.7978  4.427    0  0.000  0.538     0.00     0.00     0.00     0.00     0.00 -1 -8.66e-14      0.00 7.108e-01 2.744e-01 2.619e-03 7.150e-04 6.494e-03 -1.000 1.476e-02 4.188 4.707 4.709 4.191 3.875 3.604 3.278 3.016 2.991
0.01471 0.00000 7.39794 1.2088738680 2.5081059933    1.208  0.239  3.7985  4.427    0  0.000  0.538     0.00     0.00     0.00     0.00     0.00 -1 -8.57e-14      0.00 7.108e-01 2.744e-01 2.618e-03 7.150e-04 6.494e-03 -1.000 1.476e-02 4.172 4.685 4.689 4.174 3.860 3.590 3.266 3.006 2.981
0.01471 0.00000 7.39794 1.2500000000 2.5134611130    1.250  0.311  3.8057  4.398    0  0.000  0.538     0.00     0.00     0.00     0.00     0.00 -1 -9.37e-14      0.00 7.109e-01 2.744e-01 2.618e-03 7.150e-04 6.494e-03 -1.000 1.476e-02 3.992 4.446 4.473 3.989 3.690 3.431 3.124 2.878 2.856
0.01471 0.00000 7.39794 1.2556198835 2.5141618252    1.255  0.321  3.8067  4.394    0  0.000  0.538     0.00     0.00     0.00     0.00     0.00 -1 -9.47e-14      0.00 7.109e-01 2.744e-01 2.618e-03 7.150e-04 6.494e-03 -1.000 1.476e-02 3.967 4.414 4.444 3.963 3.667 3.410 3.104 2.860 2.838
0.01471 0.00000 7.39794 1.2999999523 2.5194499493    1.300  0.400  3.8151  4.365    0  0.000  0.538     0.00     0.00     0.00     0.00     0.00 -1 -1.04e-13      0.00 7.109e-01 2.744e-01 2.618e-03 7.150e-04 6.494e-03 -1.000 1.476e-02 3.771 4.163 4.208 3.761 3.483 3.239 2.953 2.725 2.706
0.01471 0.00000 7.39794 1.3208321333 2.5217919350    1.321  0.437  3.8194  4.351    0  0.000  0.538     0.00     0.00     0.00     0.00     0.00 -1 -1.08e-13      0.00 7.109e-01 2.744e-01 2.618e-03 7.149e-04 6.494e-03 -1.000 1.476e-02 3.676 4.047 4.096 3.664 3.393 3.157 2.881 2.662 2.643
0.01471 0.00000 7.39794 1.3499999046 2.5249314308    1.350  0.489  3.8255  4.333    0  0.000  0.538     0.00     0.00     0.00     0.00     0.00 -1 -1.13e-13      0.00 7.109e-01 2.743e-01 2.618e-03 7.149e-04 6.493e-03 -1.000 1.476e-02 3.547 3.889 3.940 3.530 3.271 3.044 2.783 2.576 2.559
0.01471 0.00000 7.39794 1.3999999762 2.5299651623    1.400  0.571  3.8371  4.313    0  0.000  0.538     0.00     0.00     0.00     0.00     0.00 -1 -1.18e-13      0.00 7.109e-01 2.744e-01 2.618e-03 7.149e-04 6.493e-03 -1.000 1.473e-02 3.343 3.640 3.691 3.318 3.082 2.875 2.640 2.455 2.440
0.01471 0.00000 7.39794 1.4098938704 2.5309126377    1.410  0.586  3.8396  4.312    0  0.000  0.538     0.00     0.00     0.00     0.00     0.00 -1 -1.18e-13      0.00 7.109e-01 2.744e-01 2.618e-03 7.149e-04 6.493e-03 -1.000 1.474e-02 3.304 3.593 3.643 3.278 3.047 2.844 2.615 2.436 2.421
0.01471 0.00000 7.39794 1.4500000477 2.5346016884    1.450  0.644  3.8498  4.306    0  0.000  0.538     0.00     0.00     0.00     0.00     0.00 -1 -1.16e-13      0.00 7.109e-01 2.743e-01 2.618e-03 7.149e-04 6.493e-03 -1.000 1.476e-02 3.159 3.418 3.462 3.128 2.916 2.731 2.524 2.364 2.351
0.01471 0.00000 7.39794 1.4948680401 2.5384602547    1.495  0.705  3.8643  4.316    0  0.000  0.538     0.00     0.00     0.00     0.00     0.00 -1 -1.06e-13      0.00 7.109e-01 2.743e-01 2.617e-03 7.148e-04 6.493e-03 -1.000 1.476e-02 3.007 3.233 3.265 2.970 2.787 2.627 2.451 2.318 2.307
0.01471 0.00000 7.39794 1.5000000000 2.5388846397    1.500  0.712  3.8655  4.316    0  0.000  0.538     0.00     0.00     0.00     0.00     0.00 -1 -1.05e-13      0.00 7.109e-01 2.743e-01 2.617e-03 7.148e-04 6.493e-03 -1.000 1.476e-02 2.990 3.215 3.245 2.953 2.772 2.614 2.442 2.311 2.300
0.01471 0.00000 7.39794 1.5500000715 2.5428512096    1.550  0.774  3.8790  4.323    0  0.000  0.538     0.00     0.00     0.00     0.00     0.00 -1  -8.9e-14      0.00 7.110e-01 2.743e-01 2.618e-03 7.148e-04 6.492e-03 -1.000 1.476e-02 2.836 3.039 3.053 2.796 2.641 2.508 2.363 2.256 2.246
0.01471 0.00000 7.39794 1.6000000238 2.5465342999    1.600  0.834  3.8923  4.329    0  0.000  0.538     0.00     0.00     0.00     0.00     0.00 -1 -6.68e-14      0.00 7.110e-01 2.742e-01 2.618e-03 7.147e-04 6.491e-03 -1.000 1.476e-02 2.685 2.871 2.868 2.644 2.516 2.406 2.289 2.204 2.195
0.01471 0.00000 7.39794 1.6500000954 2.5499615669    1.649  0.891  3.9048  4.336    0  0.000  0.538     0.00     0.00     0.00     0.00     0.00 -1 -3.72e-14      0.00 7.110e-01 2.742e-01 2.618e-03 7.147e-04 6.491e-03 -1.000 1.476e-02 2.543 2.717 2.699 2.507 2.404 2.316 2.222 2.156 2.148
0.01471 0.00000 7.39794 1.7000000477 2.5531582832    1.699  0.947  3.9168  4.341    0  0.000  0.538     0.00     0.00     0.00     0.00     0.00 -1    -1e-30      0.00 7.110e-01 2.742e-01 2.617e-03 7.146e-04 6.491e-03 -1.000 1.476e-02 2.404 2.567 2.537 2.377 2.297 2.229 2.156 2.107 2.100
0.01471 0.00000 7.39794 1.7500000000 2.5561456680    1.749  1.000  3.9281  4.345    0  0.000  0.538     0.00     0.00     0.00     0.00     0.00 -1    -1e-30      0.00 7.110e-01 2.742e-01 2.617e-03 7.146e-04 6.491e-03 -1.000 1.476e-02 2.270 2.424 2.387 2.258 2.198 2.148 2.095 2.059 2.053
0.01471 0.00000 7.39794 1.7999999523 2.5589430332    1.799  1.052  3.9389  4.349    0  0.000  0.538     0.00     0.00     0.00     0.00     0.00 -1    -1e-30      0.00 7.111e-01 2.742e-01 2.617e-03 7.146e-04 6.491e-03 -1.000 1.475e-02 2.141 2.286 2.250 2.150 2.107 2.072 2.035 2.011 2.006
0.01471 0.00000 7.39794 1.8499999046 2.5615673065    1.849  1.100  3.9489  4.353    0  0.000  0.538     0.00     0.00     0.00     0.00     0.00 -1    -1e-30      0.00 7.111e-01 2.742e-01 2.617e-03 7.146e-04 6.490e-03 -1.000 1.475e-02 2.020 2.158 2.132 2.054 2.025 2.002 1.980 1.964 1.961
0.01471 0.00000 7.39794 1.8999999762 2.5640332699    1.899  1.148  3.9586  4.355    0  0.000  0.538     0.00     0.00     0.00     0.00     0.00 -1    -1e-30      0.00 7.111e-01 2.742e-01 2.616e-03 7.145e-04 6.490e-03 -1.000 1.475e-02 1.901 2.033 2.022 1.965 1.947 1.934 1.925 1.917 1.915
0.01471 0.00000 7.39794 1.9500000477 2.5663545132    1.950  1.194  3.9679  4.357    0  0.000  0.538     0.00     0.00     0.00     0.00     0.00 -1    -1e-30      0.00 7.111e-01 2.741e-01 2.616e-03 7.145e-04 6.489e-03 -1.000 1.474e-02 1.785 1.913 1.921 1.881 1.873 1.869 1.872 1.870 1.870
0.01471 0.00000 7.39794 2.0000000000 2.5685424805    2.000  1.239  3.9767  4.359    0  0.000  0.538     0.00     0.00     0.00     0.00     0.00 -1    -1e-30      0.00 7.111e-01 2.741e-01 2.617e-03 7.144e-04 6.489e-03 -1.000 1.476e-02 1.673 1.802 1.828 1.804 1.803 1.807 1.821 1.824 1.826
0.01471 0.00000 7.39794 2.0499999523 2.5706083775    2.050  1.282  3.9850  4.360    0  0.000  0.538     0.00     0.00     0.00     0.00     0.00 -1    -1e-30      0.00 7.111e-01 2.741e-01 2.617e-03 7.144e-04 6.489e-03 -1.000 1.476e-02 1.566 1.696 1.742 1.732 1.737 1.747 1.772 1.779 1.783
0.01471 0.00000 7.39794 2.0999999046 2.5725615025    2.099  1.324  3.9930  4.360    0  0.000  0.538     0.00     0.00     0.00     0.00     0.00 -1    -1e-30      0.00 7.112e-01 2.741e-01 2.616e-03 7.144e-04 6.489e-03 -1.000 1.474e-02 1.460 1.594 1.660 1.662 1.673 1.688 1.721 1.732 1.738
0.01471 0.00000 7.39794 2.1500000954 2.5744106770    2.149  1.365  4.0009  4.361    0  0.000  0.538     0.00     0.00     0.00     0.00     0.00 -1    -1e-30      0.00 7.112e-01 2.741e-01 2.616e-03 7.144e-04 6.489e-03 -1.000 1.475e-02 1.358 1.495 1.582 1.595 1.611 1.631 1.674 1.688 1.696
0.01471 0.00000 7.39794 2.2000000477 2.5761635303    2.199  1.405  4.0083  4.360    0  0.000  0.538     0.00     0.00     0.00     0.00     0.00 -1    -1e-30      0.00 7.112e-01 2.741e-01 2.616e-03 7.143e-04 6.488e-03 -1.000 1.476e-02 1.258 1.398 1.507 1.531 1.550 1.575 1.625 1.643 1.653
0.01471 0.00000 7.39794 2.2500000000 2.5778269768    2.249  1.444  4.0157  4.361    1  0.000  0.538     0.00     0.00     0.00     0.00     0.00 -1    -1e-30      0.00 7.112e-01 2.741e-01 2.616e-03 7.143e-04 6.488e-03 -1.000 1.476e-02 1.161 1.307 1.437 1.470 1.493 1.522 1.581 1.601 1.613
0.01471 0.00000 7.39794 2.2999999523 2.5794074535    2.299  1.481  4.0227  4.361    1  0.000  0.538     0.00     0.00     0.00     0.00     0.00 -1    -1e-30      0.00 7.112e-01 2.741e-01 2.616e-03 7.143e-04 6.488e-03 -1.000 1.476e-02 1.067 1.218 1.369 1.410 1.436 1.468 1.534 1.557 1.571
0.01471 0.00000 7.39794 2.3957581520 2.5822236538    2.395  1.551  4.0351  4.358    0  0.000  0.538     0.00     0.00     0.00     0.00     0.00 -1    -1e-30      0.00 7.112e-01 2.741e-01 2.616e-03 7.143e-04 6.488e-03 -1.000 1.475e-02 0.891 1.054 1.244 1.298 1.328 1.366 1.446 1.472 1.490
0.01471 0.00000 7.39794 2.4000000954 2.5823426247    2.399  1.554  4.0357  4.358    0  0.000  0.538     0.00     0.00     0.00     0.00     0.00 -1    -1e-30      0.00 7.112e-01 2.741e-01 2.616e-03 7.143e-04 6.488e-03 -1.000 1.475e-02 0.884 1.047 1.238 1.293 1.323 1.362 1.442 1.469 1.487
0.01471 0.00000 7.39794 2.5999999046 2.5874414444    2.600  1.690  4.0596  4.353    1  0.000  0.538     0.00     0.00     0.00     0.00     0.00 -1    -1e-30      0.00 7.107e-01 2.745e-01 2.620e-03 7.154e-04 6.497e-03 -1.000 1.476e-02 0.544 0.734 1.002 1.077 1.114 1.163 1.267 1.301 1.326
0.01471 0.00000 7.39794 2.7999999523 2.5917119980    2.800  1.816  4.0810  4.345    1  0.000  0.538     0.00     0.00     0.00     0.00     0.00 -1    -1e-30      0.00 7.107e-01 2.745e-01 2.620e-03 7.154e-04 6.497e-03 -1.000 1.476e-02 0.230 0.452 0.787 0.876 0.919 0.975 1.100 1.140 1.170
0.01471 0.00000 7.39794 3.0000000000 2.5953342915    3.000  1.932  4.1002  4.336    1  0.000  0.538     0.00     0.00     0.00     0.00     0.00 -1    -1e-30      0.00 7.107e-01 2.745e-01 2.620e-03 7.154e-04 6.497e-03 -1.000 1.476e-02 -0.060 0.197 0.589 0.691 0.737 0.800 0.943 0.987 1.021
0.01471 0.00000 7.39794 3.0783658028 2.5966069698    3.078  1.975  4.1074  4.332    1  0.000  0.538     0.00     0.00     0.00     0.00     0.00 -1    -1e-30      0.00 7.107e-01 2.745e-01 2.620e-03 7.154e-04 6.497e-03 -1.000 1.476e-02 -0.168 0.103 0.516 0.622 0.670 0.735 0.884 0.929 0.965
0.01471 0.00000 7.39794 3.2000000477 2.5984411240    3.199  2.041  4.1182  4.327    1  0.000  0.538     0.00     0.00     0.00     0.00     0.00 -1    -1e-30      0.00 7.107e-01 2.745e-01 2.620e-03 7.154e-04 6.497e-03 -1.000 1.476e-02 -0.332 -0.035 0.407 0.519 0.569 0.638 0.795 0.843 0.881
0.01471 0.00000 7.39794 3.4000000954 2.6011312008    3.398  2.143  4.1346  4.317    1  0.000  0.538     0.00     0.00     0.00     0.00     0.00 -1    -1e-30      0.00 7.107e-01 2.745e-01 2.620e-03 7.154e-04 6.497e-03 -1.000 1.476e-02 -0.587 -0.249 0.236 0.357 0.411 0.484 0.655 0.707 0.747
0.01471 0.00000 7.39794 3.5405292511 2.6028139591    3.538  2.211  4.1453  4.309    1  0.000  0.538     0.00     0.00     0.00     0.00     0.00 -1    -1e-30      0.00 7.107e-01 2.745e-01 2.620e-03 7.154e-04 6.497e-03 -1.000 1.476e-02 -0.757 -0.390 0.122 0.248 0.304 0.381 0.560 0.614 0.657
0.01471 0.00000 7.39794 3.5999999046 2.6034805775    3.598  2.239  4.1497  4.306    1  0.000  0.538     0.00     0.00     0.00     0.00     0.00 -1    -1e-30      0.00 7.107e-01 2.745e-01 2.620e-03 7.154e-04 6.497e-03 -1.000 1.476e-02 -0.828 -0.448 0.075 0.203 0.261 0.339 0.521 0.576 0.619
0.01471 0.00000 7.39794 3.7999999523 2.6055479050    3.798  2.330  4.1639  4.295    1  0.000  0.538     0.00     0.00     0.00     0.00     0.00 -1    -1e-30      0.00 7.107e-01 2.745e-01 2.620e-03 7.154e-04 6.497e-03 -1.000 1.476e-02 -1.055 -0.632 -0.076 0.060 0.120 0.203 0.395 0.453 0.499
0.01471 0.00000 7.39794 3.8863160610 2.6063647270    3.886  2.367  4.1697  4.291    1  0.000  0.538     0.00     0.00     0.00     0.00     0.00 -1    -1e-30      0.00 7.107e-01 2.745e-01 2.620e-03 7.154e-04 6.497e-03 -1.000 1.476e-02 -1.148 -0.708 -0.139 -0.001 0.061 0.146 0.342 0.402 0.448
0.01471 0.00000 7.39794 4.0000000000 2.6073791981    4.001  2.416  4.1772  4.285    1  0.000  0.538     0.00     0.00     0.00     0.00     0.00 -1    -1e-30      0.00 7.107e-01 2.745e-01 2.620e-03 7.154e-04 6.497e-03 -1.000 1.476e-02 -1.270 -0.806 -0.220 -0.078 -0.014 0.072 0.274 0.335 0.383
0.01471 0.00000 7.39794 4.1999998093 2.6090114117    4.198  2.498  4.1898  4.274    1  0.000  0.538     0.00     0.00     0.00     0.00     0.00 -1    -1e-30      0.00 7.107e-01 2.745e-01 2.620e-03 7.154e-04 6.497e-03 -1.000 1.476e-02 -1.476 -0.970 -0.358 -0.209 -0.142 -0.052 0.159 0.222 0.272
0.01471 0.00000 7.39794 4.4000000954 2.6104743481    4.397  2.577  4.2017  4.263    1  0.000  0.538     0.00     0.00     0.00     0.00     0.00 -1    -1e-30      0.00 7.107e-01 2.745e-01 2.620e-03 7.154e-04 6.497e-03 -1.000 1.476e-02 -1.673 -1.127 -0.490 -0.335 -0.266 -0.172 0.047 0.113 0.165
0.01471 0.00000 7.39794 4.5328245163 2.6113641262    4.530  2.627  4.2092  4.255    1  0.000  0.538     0.00     0.00     0.00     0.00     0.00 -1    -1e-30      0.00 7.107e-01 2.745e-01 2.620e-03 7.154e-04 6.497e-03 -1.000 1.476e-02 -1.798 -1.226 -0.575 -0.416 -0.345 -0.249 -0.025 0.042 0.096
0.01471 0.00000 7.39794 4.5999999046 2.6117916107    4.598  2.652  4.2129  4.252    1  0.000  0.538     0.00     0.00     0.00     0.00     0.00 -1    -1e-30      0.00 7.107e-01 2.745e-01 2.620e-03 7.154e-04 6.497e-03 -1.000 1.476e-02 -1.861 -1.276 -0.618 -0.457 -0.385 -0.287 -0.061 0.007 0.062
0.01471 0.00000 7.39794 4.8000001907 2.6129837036    4.798  2.725  4.2234  4.240    1  0.000  0.538     0.00     0.00     0.00     0.00     0.00 -1    -1e-30      0.00 7.107e-01 2.745e-01 2.620e-03 7.154e-04 6.497e-03 -1.000 1.476e-02 -2.041 -1.419 -0.741 -0.574 -0.500 -0.399 -0.166 -0.096 -0.039
0.01471 0.00000 7.39794 4.8476028442 2.6132507324    4.846  2.741  4.2258  4.237    1  0.000  0.538     0.00     0.00     0.00     0.00     0.00 -1    -1e-30      0.00 7.107e-01 2.745e-01 2.620e-03 7.154e-04 6.497e-03 -1.000 1.476e-02 -2.083 -1.452 -0.769 -0.602 -0.527 -0.425 -0.190 -0.120 -0.063
0.01471 0.00000 7.39794 5.0000000000 2.6140668392    4.999  2.794  4.2334  4.228    1  0.000  0.538     0.00     0.00     0.00     0.00     0.00 -1    -1e-30      0.00 7.107e-01 2.745e-01 2.620e-03 7.154e-04 6.497e-03 -1.000 1.476e-02 -2.216 -1.558 -0.860 -0.689 -0.612 -0.508 -0.269 -0.196 -0.138
0.01471 0.00000 7.39794 5.0819153786 2.6144821644    5.081  2.822  4.2373  4.223    1  0.000  0.538     0.00     0.00     0.00     0.00     0.00 -1    -1e-30      0.00 7.107e-01 2.745e-01 2.620e-03 7.154e-04 6.497e-03 -1.000 1.476e-02 -2.285 -1.613 -0.908 -0.735 -0.657 -0.552 -0.310 -0.237 -0.178
0.01471 0.00000 7.39794 5.1999998093 2.6150546074    5.200  2.862  4.2429  4.216    1  0.000  0.538     0.00     0.00     0.00     0.00     0.00 -1    -1e-30      0.00 7.107e-01 2.745e-01 2.620e-03 7.154e-04 6.497e-03 -1.000 1.476e-02 -2.384 -1.692 -0.977 -0.801 -0.721 -0.615 -0.369 -0.295 -0.235
0.01471 0.00000 7.39794 5.3245086670 2.6156265736    5.325  2.902  4.2485  4.208    1  0.000  0.538     0.00     0.00     0.00     0.00     0.00 -1    -1e-30      0.00 7.107e-01 2.745e-01 2.620e-03 7.154e-04 6.497e-03 -1.000 1.476e-02 -2.486 -1.773 -1.048 -0.869 -0.788 -0.680 -0.431 -0.355 -0.295
0.01471 0.00000 7.39794 5.3999996185 2.6159586906    5.401  2.927  4.2519  4.203    1  0.000  0.538     0.00     0.00     0.00     0.00     0.00 -1    -1e-30      0.00 7.107e-01 2.745e-01 2.620e-03 7.154e-04 6.497e-03 -1.000 1.476e-02 -2.547 -1.823 -1.092 -0.911 -0.829 -0.720 -0.468 -0.392 -0.331
0.01471 0.00000 7.39794 5.5502128601 2.6165885925    5.551  2.975  4.2583  4.193    1  0.000  0.538     0.00     0.00     0.00     0.00     0.00 -1    -1e-30      0.00 7.107e-01 2.745e-01 2.620e-03 7.154e-04 6.497e-03 -1.000 1.476e-02 -2.667 -1.919 -1.177 -0.993 -0.909 -0.798 -0.542 -0.465 -0.402
0.01471 0.00000 7.39794 5.5999994278 2.6167888641    5.601  2.991  4.2604  4.189    1  0.000  0.538     0.00     0.00     0.00     0.00     0.00 -1    -1e-30      0.00 7.107e-01 2.745e-01 2.620e-03 7.154e-04 6.497e-03 -1.000 1.476e-02 -2.706 -1.951 -1.205 -1.020 -0.935 -0.824 -0.567 -0.489 -0.426
0.01471 0.00000 7.39794 5.6474227905 2.6169757843    5.648  3.005  4.2624  4.186    1  0.000  0.538     0.00     0.00     0.00     0.00     0.00 -1    -1e-30      0.00 7.107e-01 2.745e-01 2.620e-03 7.154e-04 6.497e-03 -1.000 1.476e-02 -2.743 -1.981 -1.231 -1.045 -0.960 -0.848 -0.590 -0.511 -0.448
0.01471 0.00000 7.39794 5.8000001907 2.6175537109    5.801  3.052  4.2684  4.175    1  0.000  0.538     0.00     0.00     0.00     0.00     0.00 -1    -1e-30      0.00 7.107e-01 2.745e-01 2.620e-03 7.154e-04 6.497e-03 -1.000 1.476e-02 -2.861 -2.077 -1.316 -1.127 -1.041 -0.927 -0.665 -0.585 -0.521
0.01471 0.00000 7.39794 6.0000000000 2.6182601452    6.000  3.113  4.2760  4.160    1  0.000  0.538     0.00     0.00     0.00     0.00     0.00 -1    -1e-30      0.00 7.107e-01 2.745e-01 2.620e-03 7.154e-04 6.497e-03 -1.000 1.476e-02 -3.011 -2.200 -1.426 -1.233 -1.145 -1.028 -0.761 -0.681 -0.615
0.01471 0.00000 7.39794 6.0134577751 2.6183056831    6.014  3.117  4.2765  4.159    1  0.000  0.538     0.00     0.00     0.00     0.00     0.00 -1    -1e-30      0.00 7.107e-01 2.745e-01 2.620e-03 7.154e-04 6.497e-03 -1.000 1.476e-02 -3.021 -2.208 -1.433 -1.240 -1.152 -1.035 -0.768 -0.687 -0.621
0.01471 0.00000 7.39794 6.1999998093 2.6189143658    6.200  3.171  4.2831  4.143    1  0.000  0.538     0.00     0.00     0.00     0.00     0.00 -1    -1e-30      0.00 7.107e-01 2.745e-01 2.620e-03 7.154e-04 6.497e-03 -1.000 1.476e-02 -3.159 -2.322 -1.535 -1.339 -1.249 -1.130 -0.859 -0.776 -0.709
0.01471 0.00000 7.39794 6.4000000954 2.6195218563    6.399  3.229  4.2899  4.127    1  0.000  0.538     0.00     0.00     0.00     0.00     0.00 -1    -1e-30      0.00 7.107e-01 2.745e-01 2.620e-03 7.154e-04 6.497e-03 -1.000 1.476e-02 -3.303 -2.442 -1.643 -1.444 -1.352 -1.231 -0.955 -0.871 -0.803
0.01471 0.00000 7.39794 6.4061279297 2.6195397377    6.405  3.231  4.2901  4.126    1  0.000  0.538     0.00     0.00     0.00     0.00     0.00 -1    -1e-30      0.00 7.107e-01 2.745e-01 2.620e-03 7.154e-04 6.497e-03 -1.000 1.476e-02 -3.307 -2.446 -1.646 -1.447 -1.355 -1.234 -0.958 -0.874 -0.806
0.01471 0.00000 7.39794 6.6643886566 2.6202607155    6.662  3.303  4.2982  4.104    1  0.000  0.538     0.00     0.00     0.00     0.00     0.00 -1    -1e-30      0.00 7.107e-01 2.745e-01 2.620e-03 7.154e-04 6.497e-03 -1.000 1.476e-02 -3.487 -2.597 -1.784 -1.580 -1.486 -1.363 -1.082 -0.996 -0.926
0.01471 0.00000 7.39794 6.9006876945 2.6208665371    6.897  3.368  4.3051  4.081    1  0.000  0.538     0.00     0.00     0.00     0.00     0.00 -1    -1e-30      0.00 7.107e-01 2.745e-01 2.620e-03 7.154e-04 6.497e-03 -1.000 1.476e-02 -3.649 -2.736 -1.910 -1.703 -1.608 -1.482 -1.197 -1.110 -1.039
0.01471 0.00000 7.39794 7.0000000000 2.6211071014    6.996  3.395  4.3077  4.070    1  0.000  0.538     0.00     0.00     0.00     0.00     0.00 -1    -1e-30      0.00 7.107e-01 2.745e-01 2.620e-03 7.154e-04 6.497e-03 -1.000 1.476e-02 -3.718 -2.796 -1.965 -1.757 -1.661 -1.534 -1.248 -1.160 -1.088
0.01471 0.00000 7.39794 7.0959792137 2.6213321686    7.092  3.421  4.3101  4.060    1  0.000  0.538     0.00     0.00     0.00     0.00     0.00 -1    -1e-30      0.00 7.107e-01 2.745e-01 2.620e-03 7.154e-04 6.497e-03 -1.000 1.476e-02 -3.782 -2.852 -2.017 -1.808 -1.712 -1.584 -1.296 -1.208 -1.135
0.01471 0.00000 7.39794 7.3077039719 2.6218049526    7.305  3.477  4.3149  4.036    1  0.000  0.538     0.00     0.00     0.00     0.00     0.00 -1    -1e-30      0.00 7.107e-01 2.745e-01 2.620e-03 7.154e-04 6.497e-03 -1.000 1.476e-02 -3.924 -2.977 -2.134 -1.922 -1.824 -1.695 -1.404 -1.315 -1.241
0.01471 0.00000 7.39794 7.5031380653 2.6222140789    7.502  3.529  4.3190  4.012    1  0.000  0.538     0.00     0.00     0.00     0.00     0.00 -1    -1e-30      0.00 7.107e-01 2.745e-01 2.620e-03 7.154e-04 6.497e-03 -1.000 1.476e-02 -4.053 -3.094 -2.242 -2.029 -1.930 -1.800 -1.506 -1.416 -1.342
0.01471 0.00000 7.39794 7.6844077110 2.6225724220    7.684  3.577  4.3223  3.988    1  0.000  0.538     0.00     0.00     0.00     0.00     0.00 -1    -1e-30      0.00 7.107e-01 2.745e-01 2.620e-03 7.154e-04 6.497e-03 -1.000 1.476e-02 -4.172 -3.203 -2.345 -2.130 -2.031 -1.899 -1.603 -1.512 -1.438
0.01471 0.00000 7.39794 7.8532862663 2.6228890419    7.854  3.622  4.3249  3.963    1  0.000  0.538     0.00     0.00     0.00     0.00     0.00 -1    -1e-30      0.00 7.107e-01 2.745e-01 2.620e-03 7.154e-04 6.497e-03 -1.000 1.476e-02 -4.284 -3.308 -2.444 -2.228 -2.128 -1.996 -1.698 -1.607 -1.531
0.01471 0.00000 7.39794 8.0000000000 2.6231517792    8.001  3.661  4.3265  3.938    1  0.000  0.538     0.00     0.00     0.00     0.00     0.00 -1    -1e-30      0.00 7.107e-01 2.745e-01 2.620e-03 7.154e-04 6.497e-03 -1.000 1.476e-02 -4.382 -3.402 -2.535 -2.318 -2.218 -2.085 -1.786 -1.694 -1.618
0.01471 0.00000 7.39794 8.1889324188 2.6234741211    8.189  3.710  4.3281  3.906    1  0.000  0.538     0.00     0.00     0.00     0.00     0.00 -1    -1e-30      0.00 7.107e-01 2.745e-01 2.620e-03 7.154e-04 6.497e-03 -1.000 1.476e-02 -4.504 -3.522 -2.650 -2.432 -2.332 -2.199 -1.899 -1.806 -1.730
0.01471 0.00000 7.39794 8.4014825821 2.6238169670    8.400  3.765  4.3289  3.865    1  0.000  0.538     0.00     0.00     0.00     0.00     0.00 -1    -1e-30      0.00 7.107e-01 2.745e-01 2.620e-03 7.154e-04 6.497e-03 -1.000 1.476e-02 -4.642 -3.661 -2.786 -2.567 -2.467 -2.334 -2.033 -1.940 -1.864
0.01471 0.00000 7.39794 8.5791902542 2.6240887642    8.576  3.811  4.3285  3.826    1  0.000  0.538     0.00     0.00     0.00     0.00     0.00 -1    -1e-30      0.00 7.107e-01 2.745e-01 2.620e-03 7.154e-04 6.497e-03 -1.000 1.476e-02 -4.758 -3.783 -2.906 -2.688 -2.587 -2.454 -2.153 -2.061 -1.984
0.01471 0.00000 7.39794 8.7560644150 2.6243464947    8.751  3.859  4.3268  3.781    1  0.000  0.538     0.00     0.00     0.00     0.00     0.00 -1    -1e-30      0.00 7.107e-01 2.745e-01 2.620e-03 7.154e-04 6.497e-03 -1.000 1.476e-02 -4.877 -3.912 -3.036 -2.817 -2.718 -2.585 -2.285 -2.193 -2.116
0.01471 0.00000 7.39794 8.9522895813 2.6246190071    8.946  3.912  4.3234  3.723    1  0.000  0.538     0.00     0.00     0.00     0.00     0.00 -1    -1e-30      0.00 7.107e-01 2.745e-01 2.620e-03 7.154e-04 6.497e-03 -1.000 1.476e-02 -5.010 -4.063 -3.189 -2.971 -2.873 -2.742 -2.443 -2.351 -2.275
0.01471 0.00000 7.39794 9.0000000000 2.6246831417    8.995  3.925  4.3221  3.708    1  0.000  0.538     0.00     0.00     0.00     0.00     0.00 -1    -1e-30      0.00 7.107e-01 2.745e-01 2.620e-03 7.154e-04 6.497e-03 -1.000 1.476e-02 -5.042 -4.102 -3.229 -3.012 -2.914 -2.783 -2.485 -2.394 -2.318
0.01471 0.00000 7.39794 9.1412820816 2.6248686314    9.136  3.962  4.3181  3.661    1  0.000  0.538     0.00     0.00     0.00     0.00     0.00 -1    -1e-30      0.00 7.107e-01 2.745e-01 2.620e-03 7.154e-04 6.497e-03 -1.000 1.476e-02 -5.136 -4.215 -3.346 -3.130 -3.033 -2.904 -2.608 -2.517 -2.442
0.01471 0.00000 7.39794 9.2980766296 2.6250669956    9.294  4.005  4.3113  3.598    1  0.000  0.538     0.00     0.00     0.00     0.00     0.00 -1    -1e-30      0.00 7.107e-01 2.745e-01 2.620e-03 7.154e-04 6.497e-03 -1.000 1.476e-02 -5.243 -4.352 -3.492 -3.278 -3.183 -3.055 -2.763 -2.674 -2.601
0.01471 0.00000 7.39794 9.4395236969 2.6252393723    9.436  4.045  4.3037  3.535    1  0.000  0.538     0.00     0.00     0.00     0.00     0.00 -1    -1e-30      0.00 7.107e-01 2.745e-01 2.620e-03 7.154e-04 6.497e-03 -1.000 1.476e-02 -5.341 -4.482 -3.632 -3.420 -3.327 -3.202 -2.914 -2.827 -2.755
0.01471 0.00000 7.39794 9.5619859695 2.6253838539    9.558  4.080  4.2955  3.473    1  0.000  0.538     0.00     0.00     0.00     0.00     0.00 -1    -1e-30      0.00 7.107e-01 2.745e-01 2.620e-03 7.154e-04 6.497e-03 -1.000 1.476e-02 -5.430 -4.606 -3.766 -3.557 -3.466 -3.344 -3.061 -2.976 -2.905
0.01471 0.00000 7.39794 9.6766052246 2.6255154610    9.673  4.116  4.2878  3.411    1  0.000  0.538     0.00     0.00     0.00     0.00     0.00 -1    -1e-30      0.00 7.107e-01 2.745e-01 2.620e-03 7.154e-04 6.497e-03 -1.000 1.476e-02 -5.519 -4.730 -3.898 -3.692 -3.604 -3.484 -3.206 -3.122 -3.052
0.01471 0.00000 7.39794 9.7387857437 2.6255853176    9.736  4.136  4.2853  3.383    1  0.000  0.538     0.00     0.00     0.00     0.00     0.00 -1    -1e-30      0.00 7.107e-01 2.745e-01 2.620e-03 7.154e-04 6.497e-03 -1.000 1.476e-02 -5.570 -4.793 -3.963 -3.759 -3.671 -3.553 -3.275 -3.193 -3.123
0.01471 0.00000 7.39794 9.7823410034 2.6256334782    9.779  4.155  4.2922  3.394    1  0.000  0.538     0.00     0.00     0.00     0.00     0.00 -1    -1e-30      0.00 7.107e-01 2.745e-01 2.620e-03 7.154e-04 6.497e-03 -1.000 1.476e-02 -5.618 -4.816 -3.974 -3.768 -3.678 -3.557 -3.275 -3.191 -3.120
0.01471 0.00000 7.39794 9.8047637939 2.6256582737    9.802  4.170  4.3038  3.426    1  0.000  0.538     0.00     0.00     0.00     0.00     0.00 -1    -1e-30      0.00 7.107e-01 2.745e-01 2.620e-03 7.154e-04 6.497e-03 -1.000 1.476e-02 -5.656 -4.810 -3.951 -3.739 -3.647 -3.522 -3.233 -3.146 -3.073
0.01471 0.00000 7.39794 9.8119459152 2.6256661415    9.809  4.186  4.3178  3.467    1  0.000  0.538     0.00     0.00     0.00     0.00     0.00 -1    -1e-30      0.00 7.107e-01 2.745e-01 2.620e-03 7.154e-04 6.497e-03 -1.000 1.476e-02 -5.695 -4.796 -3.916 -3.699 -3.603 -3.474 -3.177 -3.086 -3.010
0.01471 0.00000 7.39794 9.8148460388 2.6256692410    9.812  4.202  4.3289  3.495    1  0.000  0.538     0.00     0.00     0.00     0.00     0.00 -1    -1e-30      0.00 7.107e-01 2.745e-01 2.620e-03 7.154e-04 6.497e-03 -1.000 1.476e-02 -5.735 -4.793 -3.896 -3.676 -3.577 -3.445 -3.141 -3.048 -2.970
0.01471 0.00000 7.39794 9.8162126541 2.6256709099    9.813  4.218  4.3378  3.516    1  0.000  0.538     0.00     0.00     0.00     0.00     0.00 -1    -1e-30      0.00 7.107e-01 2.745e-01 2.620e-03 7.154e-04 6.497e-03 -1.000 1.476e-02 -5.774 -4.800 -3.889 -3.666 -3.565 -3.430 -3.120 -3.025 -2.945
0.01471 0.00000 7.39794 9.8167533875 2.6256713867    9.814  4.223  4.3414  3.524    1  0.000  0.538     0.00     0.00     0.00     0.00     0.00 -1    -1e-30      0.00 7.107e-01 2.745e-01 2.620e-03 7.154e-04 6.497e-03 -1.000 1.476e-02 -5.789 -4.802 -3.885 -3.661 -3.559 -3.423 -3.112 -3.015 -2.935
0.01471 0.00000 7.39794 9.8173732758 2.6256721020    9.815  4.203  4.3341  3.515    2  0.000  0.538     0.00     0.00     0.00     0.00     0.00 -1    -1e-30      0.00 7.107e-01 2.745e-01 2.620e-03 7.154e-04 6.497e-03 -1.000 1.476e-02 -5.737 -4.776 -3.871 -3.649 -3.549 -3.415 -3.108 -3.014 -2.935
0.01471 0.00000 7.39794 9.8178195953 2.6256725788    9.815  4.186  4.3257  3.499    2  0.000  0.538     0.00     0.00     0.00     0.00     0.00 -1    -1e-30      0.00 7.107e-01 2.745e-01 2.620e-03 7.154e-04 6.497e-03 -1.000 1.476e-02 -5.695 -4.764 -3.873 -3.654 -3.556 -3.424 -3.122 -3.029 -2.952
0.01471 0.00000 7.39794 9.8181781769 2.6256730556    9.815  4.175  4.3161  3.471    2  0.000  0.538     0.00     0.00     0.00     0.00     0.00 -1    -1e-30      0.00 7.107e-01 2.745e-01 2.620e-03 7.154e-04 6.497e-03 -1.000 1.476e-02 -5.668 -4.773 -3.896 -3.680 -3.585 -3.456 -3.160 -3.070 -2.994
0.01471 0.00000 7.39794 9.8185787201 2.6256732941    9.816  4.170  4.3036  3.426    2  0.000  0.538     0.00     0.00     0.00     0.00     0.00 -1    -1e-30      0.00 7.107e-01 2.745e-01 2.620e-03 7.154e-04 6.497e-03 -1.000 1.476e-02 -5.656 -4.811 -3.952 -3.741 -3.648 -3.524 -3.235 -3.148 -3.075
0.01471 0.00000 7.39794 9.8189382553 2.6256737709    9.816  4.172  4.2913  3.375    2  0.000  0.538     0.00     0.00     0.00     0.00     0.00 -1    -1e-30      0.00 7.107e-01 2.745e-01 2.620e-03 7.154e-04 6.497e-03 -1.000 1.476e-02 -5.660 -4.864 -4.022 -3.816 -3.727 -3.606 -3.325 -3.240 -3.170
0.01471 0.00000 7.39794 9.8192777634 2.6256742477    9.816  4.177  4.2792  3.322    2  0.000  0.538     0.00     0.00     0.00     0.00     0.00 -1    -1e-30      0.00 7.107e-01 2.745e-01 2.620e-03 7.154e-04 6.497e-03 -1.000 1.476e-02 -5.672 -4.923 -4.099 -3.897 -3.812 -3.695 -3.421 -3.340 -3.271
0.01471 0.00000 7.39794 9.8196020126 2.6256744862    9.817  4.183  4.2671  3.268    2  0.000  0.538     0.00     0.00     0.00     0.00     0.00 -1    -1e-30      0.00 7.107e-01 2.745e-01 2.620e-03 7.154e-04 6.497e-03 -1.000 1.476e-02 -5.686 -4.986 -4.179 -3.982 -3.900 -3.787 -3.521 -3.442 -3.376
0.01471 0.00000 7.39794 9.8199148178 2.6256749630    9.817  4.188  4.2551  3.214    2  0.000  0.538     0.00     0.00     0.00     0.00     0.00 -1    -1e-30      0.00 7.107e-01 2.745e-01 2.620e-03 7.154e-04 6.497e-03 -1.000 1.476e-02 -5.701 -5.046 -4.258 -4.066 -3.987 -3.879 -3.619 -3.544 -3.479
0.01471 0.00000 7.39794 9.8202171326 2.6256752014    9.817  4.193  4.2431  3.161    2  0.000  0.538     0.00     0.00     0.00     0.00     0.00 -1    -1e-30      0.00 7.107e-01 2.745e-01 2.620e-03 7.154e-04 6.497e-03 -1.000 1.476e-02 -5.713 -5.105 -4.335 -4.148 -4.073 -3.969 -3.717 -3.644 -3.582
0.01471 0.00000 7.39794 9.8205099106 2.6256754398    9.818  4.197  4.2311  3.109    2  0.000  0.538     0.00     0.00     0.00     0.00     0.00 -1    -1e-30      0.00 7.107e-01 2.745e-01 2.620e-03 7.154e-04 6.497e-03 -1.000 1.476e-02 -5.724 -5.161 -4.410 -4.228 -4.156 -4.056 -3.812 -3.742 -3.682
0.01471 0.00000 7.39794 9.8207921982 2.6256759167    9.818  4.201  4.2191  3.058    2  0.000  0.538     0.00     0.00     0.00     0.00     0.00 -1    -1e-30      0.00 7.107e-01 2.745e-01 2.620e-03 7.154e-04 6.497e-03 -1.000 1.476e-02 -5.732 -5.215 -4.483 -4.306 -4.238 -4.142 -3.906 -3.839 -3.780
0.01471 0.00000 7.39794 9.8210649490 2.6256761551    9.818  4.203  4.2071  3.007    2  0.000  0.538     0.00     0.00     0.00     0.00     0.00 -1    -1e-30      0.00 7.107e-01 2.745e-01 2.620e-03 7.154e-04 6.497e-03 -1.000 1.476e-02 -5.738 -5.266 -4.554 -4.382 -4.317 -4.226 -3.997 -3.933 -3.877
0.01471 0.00000 7.39794 9.8213281631 2.6256763935    9.819  4.205  4.1951  2.957    2  0.000  0.538     0.00     0.00     0.00     0.00     0.00 -1    -1e-30      0.00 7.107e-01 2.745e-01 2.620e-03 7.154e-04 6.497e-03 -1.000 1.476e-02 -5.743 -5.315 -4.622 -4.456 -4.395 -4.309 -4.088 -4.026 -3.972
0.01471 0.00000 7.39794 9.8216409683 2.6256766319    9.819  4.207  4.1801  2.896    2  0.000  0.538     0.00     0.00     0.00     0.00     0.00 -1    -1e-30      0.00 7.107e-01 2.745e-01 2.620e-03 7.154e-04 6.497e-03 -1.000 1.476e-02 -5.746 -5.374 -4.705 -4.546 -4.490 -4.409 -4.198 -4.140 -4.089
0.01471 0.00000 7.39794 9.8218812943 2.6256771088    9.819  4.207  4.1681  2.847    2  0.000  0.538     0.00     0.00     0.00     0.00     0.00 -1    -1e-30      0.00 7.107e-01 2.745e-01 2.620e-03 7.154e-04 6.497e-03 -1.000 1.476e-02 -5.747 -5.418 -4.769 -4.616 -4.564 -4.488 -4.285 -4.230 -4.181
0.01471 0.00000 7.39794 9.8221120834 2.6256773472    9.819  4.207  4.1560  2.799    2  0.000  0.538     0.00     0.00     0.00     0.00     0.00 -1    -1e-30      0.00 7.107e-01 2.745e-01 2.620e-03 7.154e-04 6.497e-03 -1.000 1.476e-02 -5.747 -5.459 -4.831 -4.685 -4.636 -4.565 -4.371 -4.319 -4.271
0.01471 0.00000 7.39794 9.8223848343 2.6256775856    9.820  4.206  4.1410  2.740    2  0.000  0.538     0.00     0.00     0.00     0.00     0.00 -1    -1e-30      0.00 7.107e-01 2.745e-01 2.620e-03 7.154e-04 6.497e-03 -1.000 1.476e-02 -5.745 -5.507 -4.907 -4.768 -4.724 -4.659 -4.475 -4.428 -4.382
0.01471 0.00000 7.39794 9.8225927353 2.6256778240    9.820  4.205  4.1289  2.693    2  0.000  0.538     0.00     0.00     0.00     0.00     0.00 -1    -1e-30      0.00 7.107e-01 2.745e-01 2.620e-03 7.154e-04 6.497e-03 -1.000 1.476e-02 -5.743 -5.543 -4.967 -4.833 -4.793 -4.732 -4.558 -4.513 -4.470
0.01471 0.00000 7.39794 9.8227920532 2.6256780624    9.820  4.204  4.1168  2.646    2  0.000  0.538     0.00     0.00     0.00     0.00     0.00 -1    -1e-30      0.00 7.107e-01 2.745e-01 2.620e-03 7.154e-04 6.497e-03 -1.000 1.476e-02 -5.739 -5.577 -5.025 -4.898 -4.861 -4.805 -4.640 -4.599 -4.558
0.01471 0.00000 7.39794 9.8230285645 2.6256783009    9.820  4.202  4.1018  2.588    2  0.000  0.538     0.00     0.00     0.00     0.00     0.00 -1    -1e-30      0.00 7.107e-01 2.745e-01 2.620e-03 7.154e-04 6.497e-03 -1.000 1.476e-02 -5.734 -5.615 -5.095 -4.975 -4.944 -4.893 -4.740 -4.702 -4.664
0.01471 0.00000 7.39794 9.8232069016 2.6256785393    9.820  4.200  4.0897  2.541    2  0.000  0.538     0.00     0.00     0.00     0.00     0.00 -1    -1e-30      0.00 7.107e-01 2.745e-01 2.620e-03 7.154e-04 6.497e-03 -1.000 1.476e-02 -5.729 -5.642 -5.150 -5.036 -5.008 -4.962 -4.818 -4.785 -4.748
0.01471 0.00000 7.39794 9.8233785629 2.6256785393    9.821  4.197  4.0776  2.495    2  0.000  0.538     0.00     0.00     0.00     0.00     0.00 -1    -1e-30      0.00 7.107e-01 2.745e-01 2.620e-03 7.154e-04 6.497e-03 -1.000 1.476e-02 -5.723 -5.665 -5.202 -5.094 -5.070 -5.029 -4.896 -4.865 -4.831
0.01471 0.00000 7.39794 9.8235797882 2.6256787777    9.821  4.194  4.0625  2.438    2  0.000  0.538     0.00     0.00     0.00     0.00     0.00 -1    -1e-30      0.00 7.107e-01 2.745e-01 2.620e-03 7.154e-04 6.497e-03 -1.000 1.476e-02 -5.715 -5.689 -5.262 -5.163 -5.144 -5.110 -4.990 -4.964 -4.933
0.01471 0.00000 7.39794 9.8237342834 2.6256790161    9.821  4.191  4.0504  2.393    2  0.000  0.538     0.00     0.00     0.00     0.00     0.00 -1    -1e-30      0.00 7.107e-01 2.745e-01 2.620e-03 7.154e-04 6.497e-03 -1.000 1.476e-02 -5.707 -5.704 -5.309 -5.217 -5.202 -5.173 -5.064 -5.042 -5.013
0.01471 0.00000 7.39794 9.8238801956 2.6256792545    9.821  4.188  4.0383  2.348    2  0.000  0.538     0.00     0.00     0.00     0.00     0.00 -1    -1e-30      0.00 7.107e-01 2.745e-01 2.620e-03 7.154e-04 6.497e-03 -1.000 1.476e-02 -5.700 -5.714 -5.354 -5.269 -5.257 -5.234 -5.137 -5.119 -5.091
0.01471 0.00000 7.39794 9.8240537643 2.6256794930    9.821  4.184  4.0232  2.291    2  0.000  0.538     0.00     0.00     0.00     0.00     0.00 -1    -1e-30      0.00 7.107e-01 2.745e-01 2.620e-03 7.154e-04 6.497e-03 -1.000 1.476e-02 -5.689 -5.722 -5.407 -5.330 -5.323 -5.307 -5.225 -5.212 -5.188
0.01471 0.00000 7.39794 9.8241844177 2.6256794930    9.821  4.180  4.0111  2.247    2  0.000  0.538     0.00     0.00     0.00     0.00     0.00 -1    -1e-30      0.00 7.107e-01 2.745e-01 2.620e-03 7.154e-04 6.497e-03 -1.000 1.476e-02 -5.680 -5.724 -5.447 -5.378 -5.374 -5.363 -5.295 -5.286 -5.265
0.01471 0.00000 7.39794 9.8243103027 2.6256797314    9.822  4.176  3.9990  2.202    2  0.000  0.538     0.00     0.00     0.00     0.00     0.00 -1    -1e-30      0.00 7.107e-01 2.745e-01 2.620e-03 7.154e-04 6.497e-03 -1.000 1.476e-02 -5.671 -5.722 -5.486 -5.423 -5.423 -5.418 -5.364 -5.360 -5.340
0.01471 0.00000 7.39794 9.8244285583 2.6256797314    9.822  4.172  3.9869  2.158    2  0.000  0.538     0.00     0.00     0.00     0.00     0.00 -1    -1e-30      0.00 7.107e-01 2.745e-01 2.620e-03 7.154e-04 6.497e-03 -1.000 1.476e-02 -5.661 -5.716 -5.522 -5.467 -5.470 -5.471 -5.432 -5.432 -5.416
0.01471 0.00000 7.39794 9.8245429993 2.6256799698    9.822  4.168  3.9747  2.113    2  0.000  0.538     0.00     0.00     0.00     0.00     0.00 -1    -1e-30      0.00 7.107e-01 2.745e-01 2.620e-03 7.154e-04 6.497e-03 -1.000 1.476e-02 -5.651 -5.706 -5.557 -5.509 -5.515 -5.522 -5.499 -5.505 -5.491
0.01471 0.00000 7.39794 9.8246774673 2.6256799698    9.822  4.163  3.9597  2.058    2  0.000  0.538     0.00     0.00     0.00     0.00     0.00 -1    -1e-30      0.00 7.107e-01 2.745e-01 2.620e-03 7.154e-04 6.497e-03 -1.000 1.476e-02 -5.638 -5.689 -5.596 -5.558 -5.568 -5.583 -5.582 -5.594 -5.585
0.01471 0.00000 7.39794 9.8247795105 2.6256802082    9.822  4.159  3.9476  2.014    2  0.000  0.538     0.00     0.00     0.00     0.00     0.00 -1    -1e-30      0.00 7.107e-01 2.745e-01 2.620e-03 7.154e-04 6.497e-03 -1.000 1.476e-02 -5.627 -5.669 -5.622 -5.593 -5.608 -5.630 -5.647 -5.665 -5.660
0.01471 0.00000 7.39794 9.8248786926 2.6256802082    9.822  4.154  3.9355  1.970    2  0.000  0.538     0.00     0.00     0.00     0.00     0.00 -1    -1e-30      0.00 7.107e-01 2.745e-01 2.620e-03 7.154e-04 6.497e-03 -1.000 1.476e-02 -5.616 -5.642 -5.641 -5.624 -5.645 -5.676 -5.712 -5.737 -5.736
0.01471 0.00000 7.39794 9.8249721527 2.6256804466    9.822  4.150  3.9234  1.926    2  0.000  0.538     0.00     0.00     0.00     0.00     0.00 -1    -1e-30      0.00 7.107e-01 2.745e-01 2.620e-03 7.154e-04 6.497e-03 -1.000 1.476e-02 -5.604 -5.603 -5.649 -5.649 -5.679 -5.719 -5.776 -5.808 -5.811
0.01471 0.00000 7.39794 9.8250627518 2.6256804466    9.822  4.145  3.9112  1.882    2  0.000  0.538     0.00     0.00     0.00     0.00     0.00 -1    -1e-30      0.00 7.107e-01 2.745e-01 2.620e-03 7.154e-04 6.497e-03 -1.000 1.476e-02 -5.592 -5.555 -5.645 -5.666 -5.708 -5.760 -5.839 -5.880 -5.888
0.01471 0.00000 7.39794 9.8251485825 2.6256806850    9.822  4.140  3.8990  1.838    2  0.000  0.538     0.00     0.00     0.00     0.00     0.00 -1    -1e-30      0.00 7.107e-01 2.745e-01 2.620e-03 7.154e-04 6.497e-03 -1.000 1.476e-02 -5.580 -5.498 -5.631 -5.677 -5.733 -5.799 -5.901 -5.953 -5.964
0.01471 0.00000 7.39794 9.8252296448 2.6256806850    9.822  4.135  3.8870  1.795    2  0.000  0.538     0.00     0.00     0.00     0.00     0.00 -1    -1e-30      0.00 7.107e-01 2.745e-01 2.620e-03 7.154e-04 6.497e-03 -1.000 1.476e-02 -5.568 -5.434 -5.603 -5.679 -5.753 -5.835 -5.961 -6.026 -6.041
0.01471 0.00000 7.39794 9.8253259659 2.6256806850    9.823  4.129  3.8718  1.741    2  0.000  0.538     0.00     0.00     0.00     0.00     0.00 -1    -1e-30      0.00 7.107e-01 2.745e-01 2.620e-03 7.154e-04 6.497e-03 -1.000 1.476e-02 -5.552 -5.348 -5.551 -5.673 -5.773 -5.878 -6.035 -6.119 -6.138
0.01471 0.00000 7.39794 9.8253993988 2.6256809235    9.823  4.123  3.8597  1.697    2  0.000  0.538     0.00     0.00     0.00     0.00     0.00 -1    -1e-30      0.00 7.107e-01 2.745e-01 2.620e-03 7.154e-04 6.497e-03 -1.000 1.476e-02 -5.539 -5.273 -5.499 -5.662 -5.786 -5.911 -6.093 -6.195 -6.217
0.01471 0.00000 7.39794 9.8254690170 2.6256809235    9.823  4.118  3.8474  1.654    2  0.000  0.538     0.00     0.00     0.00     0.00     0.00 -1    -1e-30      0.00 7.107e-01 2.745e-01 2.620e-03 7.154e-04 6.497e-03 -1.000 1.476e-02 -5.525 -5.191 -5.431 -5.645 -5.797 -5.944 -6.152 -6.273 -6.299
0.01471 0.00000 7.39794 9.8255348206 2.6256809235    9.823  4.112  3.8354  1.611    2  0.000  0.538     0.00     0.00     0.00     0.00     0.00 -1    -1e-30      0.00 7.107e-01 2.745e-01 2.620e-03 7.154e-04 6.497e-03 -1.000 1.476e-02 -5.511 -5.105 -5.356 -5.626 -5.806 -5.975 -6.209 -6.350 -6.379
0.01471 0.00000 7.39794 9.8255977631 2.6256811619    9.823  4.107  3.8232  1.569    2  0.000  0.538     0.00     0.00     0.00     0.00     0.00 -1    -1e-30      0.00 7.107e-01 2.745e-01 2.620e-03 7.154e-04 6.497e-03 -1.000 1.476e-02 -5.496 -5.011 -5.272 -5.602 -5.811 -6.003 -6.264 -6.428 -6.459
0.01471 0.00000 7.39794 9.8256578445 2.6256811619    9.823  4.100  3.8111  1.526    2  0.000  0.538     0.00     0.00     0.00     0.00     0.00 -1    -1e-30      0.00 7.107e-01 2.745e-01 2.620e-03 7.154e-04 6.497e-03 -1.000 1.476e-02 -5.481 -4.906 -5.182 -5.574 -5.814 -6.029 -6.318 -6.505 -6.539
0.01471 0.00000 7.39794 9.8257160187 2.6256811619    9.823  4.094  3.7989  1.484    2  0.000  0.538     0.00     0.00     0.00     0.00     0.00 -1    -1e-30      0.00 7.107e-01 2.745e-01 2.620e-03 7.154e-04 6.497e-03 -1.000 1.476e-02 -5.465 -4.789 -5.083 -5.540 -5.812 -6.051 -6.370 -6.582 -6.620
0.01471 0.00000 7.39794 9.8257694244 2.6256811619    9.823  4.087  3.7868  1.442    2  0.000  0.538     0.00     0.00     0.00     0.00     0.00 -1    -1e-30      0.00 7.107e-01 2.745e-01 2.620e-03 7.154e-04 6.497e-03 -1.000 1.476e-02 -5.449 -4.651 -4.976 -5.502 -5.807 -6.071 -6.420 -6.657 -6.700
0.01471 0.00000 7.39794 9.8258228302 2.6256814003    9.823  4.080  3.7745  1.400    2  0.000  0.538     0.00     0.00     0.00     0.00     0.00 -1    -1e-30      0.00 7.107e-01 2.745e-01 2.620e-03 7.154e-04 6.497e-03 -1.000 1.476e-02 -5.431 -4.475 -4.850 -5.457 -5.801 -6.092 -6.473 -6.738 -6.785
0.01471 0.00000 7.39794 9.8258724213 2.6256814003    9.823  4.073  3.7624  1.359    2  0.000  0.538     0.00     0.00     0.00     0.00     0.00 -1    -1e-30      0.00 7.107e-01 2.745e-01 2.620e-03 7.154e-04 6.497e-03 -1.000 1.476e-02 -5.413 -4.294 -4.722 -5.407 -5.787 -6.105 -6.519 -6.814 -6.865
0.01471 0.00000 7.39794 9.8259315491 2.6256814003    9.823  4.063  3.7472  1.308    2  0.000  0.538     0.00     0.00     0.00     0.00     0.00 -1    -1e-30      0.00 7.107e-01 2.745e-01 2.620e-03 7.154e-04 6.497e-03 -1.000 1.476e-02 -5.388 -4.043 -4.562 -5.340 -5.761 -6.109 -6.565 -6.896 -6.953
0.01471 0.00000 7.39794 9.8259763718 2.6256814003    9.823  4.055  3.7352  1.268    2  0.000  0.538     0.00     0.00     0.00     0.00     0.00 -1    -1e-30      0.00 7.107e-01 2.745e-01 2.620e-03 7.154e-04 6.497e-03 -1.000 1.476e-02 -5.367 -3.800 -4.419 -5.278 -5.736 -6.108 -6.600 -6.964 -7.024
0.01471 0.00000 7.39794 9.8260192871 2.6256816387    9.823  4.046  3.7230  1.228    2  0.000  0.538     0.00     0.00     0.00     0.00     0.00 -1    -1e-30      0.00 7.107e-01 2.745e-01 2.620e-03 7.154e-04 6.497e-03 -1.000 1.476e-02 -5.345 -3.571 -4.280 -5.210 -5.701 -6.096 -6.627 -7.024 -7.085
0.01471 0.00000 7.39794 9.8260602951 2.6256816387    9.823  4.037  3.7110  1.190    2  0.000  0.538     0.00     0.00     0.00     0.00     0.00 -1    -1e-30      0.00 7.107e-01 2.745e-01 2.620e-03 7.154e-04 6.497e-03 -1.000 1.476e-02 -5.322 -3.320 -4.133 -5.136 -5.660 -6.078 -6.651 -7.081 -7.144
0.01471 0.00000 7.39794 9.8261013031 2.6256816387    9.823  4.026  3.6991  1.153    2  0.000  0.538     0.00     0.00     0.00     0.00     0.00 -1    -1e-30      0.00 7.107e-01 2.745e-01 2.620e-03 7.154e-04 6.497e-03 -1.000 1.476e-02 -5.296 -3.051 -3.983 -5.054 -5.612 -6.052 -6.668 -7.133 -7.198
0.01471 0.00000 7.39794 9.8261413574 2.6256816387    9.823  4.015  3.6876  1.118    2  0.000  0.538     0.00     0.00     0.00     0.00     0.00 -1    -1e-30      0.00 7.107e-01 2.745e-01 2.620e-03 7.154e-04 6.497e-03 -1.000 1.476e-02 -5.267 -2.768 -3.830 -4.968 -5.557 -6.019 -6.678 -7.174 -7.245
0.01471 0.00000 7.39794 9.8261842728 2.6256816387    9.823  4.001  3.6762  1.086    2  0.000  0.538     0.00     0.00     0.00     0.00     0.00 -1    -1e-30      0.00 7.107e-01 2.745e-01 2.620e-03 7.154e-04 6.497e-03 -1.000 1.476e-02 -5.232 -2.555 -3.686 -4.881 -5.493 -5.971 -6.676 -7.194 -7.279
0.01471 0.00000 7.39794 9.8262329102 2.6256816387    9.823  3.983  3.6653  1.060    2  0.000  0.538     0.00     0.00     0.00     0.00     0.00 -1    -1e-30      0.00 7.107e-01 2.745e-01 2.620e-03 7.154e-04 6.497e-03 -1.000 1.476e-02 -5.189 -2.360 -3.537 -4.783 -5.416 -5.909 -6.658 -7.195 -7.297
0.01471 0.00000 7.39794 9.8262958527 2.6256818771    9.823  3.962  3.6552  1.041    2  0.000  0.538     0.00     0.00     0.00     0.00     0.00 -1    -1e-30      0.00 7.107e-01 2.745e-01 2.620e-03 7.154e-04 6.497e-03 -1.000 1.476e-02 -5.135 -2.126 -3.371 -4.668 -5.323 -5.836 -6.628 -7.184 -7.302
0.01471 0.00000 7.39794 9.8264007568 2.6256818771    9.824  3.932  3.6451  1.031    2  0.000  0.538     0.00     0.00     0.00     0.00     0.00 -1    -1e-30      0.00 7.107e-01 2.745e-01 2.620e-03 7.154e-04 6.497e-03 -1.000 1.476e-02 -5.060 -1.794 -3.168 -4.517 -5.202 -5.741 -6.577 -7.162 -7.290
0.01471 0.00000 7.39794 9.8265094757 2.6256821156    9.824  3.907  3.6372  1.024    2  0.000  0.538     0.00     0.00     0.00     0.00     0.00 -1    -1e-30      0.00 7.107e-01 2.745e-01 2.620e-03 7.154e-04 6.497e-03 -1.000 1.476e-02 -4.998 -1.528 -3.002 -4.390 -5.101 -5.663 -6.532 -7.142 -7.279
0.01471 0.00000 7.39794 9.8265933990 2.6256821156    9.824  3.892  3.6313  1.015    2  0.000  0.538     0.00     0.00     0.00     0.00     0.00 -1    -1e-30      0.00 7.107e-01 2.745e-01 2.620e-03 7.154e-04 6.497e-03 -1.000 1.476e-02 -4.961 -1.332 -2.883 -4.300 -5.031 -5.611 -6.506 -7.135 -7.279
0.01471 0.00000 7.39794 9.8266334534 2.6256821156    9.824  3.900  3.6279  0.993    2  0.000  0.538     0.00     0.00     0.00     0.00     0.00 -1    -1e-30      0.00 7.107e-01 2.745e-01 2.620e-03 7.154e-04 6.497e-03 -1.000 1.476e-02 -4.981 -1.254 -2.853 -4.289 -5.032 -5.624 -6.534 -7.173 -7.321
0.01471 0.00000 7.39794 9.8267383575 2.6256823540    9.824  3.939  3.6180  0.916    3  0.000  0.535     0.00     0.00     0.00     0.00     0.00 -1    -1e-30      0.00 7.107e-01 2.745e-01 2.607e-03 7.193e-04 6.497e-03 -1.000 1.476e-02 -5.077 -1.044 -2.792 -4.285 -5.068 -5.696 -6.650 -7.319 -7.480
0.01471 0.00000 7.39794 9.8267822266 2.6256823540    9.824  3.969  3.6132  0.865    3  0.000  0.525     0.00     0.00     0.00     0.00     0.00 -1    -1e-30      0.00 7.107e-01 2.745e-01 2.561e-03 7.492e-04 6.497e-03 -1.000 1.477e-02 -5.154 -0.963 -2.786 -4.308 -5.112 -5.760 -6.737 -7.421 -7.588
0.01471 0.00000 7.39794 9.8268260956 2.6256823540    9.824  4.010  3.6079  0.803    3  0.000  0.500     0.00     0.00     0.00     0.00     0.00 -1    -1e-30      0.00 7.107e-01 2.745e-01 2.440e-03 8.588e-04 6.497e-03 -1.000 1.480e-02 -5.256 -0.892 -2.795 -4.349 -5.176 -5.848 -6.851 -7.549 -7.724
0.01471 0.00000 7.39794 9.8268604279 2.6256823540    9.824  4.049  3.6034  0.747    3  0.000  0.470     0.00     0.00     0.00     0.00     0.00 -1    -1e-30      0.00 7.106e-01 2.745e-01 2.290e-03 1.026e-03 6.497e-03 -1.000 1.485e-02 -5.353 -0.843 -2.811 -4.391 -5.238 -5.932 -6.957 -7.668 -7.850
0.01471 0.00000 7.39794 9.8268852234 2.6256823540    9.824  4.079  3.6003  0.705    3  0.000  0.448     0.00     0.00     0.00     0.00     0.00 -1    -1e-30      0.00 7.106e-01 2.745e-01 2.182e-03 1.158e-03 6.497e-03 -1.000 1.486e-02 -5.427 -0.811 -2.827 -4.426 -5.287 -5.998 -7.039 -7.759 -7.945
0.01471 0.00000 7.39794 9.8268928528 2.6256825924    9.824  4.088  3.5993  0.692    3  0.000  0.443     0.00     0.00     0.00     0.00     0.00 -1    -1e-30      0.00 7.106e-01 2.745e-01 2.159e-03 1.187e-03 6.497e-03 -1.000 1.486e-02 -5.450 -0.803 -2.831 -4.436 -5.302 -6.018 -7.063 -7.786 -7.974
0.01471 0.00000 7.39794 9.8269271851 2.6256825924    9.824  4.129  3.5952  0.635    3  0.000  0.425     0.00     0.00     0.00     0.00     0.00 -1    -1e-30      0.00 7.105e-01 2.746e-01 2.069e-03 1.303e-03 6.490e-03 -1.000 1.486e-02 -5.552 -0.773 -2.852 -4.479 -5.365 -6.107 -7.174 -7.908 -8.102
0.01471 0.00000 7.39794 9.8269357681 2.6256825924    9.824  4.138  3.5943  0.621    3  0.000  0.421     0.00     0.00     0.00     0.00     0.00 -1    -1e-30      0.00 7.105e-01 2.747e-01 2.051e-03 1.329e-03 6.486e-03 -1.000 1.485e-02 -5.576 -0.766 -2.857 -4.490 -5.380 -6.129 -7.200 -7.937 -8.133
0.01471 0.00000 7.39794 9.8269596100 2.6256825924    9.824  4.163  3.5919  0.587    3  0.000  0.415     0.00     0.00     0.00     0.00     0.00 -1    -1e-30      0.00 7.102e-01 2.750e-01 2.014e-03 1.397e-03 6.461e-03 -1.000 1.485e-02 -5.637 -0.748 -2.870 -4.516 -5.419 -6.182 -7.266 -8.009 -8.209
0.01471 0.00000 7.39794 9.8269987106 2.6256825924    9.824  4.197  3.5884  0.539    3  0.000  0.408     0.00     0.00     0.00     0.00     0.00 -1    -1e-30      0.00 7.098e-01 2.753e-01 1.966e-03 1.483e-03 6.429e-03 -1.000 1.486e-02 -5.723 -0.726 -2.885 -4.550 -5.469 -6.257 -7.360 -8.112 -8.318
0.01471 0.00000 7.39794 9.8270540237 2.6256825924    9.824  4.234  3.5847  0.487    3  0.000  0.401     0.00     0.00     0.00     0.00     0.00 -1    -1e-30      0.00 7.094e-01 2.757e-01 1.923e-03 1.563e-03 6.399e-03 -1.000 1.486e-02 -5.815 -0.706 -2.898 -4.579 -5.518 -6.337 -7.460 -8.222 -8.434
0.01471 0.00000 7.39794 9.8271436691 2.6256828308    9.824  4.272  3.5808  0.434    3  0.000  0.396     0.00     0.00     0.00     0.00     0.00 -1    -1e-30      0.00 7.088e-01 2.764e-01 1.885e-03 1.651e-03 6.352e-03 -1.000 1.486e-02 -5.910 -0.681 -2.906 -4.607 -5.568 -6.419 -7.565 -8.337 -8.555
0.01471 0.00000 7.39794 9.8273563385 2.6256830692    9.825  4.303  3.5777  0.390    3  0.000  0.394     0.00     0.00     0.00     0.00     0.00 -1    -1e-30      0.00 7.068e-01 2.783e-01 1.850e-03 1.775e-03 6.260e-03 -1.000 1.486e-02 -5.987 -0.667 -2.908 -4.619 -5.599 -6.484 -7.650 -8.429 -8.653
0.01471 0.00000 7.39794 9.8281068802 2.6256837845    9.825  4.349  3.5729  0.324    3  0.000  0.393     0.00     0.00     0.00     0.00     0.00 -1    -1e-30      0.00 7.010e-01 2.841e-01 1.788e-03 2.024e-03 6.063e-03 -1.000 1.486e-02 -6.103 -0.651 -2.907 -4.632 -5.643 -6.583 -7.780 -8.570 -8.801
0.01471 0.00000 7.39794 9.8291368484 2.6256849766    9.826  4.387  3.5690  0.271    3  0.000  0.393     0.00     0.00     0.00     0.00     0.00 -1    -1e-30      0.00 6.943e-01 2.909e-01 1.735e-03 2.242e-03 5.889e-03 -1.000 1.486e-02 -6.199 -0.642 -2.904 -4.639 -5.676 -6.662 -7.885 -8.684 -8.922
0.01471 0.00000 7.39794 9.8313302994 2.6256873608    9.829  4.416  3.5662  0.231    3  0.000  0.393     0.00     0.00     0.00     0.00     0.00 -1    -1e-30      0.00 6.891e-01 2.961e-01 1.705e-03 2.370e-03 5.786e-03 -1.000 1.486e-02 -6.271 -0.642 -2.898 -4.636 -5.694 -6.721 -7.965 -8.770 -9.013
0.01471 0.00000 7.39794 9.8329696655 2.6256890297    9.830  4.435  3.5644  0.205    3  0.000  0.393     0.00     0.00     0.00     0.00     0.00 -1    -1e-30      0.00 6.857e-01 2.995e-01 1.686e-03 2.451e-03 5.721e-03 -1.000 1.486e-02 -6.318 -0.642 -2.894 -4.634 -5.707 -6.760 -8.018 -8.827 -9.073
0.01471 0.00000 7.39794 9.8547363281 2.6257128716    9.852  4.406  3.5679  0.249    4  0.000  0.393     0.00     0.00     0.00     0.00     0.00 -1    -1e-30      0.00 6.857e-01 2.995e-01 1.686e-03 2.451e-03 5.721e-03 -1.000 1.486e-02 -6.246 -0.655 -2.919 -4.657 -5.702 -6.705 -7.936 -8.737 -8.977
0.01471 0.00000 7.39794 9.8774461746 2.6257374287    9.875  4.371  3.5722  0.302    4  0.000  0.393     0.00     0.00     0.00     0.00     0.00 -1    -1e-30      0.00 6.857e-01 2.995e-01 1.686e-03 2.451e-03 5.721e-03 -1.000 1.486e-02 -6.157 -0.674 -2.939 -4.669 -5.686 -6.634 -7.836 -8.627 -8.860
0.01471 0.00000 7.39794 9.8953208923 2.6257565022    9.893  4.338  3.5760  0.352    4  0.000  0.393     0.00     0.00     0.00     0.00     0.00 -1    -1e-30      0.00 6.857e-01 2.994e-01 1.686e-03 2.451e-03 5.721e-03 -1.000 1.486e-02 -6.074 -0.694 -2.949 -4.669 -5.661 -6.566 -7.743 -8.525 -8.751
0.01471 0.00000 7.39794 9.9125261307 2.6257750988    9.910  4.306  3.5798  0.399    4  0.000  0.393     0.00     0.00     0.00     0.00     0.00 -1    -1e-30      0.00 6.857e-01 2.994e-01 1.686e-03 2.451e-03 5.721e-03 -1.000 1.486e-02 -5.995 -0.716 -2.961 -4.671 -5.640 -6.501 -7.653 -8.426 -8.647
0.01471 0.00000 7.39794 9.9302444458 2.6257939339    9.928  4.278  3.5832  0.442    4  0.000  0.393     0.00     0.00     0.00     0.00     0.00 -1    -1e-30      0.00 6.857e-01 2.994e-01 1.686e-03 2.451e-03 5.721e-03 -1.000 1.486e-02 -5.926 -0.750 -2.968 -4.663 -5.612 -6.443 -7.576 -8.340 -8.555
0.01471 0.00000 7.39794 9.9540033340 2.6258192062    9.952  4.249  3.5873  0.488    4  0.000  0.393     0.00     0.00     0.00     0.00     0.00 -1    -1e-30      0.00 6.857e-01 2.994e-01 1.686e-03 2.451e-03 5.721e-03 -1.000 1.486e-02 -5.853 -0.795 -2.984 -4.660 -5.587 -6.384 -7.494 -8.247 -8.456
0.01471 0.00000 7.39794 9.9887170792 2.6258559227    9.986  4.234  3.5915  0.522    4  0.000  0.393     0.00     0.00     0.00     0.00     0.00 -1    -1e-30      0.00 6.857e-01 2.994e-01 1.686e-03 2.451e-03 5.721e-03 -1.000 1.486e-02 -5.814 -0.866 -3.025 -4.686 -5.593 -6.359 -7.447 -8.188 -8.390
0.01471 0.00000 7.39794 10.0000000000 2.6258678436    9.998  4.229  3.5928  0.532    4  0.000  0.393     0.00     0.00     0.00     0.00     0.00 -1    -1e-30      0.00 6.857e-01 2.994e-01 1.686e-03 2.451e-03 5.721e-03 -1.000 1.486e-02 -5.802 -0.891 -3.038 -4.693 -5.594 -6.351 -7.432 -8.169 -8.369
0.01471 0.00000 7.39794 10.0167617798 2.6258852482   10.015  4.222  3.5947  0.547    4  0.000  0.393     0.00     0.00     0.00     0.00     0.00 -1    -1e-30      0.00 6.857e-01 2.994e-01 1.686e-03 2.451e-03 5.720e-03 -1.000 1.486e-02 -5.785 -0.926 -3.055 -4.702 -5.594 -6.340 -7.411 -8.142 -8.340
0.01471 0.00000 7.39794 10.0327949524 2.6259019375   10.031  4.218  3.5963  0.558    4  0.000  0.393     0.00     0.00     0.00     0.00     0.00 -1    -1e-30      0.00 6.857e-01 2.994e-01 1.686e-03 2.451e-03 5.720e-03 -1.000 1.486e-02 -5.775 -0.960 -3.075 -4.714 -5.599 -6.335 -7.399 -8.125 -8.320
0.01471 0.00000 7.39794 10.0519742966 2.6259219646   10.050  4.228  3.5989  0.559    4  0.000  0.393     0.00     0.00     0.00     0.00     0.00 -1    -1e-30      0.00 6.857e-01 2.994e-01 1.686e-03 2.451e-03 5.720e-03 -1.000 1.486e-02 -5.801 -1.043 -3.144 -4.776 -5.650 -6.369 -7.420 -8.137 -8.329
0.01471 0.00000 7.39794 10.0931377411 2.6259644032   10.092  4.312  3.6198  0.561    5  0.000  0.393     0.00     0.00     0.00     0.00     0.00 -1    -1e-30      0.00 6.857e-01 2.994e-01 1.686e-03 2.452e-03 5.720e-03 -1.000 1.486e-02 -6.011 -1.770 -3.679 -5.227 -6.017 -6.641 -7.596 -8.240 -8.407
0.01471 0.00000 7.39794 10.0976438522 2.6259691715   10.096  4.347  3.7889  1.203    5  0.000  0.393     0.00     0.00     0.00     0.00     0.00 -1    -1e-30      0.00 6.857e-01 2.994e-01 1.686e-03 2.452e-03 5.720e-03 -1.000 1.486e-02 -6.097 -5.307 -5.651 -6.162 -6.457 -6.714 -7.056 -7.282 -7.326
0.01471 0.00000 7.39794 10.0998668671 2.6259713173   10.098  4.353  3.8144  1.299    5  0.000  0.393     0.00     0.00     0.00     0.00     0.00 -1    -1e-30      0.00 6.857e-01 2.994e-01 1.686e-03 2.452e-03 5.720e-03 -1.000 1.486e-02 -6.113 -5.561 -5.851 -6.215 -6.440 -6.647 -6.927 -7.103 -7.137
0.01471 0.00000 7.39794 10.1008291245 2.6259722710   10.099  4.359  3.8219  1.323    5  0.000  0.393     0.00     0.00     0.00     0.00     0.00 -1    -1e-30      0.00 6.857e-01 2.994e-01 1.686e-03 2.452e-03 5.720e-03 -1.000 1.486e-02 -6.127 -5.632 -5.912 -6.236 -6.443 -6.635 -6.898 -7.059 -7.092
0.01471 0.00000 7.39794 10.1011466980 2.6259727478   10.100  4.361  3.8260  1.338    5  0.000  0.393     0.00     0.00     0.00     0.00     0.00 -1    -1e-30      0.00 6.857e-01 2.994e-01 1.686e-03 2.452e-03 5.720e-03 -1.000 1.486e-02 -6.132 -5.667 -5.943 -6.245 -6.441 -6.626 -6.879 -7.033 -7.064
0.01471 0.00000 7.39794 10.1013832092 2.6259729862   10.100  4.362  3.8297  1.351    5  0.000  0.393     0.00     0.00     0.00     0.00     0.00 -1    -1e-30      0.00 6.857e-01 2.994e-01 1.686e-03 2.452e-03 5.720e-03 -1.000 1.486e-02 -6.135 -5.697 -5.968 -6.251 -6.439 -6.616 -6.861 -7.009 -7.039
0.01471 0.00000 7.39794 10.1015615463 2.6259729862   10.100  4.363  3.8330  1.363    5  0.000  0.393     0.00     0.00     0.00     0.00     0.00 -1    -1e-30      0.00 6.857e-01 2.994e-01 1.686e-03 2.452e-03 5.720e-03 -1.000 1.486e-02 -6.137 -5.721 -5.988 -6.255 -6.435 -6.606 -6.844 -6.986 -7.015
0.01471 0.00000 7.39794 10.1017189026 2.6259732246   10.100  4.363  3.8362  1.376    5  0.000  0.393     0.00     0.00     0.00     0.00     0.00 -1    -1e-30      0.00 6.857e-01 2.994e-01 1.686e-03 2.452e-03 5.720e-03 -1.000 1.486e-02 -6.139 -5.743 -6.006 -6.258 -6.430 -6.596 -6.827 -6.963 -6.992
0.01471 0.00000 7.39794 10.1018676758 2.6259734631   10.100  4.364  3.8393  1.388    5  0.000  0.393     0.00     0.00     0.00     0.00     0.00 -1    -1e-30      0.00 6.857e-01 2.994e-01 1.686e-03 2.452e-03 5.720e-03 -1.000 1.486e-02 -6.140 -5.765 -6.024 -6.261 -6.426 -6.586 -6.809 -6.940 -6.969
0.01471 0.00000 7.39794 10.1020135880 2.6259734631   10.101  4.364  3.8424  1.400    5  0.000  0.393     0.00     0.00     0.00     0.00     0.00 -1    -1e-30      0.00 6.857e-01 2.994e-01 1.686e-03 2.452e-03 5.720e-03 -1.000 1.486e-02 -6.141 -5.786 -6.041 -6.264 -6.421 -6.575 -6.792 -6.918 -6.945
0.01471 0.00000 7.39794 10.1021623611 2.6259737015   10.101  4.365  3.8455  1.412    5  0.000  0.393     0.00     0.00     0.00     0.00     0.00 -1    -1e-30      0.00 6.857e-01 2.994e-01 1.686e-03 2.452e-03 5.720e-03 -1.000 1.486e-02 -6.142 -5.806 -6.057 -6.266 -6.416 -6.564 -6.775 -6.896 -6.922
0.01471 0.00000 7.39794 10.1023130417 2.6259739399   10.101  4.365  3.8486  1.424    5  0.000  0.393     0.00     0.00     0.00     0.00     0.00 -1    -1e-30      0.00 6.857e-01 2.994e-01 1.686e-03 2.452e-03 5.720e-03 -1.000 1.486e-02 -6.143 -5.826 -6.072 -6.268 -6.411 -6.554 -6.757 -6.873 -6.899
0.01471 0.00000 7.39794 10.1024684906 2.6259739399   10.101  4.365  3.8517  1.436    5  0.000  0.393     0.00     0.00     0.00     0.00     0.00 -1    -1e-30      0.00 6.857e-01 2.994e-01 1.686e-03 2.452e-03 5.720e-03 -1.000 1.486e-02 -6.144 -5.845 -6.087 -6.269 -6.406 -6.543 -6.740 -6.851 -6.876
0.01471 0.00000 7.39794 10.1026325226 2.6259741783   10.101  4.366  3.8549  1.448    5  0.000  0.393     0.00     0.00     0.00     0.00     0.00 -1    -1e-30      0.00 6.857e-01 2.994e-01 1.686e-03 2.452e-03 5.720e-03 -1.000 1.486e-02 -6.144 -5.864 -6.100 -6.271 -6.400 -6.532 -6.722 -6.828 -6.853
0.01471 0.00000 7.39794 10.1028480530 2.6259744167   10.101  4.366  3.8588  1.464    5  0.000  0.393     0.00     0.00     0.00     0.00     0.00 -1    -1e-30      0.00 6.857e-01 2.994e-01 1.686e-03 2.452e-03 5.720e-03 -1.000 1.486e-02 -6.145 -5.887 -6.117 -6.273 -6.393 -6.518 -6.700 -6.800 -6.823
0.01471 0.00000 7.39794 10.1030321121 2.6259746552   10.102  4.366  3.8620  1.476    5  0.000  0.393     0.00     0.00     0.00     0.00     0.00 -1    -1e-30      0.00 6.857e-01 2.994e-01 1.686e-03 2.452e-03 5.720e-03 -1.000 1.486e-02 -6.146 -5.905 -6.129 -6.273 -6.387 -6.506 -6.682 -6.777 -6.799
0.01471 0.00000 7.39794 10.1032276154 2.6259748936   10.102  4.366  3.8652  1.489    5  0.000  0.393     0.00     0.00     0.00     0.00     0.00 -1    -1e-30      0.00 6.857e-01 2.994e-01 1.686e-03 2.452e-03 5.720e-03 -1.000 1.486e-02 -6.146 -5.922 -6.139 -6.273 -6.381 -6.495 -6.663 -6.755 -6.776
0.01471 0.00000 7.39794 10.1034364700 2.6259751320   10.102  4.367  3.8684  1.501    5  0.000  0.393     0.00     0.00     0.00     0.00     0.00 -1    -1e-30      0.00 6.857e-01 2.994e-01 1.686e-03 2.452e-03 5.720e-03 -1.000 1.486e-02 -6.147 -5.940 -6.150 -6.272 -6.374 -6.483 -6.645 -6.732 -6.752
0.01471 0.00000 7.39794 10.1037197113 2.6259753704   10.102  4.367  3.8722  1.516    5  0.000  0.393     0.00     0.00     0.00     0.00     0.00 -1    -1e-30      0.00 6.857e-01 2.994e-01 1.686e-03 2.452e-03 5.720e-03 -1.000 1.486e-02 -6.147 -5.961 -6.161 -6.271 -6.366 -6.469 -6.622 -6.704 -6.723
0.01471 0.00000 7.39794 10.1040334702 2.6259756088   10.103  4.367  3.8760  1.532    5  0.000  0.393     0.00     0.00     0.00     0.00     0.00 -1    -1e-30      0.00 6.857e-01 2.994e-01 1.686e-03 2.452e-03 5.720e-03 -1.000 1.486e-02 -6.147 -5.980 -6.170 -6.269 -6.358 -6.454 -6.600 -6.677 -6.695
0.01471 0.00000 7.39794 10.1043128967 2.6259758472   10.103  4.367  3.8791  1.544    5  0.000  0.393     0.00     0.00     0.00     0.00     0.00 -1    -1e-30      0.00 6.857e-01 2.994e-01 1.686e-03 2.452e-03 5.720e-03 -1.000 1.486e-02 -6.148 -5.996 -6.178 -6.268 -6.351 -6.443 -6.582 -6.656 -6.672
0.01471 0.00000 7.39794 10.1046266556 2.6259763241   10.103  4.367  3.8822  1.556    5  0.000  0.393     0.00     0.00     0.00     0.00     0.00 -1    -1e-30      0.00 6.857e-01 2.994e-01 1.686e-03 2.452e-03 5.720e-03 -1.000 1.486e-02 -6.148 -6.011 -6.184 -6.265 -6.343 -6.431 -6.564 -6.634 -6.650
0.01471 0.00000 7.39794 10.1049823761 2.6259765625   10.104  4.367  3.8853  1.569    5  0.000  0.393     0.00     0.00     0.00     0.00     0.00 -1    -1e-30      0.00 6.857e-01 2.994e-01 1.686e-03 2.452e-03 5.720e-03 -1.000 1.486e-02 -6.148 -6.026 -6.190 -6.262 -6.336 -6.419 -6.545 -6.611 -6.626
0.01471 0.00000 7.39794 10.1053953171 2.6259770393   10.104  4.367  3.8886  1.582    5  0.000  0.393     0.00     0.00     0.00     0.00     0.00 -1    -1e-30      0.00 6.857e-01 2.994e-01 1.686e-03 2.452e-03 5.720e-03 -1.000 1.486e-02 -6.148 -6.041 -6.196 -6.260 -6.328 -6.407 -6.526 -6.589 -6.603
0.01471 0.00000 7.39794 10.1060304642 2.6259777546   10.105  4.367  3.8927  1.598    5  0.000  0.393     0.00     0.00     0.00     0.00     0.00 -1    -1e-30      0.00 6.857e-01 2.994e-01 1.686e-03 2.452e-03 5.720e-03 -1.000 1.486e-02 -6.148 -6.060 -6.200 -6.254 -6.317 -6.390 -6.502 -6.560 -6.572
0.01471 0.00000 7.39794 10.1066846848 2.6259782314   10.105  4.367  3.8962  1.612    5  0.000  0.393     0.00     0.00     0.00     0.00     0.00 -1    -1e-30      0.00 6.857e-01 2.994e-01 1.686e-03 2.452e-03 5.720e-03 -1.000 1.486e-02 -6.148 -6.075 -6.203 -6.249 -6.307 -6.377 -6.481 -6.536 -6.547
0.01471 0.00000 7.39794 10.1078243256 2.6259794235   10.106  4.368  3.9010  1.631    5  0.000  0.393     0.00     0.00     0.00     0.00     0.00 -1    -1e-30      0.00 6.857e-01 2.994e-01 1.686e-03 2.452e-03 5.720e-03 -1.000 1.486e-02 -6.149 -6.094 -6.205 -6.242 -6.294 -6.358 -6.453 -6.503 -6.513
0.01471 0.00000 7.39794 10.1092233658 2.6259808540   10.108  4.368  3.9053  1.648    5  0.000  0.393     0.00     0.00     0.00     0.00     0.00 -1    -1e-30      0.00 6.857e-01 2.994e-01 1.686e-03 2.452e-03 5.720e-03 -1.000 1.486e-02 -6.150 -6.111 -6.205 -6.235 -6.283 -6.342 -6.428 -6.475 -6.483
0.01471 0.00000 7.39794 10.1114854813 2.6259832382   10.110  4.369  3.9102  1.667    5  0.000  0.393     0.00     0.00     0.00     0.00     0.00 -1    -1e-30      0.00 6.857e-01 2.994e-01 1.686e-03 2.452e-03 5.720e-03 -1.000 1.486e-02 -6.152 -6.131 -6.207 -6.228 -6.270 -6.324 -6.401 -6.444 -6.450
0.01471 0.00000 7.39794 10.1150894165 2.6259870529   10.114  4.371  3.9165  1.690    5  0.000  0.393     0.00     0.00     0.00     0.00     0.00 -1    -1e-30      0.00 6.857e-01 2.994e-01 1.686e-03 2.452e-03 5.720e-03 -1.000 1.485e-02 -6.157 -6.154 -6.204 -6.216 -6.254 -6.302 -6.367 -6.405 -6.410
0.01471 0.00000 7.39794 10.1192607880 2.6259911060   10.118  4.373  3.9228  1.713    5  0.000  0.393     0.00     0.00     0.00     0.00     0.00 -1    -1e-30      0.00 6.857e-01 2.994e-01 1.686e-03 2.452e-03 5.720e-03 -1.000 1.485e-02 -6.162 -6.176 -6.201 -6.205 -6.238 -6.281 -6.334 -6.368 -6.370
0.01471 0.00000 7.39794 10.1246147156 2.6259965897   10.123  4.375  3.9297  1.739    5  0.000  0.393     0.00     0.00     0.00     0.00     0.00 -1    -1e-30      0.00 6.857e-01 2.994e-01 1.686e-03 2.452e-03 5.719e-03 -1.000 1.485e-02 -6.168 -6.199 -6.195 -6.191 -6.220 -6.258 -6.299 -6.328 -6.328
0.01471 0.00000 7.39794 10.1306076050 2.6260027885   10.129  4.378  3.9357  1.761    5  0.000  0.393     0.00     0.00     0.00     0.00     0.00 -1    -1e-30      0.00 6.857e-01 2.994e-01 1.686e-03 2.452e-03 5.719e-03 -1.000 1.485e-02 -6.175 -6.215 -6.185 -6.177 -6.203 -6.237 -6.268 -6.294 -6.292
0.01471 0.00000 7.39794 10.1401376724 2.6260125637   10.139  4.385  3.9449  1.791    5  0.000  0.393     0.00     0.00     0.00     0.00     0.00 -1    -1e-30      0.00 6.857e-01 2.994e-01 1.686e-03 2.452e-03 5.719e-03 -1.000 1.485e-02 -6.192 -6.244 -6.176 -6.160 -6.183 -6.212 -6.228 -6.249 -6.244
0.01471 0.00000 7.39794 10.1523513794 2.6260249615   10.151  4.387  3.9561  1.834    5  0.000  0.393     0.00     0.00     0.00     0.00     0.00 -1    -1e-30      0.00 6.857e-01 2.994e-01 1.686e-03 2.452e-03 5.719e-03 -1.000 1.485e-02 -6.198 -6.258 -6.155 -6.127 -6.144 -6.164 -6.164 -6.179 -6.171
0.01471 0.00000 7.39794 10.1635408401 2.6260361671   10.162  4.388  3.9476  1.799    6  0.000  0.393     0.00     0.00     0.00     0.00     0.00 -1    -1e-30      0.00 6.857e-01 2.994e-01 1.686e-03 2.452e-03 5.719e-03 -1.000 1.485e-02 -6.200 -6.256 -6.177 -6.159 -6.181 -6.208 -6.220 -6.239 -6.233
0.01471 0.00000 7.39794 10.1713266373 2.6260440350   10.170  4.389  3.9405  1.771    6  0.000  0.393     0.00     0.00     0.00     0.00     0.00 -1    -1e-30      0.00 6.857e-01 2.994e-01 1.686e-03 2.452e-03 5.719e-03 -1.000 1.485e-02 -6.202 -6.249 -6.199 -6.187 -6.211 -6.242 -6.265 -6.288 -6.285
0.01471 0.00000 7.39794 10.1775112152 2.6260502338   10.176  4.388  3.9319  1.737    6  0.000  0.393     0.00     0.00     0.00     0.00     0.00 -1    -1e-30      0.00 6.857e-01 2.994e-01 1.686e-03 2.452e-03 5.719e-03 -1.000 1.485e-02 -6.201 -6.236 -6.221 -6.216 -6.244 -6.281 -6.318 -6.346 -6.345
0.01471 0.00000 7.39794 10.1828451157 2.6260557175   10.182  4.388  3.9233  1.703    6  0.000  0.393     0.00     0.00     0.00     0.00     0.00 -1    -1e-30      0.00 6.857e-01 2.994e-01 1.686e-03 2.452e-03 5.719e-03 -1.000 1.485e-02 -6.201 -6.217 -6.238 -6.242 -6.275 -6.317 -6.370 -6.403 -6.405
0.01471 0.00000 7.39794 10.1879634857 2.6260607243   10.187  4.388  3.9139  1.666    6  0.000  0.393     0.00     0.00     0.00     0.00     0.00 -1    -1e-30      0.00 6.857e-01 2.994e-01 1.686e-03 2.452e-03 5.719e-03 -1.000 1.485e-02 -6.199 -6.190 -6.250 -6.265 -6.305 -6.356 -6.426 -6.465 -6.471
0.01471 0.00000 7.39794 10.1923322678 2.6260652542   10.191  4.387  3.9048  1.630    6  0.000  0.393     0.00     0.00     0.00     0.00     0.00 -1    -1e-30      0.00 6.857e-01 2.994e-01 1.686e-03 2.452e-03 5.719e-03 -1.000 1.485e-02 -6.198 -6.159 -6.254 -6.284 -6.332 -6.392 -6.479 -6.526 -6.535
0.01471 0.00000 7.39794 10.1965322495 2.6260693073   10.195  4.387  3.8955  1.594    6  0.000  0.393     0.00     0.00     0.00     0.00     0.00 -1    -1e-30      0.00 6.857e-01 2.995e-01 1.686e-03 2.452e-03 5.719e-03 -1.000 1.485e-02 -6.197 -6.122 -6.251 -6.299 -6.358 -6.428 -6.534 -6.589 -6.601
0.01471 0.00000 7.39794 10.2005653381 2.6260733604   10.199  4.386  3.8857  1.555    6  0.000  0.393     0.00     0.00     0.00     0.00     0.00 -1    -1e-30      0.00 6.857e-01 2.995e-01 1.686e-03 2.452e-03 5.719e-03 -1.000 1.485e-02 -6.196 -6.078 -6.239 -6.310 -6.383 -6.465 -6.591 -6.656 -6.671
0.01471 0.00000 7.39794 10.2044286728 2.6260774136   10.203  4.386  3.8755  1.515    6  0.000  0.393     0.00     0.00     0.00     0.00     0.00 -1    -1e-30      0.00 6.857e-01 2.995e-01 1.686e-03 2.452e-03 5.719e-03 -1.000 1.485e-02 -6.194 -6.026 -6.217 -6.316 -6.406 -6.503 -6.650 -6.727 -6.745
0.01471 0.00000 7.39794 10.2080554962 2.6260809898   10.207  4.385  3.8650  1.474    6  0.000  0.393     0.00     0.00     0.00     0.00     0.00 -1    -1e-30      0.00 6.857e-01 2.995e-01 1.686e-03 2.452e-03 5.719e-03 -1.000 1.485e-02 -6.192 -5.969 -6.186 -6.319 -6.427 -6.541 -6.710 -6.801 -6.822
0.01471 0.00000 7.39794 10.2114086151 2.6260843277   10.210  4.384  3.8544  1.433    6  0.000  0.393     0.00     0.00     0.00     0.00     0.00 -1    -1e-30      0.00 6.857e-01 2.995e-01 1.686e-03 2.452e-03 5.719e-03 -1.000 1.485e-02 -6.190 -5.908 -6.145 -6.317 -6.447 -6.579 -6.770 -6.877 -6.901
0.01471 0.00000 7.39794 10.2150964737 2.6260879040   10.214  4.383  3.8414  1.382    6  0.000  0.393     0.00     0.00     0.00     0.00     0.00 -1    -1e-30      0.00 6.857e-01 2.995e-01 1.686e-03 2.452e-03 5.719e-03 -1.000 1.485e-02 -6.187 -5.826 -6.083 -6.309 -6.469 -6.625 -6.844 -6.971 -6.999
0.01471 0.00000 7.39794 10.2176618576 2.6260905266   10.217  4.382  3.8314  1.343    6  0.000  0.393     0.00     0.00     0.00     0.00     0.00 -1    -1e-30      0.00 6.857e-01 2.995e-01 1.686e-03 2.453e-03 5.719e-03 -1.000 1.485e-02 -6.184 -5.758 -6.028 -6.302 -6.485 -6.659 -6.900 -7.044 -7.074
0.01471 0.00000 7.39794 10.2199258804 2.6260929108   10.219  4.381  3.8216  1.305    6  0.000  0.393     0.00     0.00     0.00     0.00     0.00 -1    -1e-30      0.00 6.857e-01 2.995e-01 1.686e-03 2.453e-03 5.719e-03 -1.000 1.485e-02 -6.181 -5.685 -5.967 -6.291 -6.498 -6.690 -6.954 -7.115 -7.148
0.01471 0.00000 7.39794 10.2219257355 2.6260948181   10.221  4.379  3.8121  1.269    6  0.000  0.393     0.00     0.00     0.00     0.00     0.00 -1    -1e-30      0.00 6.857e-01 2.995e-01 1.686e-03 2.453e-03 5.719e-03 -1.000 1.485e-02 -6.178 -5.607 -5.904 -6.278 -6.509 -6.720 -7.005 -7.185 -7.219
0.01471 0.00000 7.39794 10.2236928940 2.6260964870   10.223  4.378  3.8027  1.233    6  0.000  0.393     0.00     0.00     0.00     0.00     0.00 -1    -1e-30      0.00 6.857e-01 2.995e-01 1.686e-03 2.453e-03 5.719e-03 -1.000 1.485e-02 -6.175 -5.518 -5.833 -6.263 -6.520 -6.749 -7.056 -7.254 -7.292
0.01471 0.00000 7.39794 10.2252531052 2.6260981560   10.224  4.377  3.7936  1.198    6  0.000  0.393     0.00     0.00     0.00     0.00     0.00 -1    -1e-30      0.00 6.857e-01 2.995e-01 1.686e-03 2.453e-03 5.718e-03 -1.000 1.485e-02 -6.172 -5.429 -5.763 -6.245 -6.526 -6.774 -7.103 -7.320 -7.361
0.01471 0.00000 7.39794 10.2266302109 2.6260995865   10.226  4.375  3.7848  1.164    6  0.000  0.393     0.00     0.00     0.00     0.00     0.00 -1    -1e-30      0.00 6.857e-01 2.995e-01 1.686e-03 2.453e-03 5.718e-03 -1.000 1.485e-02 -6.168 -5.325 -5.688 -6.226 -6.533 -6.798 -7.150 -7.385 -7.429
0.01471 0.00000 7.39794 10.2278432846 2.6261007786   10.227  4.374  3.7761  1.130    6  0.000  0.393     0.00     0.00     0.00     0.00     0.00 -1    -1e-30      0.00 6.857e-01 2.995e-01 1.686e-03 2.453e-03 5.718e-03 -1.000 1.485e-02 -6.164 -5.205 -5.605 -6.202 -6.537 -6.822 -7.197 -7.451 -7.499
0.01471 0.00000 7.39794 10.2289104462 2.6261017323   10.228  4.372  3.7676  1.098    6  0.000  0.393     0.00     0.00     0.00     0.00     0.00 -1    -1e-30      0.00 6.857e-01 2.995e-01 1.686e-03 2.453e-03 5.718e-03 -1.000 1.485e-02 -6.161 -5.080 -5.516 -6.174 -6.537 -6.844 -7.243 -7.519 -7.570
0.01471 0.00000 7.39794 10.2300643921 2.6261029243   10.229  4.370  3.7573  1.059    6  0.000  0.393     0.00     0.00     0.00     0.00     0.00 -1    -1e-30      0.00 6.857e-01 2.995e-01 1.686e-03 2.453e-03 5.718e-03 -1.000 1.485e-02 -6.155 -4.932 -5.418 -6.141 -6.534 -6.862 -7.288 -7.588 -7.643
0.01471 0.00000 7.39794 10.2308597565 2.6261036396   10.230  4.368  3.7494  1.029    6  0.000  0.393     0.00     0.00     0.00     0.00     0.00 -1    -1e-30      0.00 6.857e-01 2.995e-01 1.686e-03 2.453e-03 5.718e-03 -1.000 1.485e-02 -6.151 -4.809 -5.344 -6.114 -6.529 -6.872 -7.319 -7.637 -7.695
0.01471 0.00000 7.39794 10.2315578461 2.6261043549   10.231  4.366  3.7423  1.003    6  0.000  0.393     0.00     0.00     0.00     0.00     0.00 -1    -1e-30      0.00 6.857e-01 2.995e-01 1.686e-03 2.453e-03 5.718e-03 -1.000 1.485e-02 -6.145 -4.617 -5.245 -6.083 -6.526 -6.885 -7.356 -7.694 -7.755
0.01471 0.00000 7.39794 10.2321710587 2.6261050701   10.231  4.364  3.7356  0.978    6  0.000  0.393     0.00     0.00     0.00     0.00     0.00 -1    -1e-30      0.00 6.857e-01 2.995e-01 1.686e-03 2.453e-03 5.718e-03 -1.000 1.485e-02 -6.140 -4.488 -5.171 -6.053 -6.516 -6.889 -7.380 -7.735 -7.797
0.01471 0.00000 7.39794 10.2327146530 2.6261055470   10.232  4.362  3.7297  0.957    6  0.000  0.393     0.00     0.00     0.00     0.00     0.00 -1    -1e-30      0.00 6.857e-01 2.995e-01 1.686e-03 2.453e-03 5.718e-03 -1.000 1.485e-02 -6.134 -4.398 -5.114 -6.028 -6.505 -6.888 -7.396 -7.766 -7.829
0.01471 0.00000 7.39794 10.2331972122 2.6261060238   10.232  4.360  3.7240  0.936    6  0.000  0.393     0.00     0.00     0.00     0.00     0.00 -1    -1e-30      0.00 6.857e-01 2.995e-01 1.686e-03 2.453e-03 5.718e-03 -1.000 1.485e-02 -6.129 -4.292 -5.051 -5.999 -6.492 -6.887 -7.414 -7.800 -7.863
0.01471 0.00000 7.39794 10.2336330414 2.6261065006   10.233  4.357  3.7185  0.917    6  0.000  0.393     0.00     0.00     0.00     0.00     0.00 -1    -1e-30      0.00 6.857e-01 2.995e-01 1.686e-03 2.453e-03 5.718e-03 -1.000 1.485e-02 -6.123 -4.190 -4.991 -5.971 -6.479 -6.884 -7.429 -7.831 -7.894
0.01471 0.00000 7.39794 10.2340316772 2.6261069775   10.233  4.355  3.7133  0.898    6  0.000  0.393     0.00     0.00     0.00     0.00     0.00 -1    -1e-30      0.00 6.857e-01 2.995e-01 1.686e-03 2.453e-03 5.718e-03 -1.000 1.485e-02 -6.117 -4.087 -4.932 -5.942 -6.464 -6.880 -7.443 -7.860 -7.924
0.01471 0.00000 7.39794 10.2344169617 2.6261072159   10.233  4.352  3.7080  0.880    6  0.000  0.393     0.00     0.00     0.00     0.00     0.00 -1    -1e-30      0.00 6.857e-01 2.995e-01 1.686e-03 2.453e-03 5.718e-03 -1.000 1.485e-02 -6.111 -3.982 -4.872 -5.912 -6.449 -6.874 -7.456 -7.888 -7.953
0.01471 0.00000 7.39794 10.2349205017 2.6261076927   10.234  4.350  3.7012  0.855    6  0.000  0.393     0.00     0.00     0.00     0.00     0.00 -1    -1e-30      0.00 6.857e-01 2.995e-01 1.686e-03 2.453e-03 5.718e-03 -1.000 1.485e-02 -6.104 -3.843 -4.795 -5.873 -6.428 -6.866 -7.474 -7.925 -7.992
0.01471 0.00000 7.39794 10.2353849411 2.6261081696   10.234  4.346  3.6950  0.834    6  0.000  0.393     0.00     0.00     0.00     0.00     0.00 -1    -1e-30      0.00 6.857e-01 2.995e-01 1.686e-03 2.453e-03 5.718e-03 -1.000 1.485e-02 -6.096 -3.708 -4.721 -5.835 -6.406 -6.856 -7.487 -7.955 -8.025
0.01471 0.00000 7.39794 10.2360849380 2.6261088848   10.235  4.342  3.6869  0.806    6  0.000  0.393     0.00     0.00     0.00     0.00     0.00 -1    -1e-30      0.00 6.857e-01 2.995e-01 1.686e-03 2.453e-03 5.718e-03 -1.000 1.485e-02 -6.084 -3.526 -4.625 -5.782 -6.374 -6.839 -7.502 -7.992 -8.067
0.01471 0.00000 7.39794 10.2370138168 2.6261098385   10.236  4.334  3.6759  0.770    6  0.000  0.393     0.00     0.00     0.00     0.00     0.00 -1    -1e-30      0.00 6.857e-01 2.995e-01 1.686e-03 2.453e-03 5.718e-03 -1.000 1.485e-02 -6.065 -3.309 -4.492 -5.711 -6.328 -6.808 -7.516 -8.027 -8.115
0.01471 0.00000 7.39794 10.2379035950 2.6261107922   10.237  4.326  3.6640  0.730    6  0.000  0.393     0.00     0.00     0.00     0.00     0.00 -1    -1e-30      0.00 6.857e-01 2.995e-01 1.686e-03 2.453e-03 5.718e-03 -1.000 1.485e-02 -6.046 -3.055 -4.337 -5.630 -6.274 -6.772 -7.531 -8.059 -8.166
0.01471 0.00000 7.39794 10.2390174866 2.6261117458   10.238  4.327  3.6466  0.660    6  0.000  0.393     0.00     0.00     0.00     0.00     0.00 -1    -1e-30      0.00 6.857e-01 2.995e-01 1.686e-03 2.453e-03 5.718e-03 -1.000 1.485e-02 -6.048 -2.597 -4.108 -5.509 -6.203 -6.742 -7.577 -8.142 -8.275
0.01471 0.00000 7.39794 10.2486534119 2.6261212826   10.248  4.302  3.5873  0.448    6  0.000  0.393     0.00     0.00     0.00     0.00     0.00 -1    -1e-30      0.00 6.857e-01 2.995e-01 1.686e-03 2.453e-03 5.718e-03 -1.000 1.484e-02 -5.984 -0.891 -3.102 -4.788 -5.718 -6.516 -7.627 -8.377 -8.587
0.01471 0.00000 7.39794 10.2547340393 2.6261274815   10.254  4.346  3.5806  0.377    6  0.000  0.393     0.00     0.00     0.00     0.00     0.00 -1    -1e-30      0.00 6.857e-01 2.995e-01 1.686e-03 2.453e-03 5.718e-03 -1.000 1.484e-02 -6.096 -0.812 -3.070 -4.784 -5.751 -6.605 -7.754 -8.523 -8.743
0.01471 0.00000 7.39794 10.2551374435 2.6261277199   10.254  4.351  3.5798  0.369    6  0.000  0.393     0.00     0.00     0.00     0.00     0.00 -1    -1e-30      0.00 6.857e-01 2.995e-01 1.686e-03 2.453e-03 5.718e-03 -1.000 1.484e-02 -6.108 -0.805 -3.066 -4.784 -5.754 -6.615 -7.768 -8.539 -8.760
0.01471 0.00000 7.39794 10.2556486130 2.6261281967   10.255  4.365  3.5782  0.349    6  0.000  0.393     0.00     0.00     0.00     0.00     0.00 -1    -1e-30      0.00 6.857e-01 2.995e-01 1.686e-03 2.453e-03 5.718e-03 -1.000 1.484e-02 -6.142 -0.795 -3.061 -4.783 -5.763 -6.642 -7.806 -8.581 -8.805
0.01471 0.00000 7.39794 10.2584142685 2.6261310577   10.258  4.413  3.5723  0.277    7  0.000  0.393     0.00     0.00     0.00     0.00     0.00 -1    -1e-30      0.00 6.857e-01 2.995e-01 1.685e-03 2.453e-03 5.718e-03 -1.000 1.484e-02 -6.263 -0.760 -3.039 -4.776 -5.794 -6.741 -7.943 -8.732 -8.965
0.01471 0.00000 7.39794 10.2591581345 2.6261317730   10.258  4.445  3.5686  0.230    7  0.000  0.392     0.00     0.00     0.00     0.00     0.00 -1    -1e-30      0.00 6.857e-01 2.995e-01 1.683e-03 2.454e-03 5.718e-03 -1.000 1.484e-02 -6.344 -0.746 -3.026 -4.771 -5.813 -6.806 -8.033 -8.830 -9.070
0.01471 0.00000 7.39794 10.2600555420 2.6261327267   10.259  4.478  3.5650  0.183    7  0.000  0.389     0.00     0.00     0.00     0.00     0.00 -1    -1e-30      0.00 6.857e-01 2.995e-01 1.670e-03 2.467e-03 5.718e-03 -1.000 1.484e-02 -6.425 -0.739 -3.007 -4.754 -5.825 -6.870 -8.125 -8.931 -9.176
0.01471 0.00000 7.39794 10.2610874176 2.6261336803   10.260  4.513  3.5611  0.133    7  0.000  0.386     0.00     0.00     0.00     0.00     0.00 -1    -1e-30      0.00 6.857e-01 2.995e-01 1.656e-03 2.485e-03 5.718e-03 -1.000 1.484e-02 -6.512 -0.731 -2.986 -4.737 -5.837 -6.938 -8.222 -9.036 -9.288
0.01471 0.00000 7.39794 10.2623739243 2.6261348724   10.261  4.551  3.5568  0.077    7  0.000  0.383     0.00     0.00     0.00     0.00     0.00 -1    -1e-30      0.00 6.857e-01 2.995e-01 1.644e-03 2.500e-03 5.718e-03 -1.000 1.484e-02 -6.608 -0.725 -2.951 -4.696 -5.836 -7.008 -8.331 -9.154 -9.413
0.01471 0.00000 7.39794 10.2640323639 2.6261365414   10.263  4.594  3.5521  0.016    7  0.000  0.381     0.00     0.00     0.00     0.00     0.00 -1    -1e-30      0.00 6.857e-01 2.995e-01 1.633e-03 2.515e-03 5.715e-03 -1.000 1.482e-02 -6.714 -0.719 -2.904 -4.641 -5.828 -7.083 -8.451 -9.283 -9.551
0.01471 0.00000 7.39794 10.2659311295 2.6261384487   10.265  4.634  3.5474 -0.044    7  0.000  0.379     0.00     0.00     0.00     0.00     0.00 -1    -1e-30      0.00 6.856e-01 2.996e-01 1.623e-03 2.538e-03 5.703e-03 -1.000 1.479e-02 -6.816 -0.713 -2.838 -4.560 -5.804 -7.147 -8.568 -9.409 -9.684
0.01471 0.00000 7.39794 10.2681360245 2.6261405945   10.267  4.675  3.5426 -0.103    7  0.000  0.379     0.00     0.00     0.00     0.00     0.00 -1    -1e-30      0.00 6.853e-01 2.998e-01 1.618e-03 2.556e-03 5.691e-03 -1.000 1.484e-02 -6.916 -0.707 -2.756 -4.459 -5.766 -7.203 -8.684 -9.533 -9.817
0.01471 0.00000 7.39794 10.2696208954 2.6261420250   10.269  4.702  3.5394 -0.143    7  0.000  0.379     0.00     0.00     0.00     0.00     0.00 -1    -1e-30      0.00 6.850e-01 3.001e-01 1.615e-03 2.565e-03 5.683e-03 -1.000 1.482e-02 -6.986 -0.706 -2.701 -4.389 -5.741 -7.241 -8.765 -9.619 -9.908
0.01471 0.00000 7.39794 10.2749214172 2.6261472702   10.274  4.754  3.5339 -0.216    7  0.000  0.379     0.00     0.00     0.00     0.00     0.00 -1    -1e-30      0.00 6.831e-01 3.021e-01 1.608e-03 2.595e-03 5.660e-03 -1.000 1.484e-02 -7.114 -0.707 -2.579 -4.234 -5.683 -7.294 -8.912 -9.773 -10.073
0.01471 0.00000 7.39794 10.2856216431 2.6261579990   10.285  4.796  3.5295 -0.276    7  0.000  0.379     0.00     0.00     0.00     0.00     0.00 -1    -1e-30      0.00 6.777e-01 3.074e-01 1.596e-03 2.651e-03 5.613e-03 -1.000 1.485e-02 -7.221 -0.711 -2.477 -4.105 -5.636 -7.338 -9.035 -9.902 -10.211
0.01471 0.00000 7.39794 10.2989988327 2.6261711121   10.298  4.824  3.5266 -0.315    7  0.000  0.379     0.00     0.00     0.00     0.00     0.00 -1    -1e-30      0.00 6.716e-01 3.135e-01 1.583e-03 2.711e-03 5.564e-03 -1.000 1.482e-02 -7.290 -0.713 -2.390 -3.997 -5.592 -7.346 -9.114 -9.984 -10.298
0.01471 0.00000 7.39794 10.3154611588 2.6261870861   10.315  4.823  3.5273 -0.311    7  0.000  0.380     0.00     0.00     0.00     0.00     0.00 -1    -1e-30      0.00 6.652e-01 3.200e-01 1.569e-03 2.772e-03 5.513e-03 -1.000 1.482e-02 -7.289 -0.724 -2.424 -4.038 -5.618 -7.360 -9.111 -9.980 -10.293
