Zini     MH   logAge Mini        int_IMF         Mass   logL    logTe  logg  label   McoreTP C_O  period0  period1  period2  period3  period4  pmode  Mloss  tau1m   X   Y   Xc  Xn  Xo  Cexcess  Z 	 mbolmag  Umag    Bmag    Vmag    Rmag    Imag    Jmag    Hmag    Kmag
0.01471 0.00000 7.20683 0.0900000036 1.0816895962    0.090 -2.204  3.4020  4.156    0  0.000  0.545     0.00     0.00     0.00     0.00     0.00 -1 -2.22e-15      0.00 7.107e-01 2.745e-01 2.655e-03 7.163e-04 6.496e-03 -1.000 1.476e-02 10.279 17.784 16.204 14.691 12.812 10.699 8.232 7.651 7.275
0.01471 0.00000 7.20683 0.1000000015 1.1711064577    0.100 -2.137  3.4091  4.163    0  0.000  0.545     0.00     0.00     0.00     0.00     0.00 -1 -2.43e-15      0.00 7.107e-01 2.745e-01 2.655e-03 7.163e-04 6.496e-03 -1.000 1.476e-02 10.113 17.630 16.043 14.528 12.647 10.533 8.066 7.485 7.109
0.01471 0.00000 7.20683 0.1017716005 1.1857370138    0.102 -2.126  3.4103  4.165    0  0.000  0.545     0.00     0.00     0.00     0.00     0.00 -1 -2.47e-15      0.00 7.107e-01 2.745e-01 2.655e-03 7.163e-04 6.496e-03 -1.000 1.476e-02 10.085 17.604 16.016 14.501 12.620 10.505 8.038 7.457 7.082
0.01471 0.00000 7.20683 0.1200000048 1.3193155527    0.120 -2.021  3.4213  4.175    0  0.000  0.545     0.00     0.00     0.00     0.00     0.00 -1 -2.86e-15      0.00 7.107e-01 2.745e-01 2.655e-03 7.163e-04 6.496e-03 -1.000 1.476e-02 9.821 17.201 15.634 14.119 12.274 10.188 7.782 7.200 6.828
0.01471 0.00000 7.20683 0.1232098192 1.3401095867    0.123 -2.003  3.4231  4.176    0  0.000  0.545     0.00     0.00     0.00     0.00     0.00 -1 -2.94e-15      0.00 7.107e-01 2.745e-01 2.655e-03 7.163e-04 6.496e-03 -1.000 1.476e-02 9.778 17.085 15.531 14.018 12.190 10.119 7.743 7.160 6.790
0.01471 0.00000 7.20683 0.1411418170 1.4445790052    0.141 -1.915  3.4325  4.185    0  0.000  0.545     0.00     0.00     0.00     0.00     0.00 -1 -3.33e-15      0.00 7.107e-01 2.745e-01 2.655e-03 7.163e-04 6.496e-03 -1.000 1.476e-02 9.558 16.498 15.011 13.508 11.771 9.771 7.540 6.954 6.594
0.01471 0.00000 7.20683 0.1598633081 1.5366730690    0.160 -1.832  3.4420  4.194    0  0.000  0.545     0.00     0.00     0.00     0.00     0.00 -1 -3.75e-15      0.00 7.107e-01 2.745e-01 2.655e-03 7.163e-04 6.496e-03 -1.000 1.476e-02 9.350 15.955 14.526 13.044 11.388 9.451 7.349 6.760 6.411
0.01471 0.00000 7.20683 0.1713115424 1.5863461494    0.171 -1.788  3.4469  4.199    0  0.000  0.545     0.00     0.00     0.00     0.00     0.00 -1 -3.97e-15      0.00 7.107e-01 2.745e-01 2.655e-03 7.163e-04 6.496e-03 -1.000 1.476e-02 9.240 15.680 14.277 12.806 11.190 9.286 7.248 6.658 6.315
0.01471 0.00000 7.20683 0.1811017096 1.6255192757    0.181 -1.753  3.4508  4.204    0  0.000  0.545     0.00     0.00     0.00     0.00     0.00 -1 -4.16e-15      0.00 7.107e-01 2.745e-01 2.655e-03 7.163e-04 6.496e-03 -1.000 1.476e-02 9.152 15.461 14.078 12.614 11.031 9.155 7.167 6.576 6.238
0.01471 0.00000 7.20683 0.1924924701 1.6677699089    0.192 -1.712  3.4552  4.207    0  0.000  0.545     0.00     0.00     0.00     0.00     0.00 -1 -4.44e-15      0.00 7.107e-01 2.745e-01 2.655e-03 7.163e-04 6.496e-03 -1.000 1.476e-02 9.050 15.222 13.859 12.399 10.850 9.009 7.074 6.481 6.148
0.01471 0.00000 7.20683 0.2049289495 1.7103377581    0.205 -1.672  3.4596  4.212    0  0.000  0.545     0.00     0.00     0.00     0.00     0.00 -1 -4.69e-15      0.00 7.107e-01 2.745e-01 2.655e-03 7.163e-04 6.496e-03 -1.000 1.476e-02 8.949 14.982 13.638 12.182 10.670 8.863 6.983 6.388 6.061
0.01471 0.00000 7.20683 0.2229226083 1.7663160563    0.223 -1.617  3.4655  4.217    0  0.000  0.545     0.00     0.00     0.00     0.00     0.00 -1 -5.06e-15      0.00 7.107e-01 2.745e-01 2.655e-03 7.163e-04 6.496e-03 -1.000 1.476e-02 8.814 14.686 13.363 11.915 10.444 8.677 6.858 6.260 5.940
0.01471 0.00000 7.20683 0.2425310165 1.8209908009    0.243 -1.563  3.4714  4.223    0  0.000  0.545     0.00     0.00     0.00     0.00     0.00 -1 -5.47e-15      0.00 7.107e-01 2.745e-01 2.655e-03 7.163e-04 6.496e-03 -1.000 1.476e-02 8.677 14.391 13.088 11.649 10.219 8.492 6.733 6.131 5.820
0.01471 0.00000 7.20683 0.2609914243 1.8674536943    0.261 -1.516  3.4766  4.229    0  0.000  0.545     0.00     0.00     0.00     0.00     0.00 -1 -5.83e-15      0.00 7.107e-01 2.745e-01 2.655e-03 7.163e-04 6.496e-03 -1.000 1.476e-02 8.560 14.145 12.855 11.422 10.026 8.336 6.627 6.021 5.717
0.01471 0.00000 7.20683 0.2892940938 1.9309626818    0.289 -1.449  3.4841  4.237    0  0.000  0.545     0.00     0.00     0.00     0.00     0.00 -1 -6.39e-15      0.00 7.107e-01 2.745e-01 2.655e-03 7.163e-04 6.496e-03 -1.000 1.476e-02 8.394 13.803 12.526 11.096 9.746 8.115 6.478 5.865 5.571
0.01471 0.00000 7.20683 0.3000000119 1.9529139996    0.300 -1.426  3.4868  4.240    0  0.000  0.545     0.00     0.00     0.00     0.00     0.00 -1 -6.61e-15      0.00 7.107e-01 2.745e-01 2.655e-03 7.163e-04 6.496e-03 -1.000 1.476e-02 8.335 13.685 12.411 10.980 9.645 8.038 6.426 5.811 5.520
0.01471 0.00000 7.20683 0.3096958101 1.9719331264    0.310 -1.406  3.4889  4.243    0  0.000  0.545     0.00     0.00     0.00     0.00     0.00 -1 -6.78e-15      0.00 7.107e-01 2.745e-01 2.655e-03 7.163e-04 6.496e-03 -1.000 1.476e-02 8.286 13.589 12.318 10.885 9.563 7.975 6.383 5.766 5.478
0.01471 0.00000 7.20683 0.3500000238 2.0434176922    0.350 -1.330  3.4975  4.254    0  0.000  0.545     0.00     0.00     0.00     0.00     0.00 -1 -7.52e-15      0.00 7.107e-01 2.745e-01 2.655e-03 7.163e-04 6.496e-03 -1.000 1.476e-02 8.094 13.225 11.962 10.542 9.268 7.733 6.209 5.582 5.306
0.01471 0.00000 7.20683 0.3874720335 2.1008815765    0.387 -1.266  3.5045  4.263    0  0.000  0.545     0.00     0.00     0.00     0.00     0.00 -1 -8.18e-15      0.00 7.107e-01 2.745e-01 2.655e-03 7.163e-04 6.496e-03 -1.000 1.476e-02 7.936 12.938 11.679 10.271 9.033 7.539 6.067 5.432 5.164
0.01471 0.00000 7.20683 0.4000000358 2.1185026169    0.400 -1.247  3.5067  4.266    0  0.000  0.545     0.00     0.00     0.00     0.00     0.00 -1 -8.39e-15      0.00 7.107e-01 2.745e-01 2.655e-03 7.163e-04 6.496e-03 -1.000 1.476e-02 7.888 12.851 11.592 10.187 8.960 7.479 6.024 5.386 5.121
0.01471 0.00000 7.20683 0.4006530046 2.1194012165    0.401 -1.246  3.5069  4.266    0  0.000  0.545     0.00     0.00     0.00     0.00     0.00 -1  -8.4e-15      0.00 7.107e-01 2.745e-01 2.655e-03 7.163e-04 6.496e-03 -1.000 1.476e-02 7.885 12.846 11.587 10.183 8.956 7.476 6.022 5.383 5.118
0.01471 0.00000 7.20683 0.4536942840 2.1866252422    0.453 -1.168  3.5163  4.279    0  0.000  0.545     0.00     0.00     0.00     0.00     0.00 -1  -9.3e-15      0.00 7.107e-01 2.745e-01 2.655e-03 7.163e-04 6.496e-03 -1.000 1.476e-02 7.689 12.498 11.236 9.843 8.661 7.238 5.848 5.198 4.944
0.01471 0.00000 7.20683 0.4997364581 2.2371823788    0.500 -1.107  3.5240  4.292    0  0.000  0.545     0.00     0.00     0.00     0.00     0.00 -1 -1.01e-14      0.00 7.107e-01 2.745e-01 2.655e-03 7.163e-04 6.496e-03 -1.000 1.476e-02 7.537 12.232 10.962 9.575 8.427 7.053 5.716 5.056 4.809
0.01471 0.00000 7.20683 0.5000000000 2.2374541759    0.500 -1.106  3.5241  4.292    0  0.000  0.545     0.00     0.00     0.00     0.00     0.00 -1 -1.01e-14      0.00 7.107e-01 2.745e-01 2.655e-03 7.163e-04 6.496e-03 -1.000 1.476e-02 7.536 12.231 10.961 9.573 8.426 7.052 5.715 5.055 4.808
0.01471 0.00000 7.20683 0.5001366138 2.2375950813    0.500 -1.106  3.5241  4.292    0  0.000  0.545     0.00     0.00     0.00     0.00     0.00 -1 -1.01e-14      0.00 7.107e-01 2.745e-01 2.655e-03 7.163e-04 6.496e-03 -1.000 1.476e-02 7.536 12.230 10.960 9.572 8.425 7.051 5.714 5.055 4.808
0.01471 0.00000 7.20683 0.5258203149 2.2625756264    0.526 -1.073  3.5286  4.298    0  0.000  0.545     0.00     0.00     0.00     0.00     0.00 -1 -1.05e-14      0.00 7.107e-01 2.745e-01 2.655e-03 7.163e-04 6.496e-03 -1.000 1.476e-02 7.452 12.085 10.808 9.423 8.295 6.950 5.643 4.977 4.735
0.01471 0.00000 7.20683 0.5500000119 2.2836582661    0.550 -1.042  3.5323  4.302    0  0.000  0.545     0.00     0.00     0.00     0.00     0.00 -1  -1.1e-14      0.00 7.107e-01 2.745e-01 2.655e-03 7.163e-04 6.496e-03 -1.000 1.476e-02 7.376 11.960 10.676 9.294 8.182 6.861 5.576 4.906 4.667
0.01471 0.00000 7.20683 0.5666819215 2.2970037460    0.566 -1.023  3.5352  4.307    0  0.000  0.545     0.00     0.00     0.00     0.00     0.00 -1 -1.12e-14      0.00 7.107e-01 2.745e-01 2.655e-03 7.163e-04 6.496e-03 -1.000 1.476e-02 7.328 11.875 10.586 9.206 8.105 6.803 5.536 4.863 4.626
0.01471 0.00000 7.20683 0.6000000238 2.3211214542    0.600 -0.983  3.5405  4.313    0  0.000  0.545     0.00     0.00     0.00     0.00     0.00 -1 -1.19e-14      0.00 7.107e-01 2.745e-01 2.655e-03 7.163e-04 6.496e-03 -1.000 1.476e-02 7.227 11.708 10.409 9.033 7.953 6.684 5.448 4.769 4.538
0.01471 0.00000 7.20683 0.6010103822 2.3218050003    0.601 -0.982  3.5407  4.313    0  0.000  0.545     0.00     0.00     0.00     0.00     0.00 -1 -1.19e-14      0.00 7.107e-01 2.745e-01 2.655e-03 7.163e-04 6.496e-03 -1.000 1.476e-02 7.224 11.703 10.403 9.027 7.948 6.680 5.446 4.767 4.536
0.01471 0.00000 7.20683 0.6390509605 2.3457405567    0.639 -0.934  3.5480  4.322    0  0.000  0.545     0.00     0.00     0.00     0.00     0.00 -1 -1.28e-14      0.00 7.107e-01 2.745e-01 2.655e-03 7.163e-04 6.496e-03 -1.000 1.476e-02 7.106 11.502 10.185 8.812 7.759 6.541 5.348 4.661 4.437
0.01471 0.00000 7.20683 0.6499999762 2.3520355225    0.650 -0.921  3.5499  4.324    0  0.000  0.545     0.00     0.00     0.00     0.00     0.00 -1  -1.3e-14      0.00 7.107e-01 2.745e-01 2.655e-03 7.163e-04 6.496e-03 -1.000 1.476e-02 7.074 11.447 10.126 8.753 7.707 6.503 5.321 4.632 4.410
0.01471 0.00000 7.20683 0.6887848973 2.3724946976    0.689 -0.865  3.5593  4.330    0  0.000  0.545     0.00     0.00     0.00     0.00     0.00 -1 -1.43e-14      0.00 7.107e-01 2.745e-01 2.655e-03 7.163e-04 6.496e-03 -1.000 1.476e-02 6.932 11.208 9.862 8.490 7.474 6.337 5.205 4.506 4.294
0.01471 0.00000 7.20683 0.7000000477 2.3779268265    0.700 -0.847  3.5620  4.330    0  0.000  0.545     0.00     0.00     0.00     0.00     0.00 -1 -1.48e-14      0.00 7.107e-01 2.745e-01 2.655e-03 7.163e-04 6.496e-03 -1.000 1.476e-02 6.888 11.138 9.784 8.412 7.404 6.287 5.168 4.467 4.258
0.01471 0.00000 7.20683 0.7500000000 2.3998889923    0.750 -0.679  3.6224  4.434    0  0.000  0.538     0.00     0.00     0.00     0.00     0.00 -1 -1.87e-14      0.00 7.107e-01 2.745e-01 2.620e-03 7.153e-04 6.497e-03 -1.000 1.476e-02 6.468 10.082 8.622 7.350 6.493 5.777 4.900 4.194 4.068
0.01471 0.00000 7.20683 0.7592251301 2.4035792351    0.759 -0.669  3.6237  4.434    0  0.000  0.538     0.00     0.00     0.00     0.00     0.00 -1  -1.9e-14      0.00 7.107e-01 2.745e-01 2.620e-03 7.153e-04 6.497e-03 -1.000 1.476e-02 6.443 10.040 8.580 7.312 6.459 5.751 4.877 4.173 4.049
0.01471 0.00000 7.20683 0.8000000119 2.4187245369    0.800 -0.613  3.6298  4.425    0  0.000  0.538     0.00     0.00     0.00     0.00     0.00 -1 -2.12e-14      0.00 7.107e-01 2.745e-01 2.620e-03 7.153e-04 6.497e-03 -1.000 1.476e-02 6.303 9.815 8.357 7.114 6.279 5.606 4.752 4.056 3.940
0.01471 0.00000 7.20683 0.8320252895 2.4294307232    0.832 -0.571  3.6353  4.422    0  0.000  0.538     0.00     0.00     0.00     0.00     0.00 -1  -2.3e-14      0.00 7.107e-01 2.745e-01 2.620e-03 7.153e-04 6.497e-03 -1.000 1.476e-02 6.198 9.612 8.176 6.958 6.140 5.498 4.663 3.972 3.864
0.01471 0.00000 7.20683 0.8500000238 2.4350347519    0.850 -0.544  3.6389  4.419    0  0.000  0.538     0.00     0.00     0.00     0.00     0.00 -1 -2.43e-14      0.00 7.107e-01 2.745e-01 2.620e-03 7.153e-04 6.497e-03 -1.000 1.476e-02 6.130 9.479 8.059 6.857 6.050 5.428 4.604 3.918 3.815
0.01471 0.00000 7.20683 0.8813617826 2.4441862106    0.881 -0.497  3.6458  4.415    0  0.000  0.538     0.00     0.00     0.00     0.00     0.00 -1 -2.65e-14      0.00 7.107e-01 2.745e-01 2.620e-03 7.153e-04 6.497e-03 -1.000 1.476e-02 6.014 9.216 7.849 6.679 5.896 5.308 4.507 3.838 3.741
0.01471 0.00000 7.20683 0.8999999762 2.4492788315    0.899 -0.463  3.6508  4.410    0  0.000  0.538     0.00     0.00     0.00     0.00     0.00 -1 -2.85e-14      0.00 7.107e-01 2.745e-01 2.620e-03 7.153e-04 6.497e-03 -1.000 1.476e-02 5.928 9.017 7.694 6.548 5.783 5.218 4.436 3.780 3.687
0.01471 0.00000 7.20683 0.9233224392 2.4553191662    0.923 -0.420  3.6574  4.405    0  0.000  0.538     0.00     0.00     0.00     0.00     0.00 -1 -3.13e-14      0.00 7.107e-01 2.745e-01 2.620e-03 7.153e-04 6.497e-03 -1.000 1.476e-02 5.820 8.742 7.496 6.383 5.644 5.104 4.347 3.714 3.625
0.01471 0.00000 7.20683 0.9499999881 2.4618122578    0.950 -0.368  3.6657  4.398    0  0.000  0.538     0.00     0.00     0.00     0.00     0.00 -1  -3.5e-14      0.00 7.107e-01 2.745e-01 2.620e-03 7.153e-04 6.497e-03 -1.000 1.476e-02 5.689 8.413 7.258 6.186 5.480 4.967 4.241 3.635 3.551
0.01471 0.00000 7.20683 0.9727696180 2.4670314789    0.973 -0.324  3.6729  4.394    0  0.000  0.538     0.00     0.00     0.00     0.00     0.00 -1 -3.84e-14      0.00 7.107e-01 2.745e-01 2.620e-03 7.153e-04 6.497e-03 -1.000 1.476e-02 5.580 8.133 7.058 6.022 5.346 4.853 4.153 3.572 3.492
0.01471 0.00000 7.20683 1.0000000000 2.4729156494    1.000 -0.266  3.6827  4.386    0  0.000  0.538     0.00     0.00     0.00     0.00     0.00 -1 -4.36e-14      0.00 7.107e-01 2.745e-01 2.620e-03 7.153e-04 6.497e-03 -1.000 1.476e-02 5.434 7.764 6.799 5.808 5.171 4.702 4.038 3.490 3.414
0.01471 0.00000 7.20683 1.0054113865 2.4740412235    1.005 -0.254  3.6846  4.385    0  0.000  0.538     0.00     0.00     0.00     0.00     0.00 -1 -4.44e-14      0.00 7.107e-01 2.745e-01 2.620e-03 7.153e-04 6.497e-03 -1.000 1.476e-02 5.405 7.696 6.750 5.768 5.137 4.673 4.015 3.473 3.398
0.01471 0.00000 7.20683 1.0447304249 2.4818198681    1.044 -0.163  3.6997  4.371    0  0.000  0.538     0.00     0.00     0.00     0.00     0.00 -1 -5.14e-14      0.00 7.107e-01 2.745e-01 2.619e-03 7.153e-04 6.497e-03 -1.000 1.476e-02 5.178 7.158 6.369 5.453 4.878 4.446 3.839 3.341 3.274
0.01471 0.00000 7.20683 1.0499999523 2.4828116894    1.050 -0.150  3.7018  4.369    0  0.000  0.538     0.00     0.00     0.00     0.00     0.00 -1 -5.25e-14      0.00 7.107e-01 2.745e-01 2.619e-03 7.153e-04 6.497e-03 -1.000 1.476e-02 5.146 7.085 6.317 5.410 4.842 4.414 3.814 3.323 3.256
0.01471 0.00000 7.20683 1.0773783922 2.4877851009    1.077 -0.083  3.7127  4.356    0  0.000  0.538     0.00     0.00     0.00     0.00     0.00 -1 -5.88e-14      0.00 7.107e-01 2.745e-01 2.619e-03 7.153e-04 6.497e-03 -1.000 1.476e-02 4.977 6.710 6.052 5.188 4.656 4.248 3.684 3.225 3.162
0.01471 0.00000 7.20683 1.1000000238 2.4916803837    1.099 -0.024  3.7221  4.343    0  0.000  0.538     0.00     0.00     0.00     0.00     0.00 -1 -6.52e-14      0.00 7.107e-01 2.745e-01 2.619e-03 7.153e-04 6.497e-03 -1.000 1.476e-02 4.829 6.393 5.828 5.001 4.496 4.105 3.571 3.137 3.079
0.01471 0.00000 7.20683 1.1171516180 2.4945130348    1.116  0.023  3.7292  4.332    0  0.000  0.538     0.00     0.00     0.00     0.00     0.00 -1 -7.08e-14      0.00 7.107e-01 2.745e-01 2.619e-03 7.153e-04 6.497e-03 -1.000 1.476e-02 4.713 6.157 5.659 4.858 4.373 3.993 3.481 3.067 3.011
0.01471 0.00000 7.20683 1.1402394772 2.4981718063    1.140  0.089  3.7390  4.314    0  0.000  0.538     0.00     0.00     0.00     0.00     0.00 -1 -8.01e-14      0.00 7.107e-01 2.745e-01 2.619e-03 7.153e-04 6.497e-03 -1.000 1.476e-02 4.547 5.831 5.419 4.659 4.200 3.837 3.356 2.966 2.915
0.01471 0.00000 7.20683 1.1499999762 2.4996678829    1.149  0.118  3.7432  4.305    0  0.000  0.538     0.00     0.00     0.00     0.00     0.00 -1 -8.47e-14      0.00 7.107e-01 2.745e-01 2.619e-03 7.153e-04 6.497e-03 -1.000 1.476e-02 4.475 5.689 5.318 4.574 4.127 3.770 3.301 2.922 2.872
0.01471 0.00000 7.20683 1.1744869947 2.5032956600    1.174  0.195  3.7537  4.280    0  0.000  0.538     0.00     0.00     0.00     0.00     0.00 -1  -9.8e-14      0.00 7.107e-01 2.745e-01 2.619e-03 7.153e-04 6.497e-03 -1.000 1.476e-02 4.283 5.329 5.056 4.354 3.936 3.595 3.156 2.802 2.757
0.01471 0.00000 7.20683 1.1984384060 2.5066797733    1.198  0.275  3.7643  4.251    0  0.000  0.538     0.00     0.00     0.00     0.00     0.00 -1 -1.15e-13      0.00 7.107e-01 2.745e-01 2.619e-03 7.153e-04 6.497e-03 -1.000 1.476e-02 4.084 4.977 4.788 4.131 3.740 3.416 3.006 2.675 2.635
0.01471 0.00000 7.20683 1.2000000477 2.5068950653    1.200  0.280  3.7650  4.249    0  0.000  0.538     0.00     0.00     0.00     0.00     0.00 -1 -1.16e-13      0.00 7.107e-01 2.745e-01 2.619e-03 7.153e-04 6.497e-03 -1.000 1.476e-02 4.070 4.954 4.770 4.116 3.727 3.404 2.996 2.667 2.627
0.01471 0.00000 7.20683 1.2181762457 2.5093536377    1.218  0.343  3.7731  4.225    0  0.000  0.538     0.00     0.00     0.00     0.00     0.00 -1 -1.32e-13      0.00 7.107e-01 2.745e-01 2.619e-03 7.153e-04 6.497e-03 -1.000 1.476e-02 3.913 4.692 4.562 3.944 3.575 3.265 2.878 2.567 2.531
0.01471 0.00000 7.20683 1.2389085293 2.5120570660    1.239  0.413  3.7826  4.200    0  0.000  0.538     0.00     0.00     0.00     0.00     0.00 -1 -1.52e-13      0.00 7.107e-01 2.745e-01 2.619e-03 7.153e-04 6.497e-03 -1.000 1.476e-02 3.737 4.407 4.330 3.753 3.407 3.113 2.750 2.460 2.428
0.01471 0.00000 7.20683 1.2500000000 2.5134611130    1.250  0.449  3.7877  4.188    0  0.000  0.538     0.00     0.00     0.00     0.00     0.00 -1 -1.63e-13      0.00 7.107e-01 2.745e-01 2.619e-03 7.153e-04 6.496e-03 -1.000 1.476e-02 3.647 4.266 4.213 3.658 3.322 3.036 2.686 2.406 2.376
0.01471 0.00000 7.20683 1.2808054686 2.5172145367    1.281  0.530  3.8015  4.173    0  0.000  0.538     0.00     0.00     0.00     0.00     0.00 -1 -1.84e-13      0.00 7.107e-01 2.745e-01 2.619e-03 7.153e-04 6.496e-03 -1.000 1.476e-02 3.445 3.940 3.937 3.441 3.136 2.872 2.555 2.303 2.278
0.01471 0.00000 7.20683 1.2909246683 2.5184025764    1.291  0.553  3.8060  4.172    0  0.000  0.538     0.00     0.00     0.00     0.00     0.00 -1 -1.89e-13      0.00 7.107e-01 2.745e-01 2.619e-03 7.152e-04 6.496e-03 -1.000 1.476e-02 3.388 3.849 3.858 3.380 3.085 2.828 2.521 2.278 2.255
0.01471 0.00000 7.20683 1.2999999523 2.5194499493    1.300  0.561  3.8090  4.179    0  0.000  0.538     0.00     0.00     0.00     0.00     0.00 -1 -1.87e-13      0.00 7.107e-01 2.745e-01 2.619e-03 7.152e-04 6.496e-03 -1.000 1.476e-02 3.367 3.805 3.823 3.357 3.068 2.817 2.517 2.279 2.257
0.01471 0.00000 7.20683 1.3101234436 2.5205986500    1.310  0.569  3.8124  4.188    0  0.000  0.538     0.00     0.00     0.00     0.00     0.00 -1 -1.83e-13      0.00 7.107e-01 2.745e-01 2.619e-03 7.152e-04 6.496e-03 -1.000 1.476e-02 3.348 3.764 3.789 3.337 3.055 2.809 2.517 2.286 2.265
0.01471 0.00000 7.20683 1.3357641697 2.5234189034    1.336  0.575  3.8198  4.221    0  0.000  0.538     0.00     0.00     0.00     0.00     0.00 -1 -1.66e-13      0.00 7.107e-01 2.745e-01 2.619e-03 7.152e-04 6.496e-03 -1.000 1.476e-02 3.333 3.708 3.744 3.317 3.049 2.815 2.540 2.323 2.305
0.01471 0.00000 7.20683 1.3499999046 2.5249314308    1.350  0.567  3.8225  4.244    0  0.000  0.538     0.00     0.00     0.00     0.00     0.00 -1 -1.52e-13      0.00 7.107e-01 2.745e-01 2.619e-03 7.152e-04 6.496e-03 -1.000 1.476e-02 3.353 3.714 3.753 3.335 3.072 2.842 2.573 2.362 2.344
0.01471 0.00000 7.20683 1.3604139090 2.5260150433    1.361  0.556  3.8238  4.262    0  0.000  0.538     0.00     0.00     0.00     0.00     0.00 -1  -1.4e-13      0.00 7.107e-01 2.745e-01 2.619e-03 7.152e-04 6.496e-03 -1.000 1.476e-02 3.379 3.732 3.775 3.361 3.100 2.871 2.606 2.396 2.379
0.01471 0.00000 7.20683 1.3781275749 2.5278148651    1.378  0.539  3.8245  4.288    0  0.000  0.538     0.00     0.00     0.00     0.00     0.00 -1 -1.23e-13      0.00 7.107e-01 2.745e-01 2.619e-03 7.152e-04 6.496e-03 -1.000 1.476e-02 3.422 3.771 3.817 3.404 3.144 2.917 2.653 2.445 2.427
0.01471 0.00000 7.20683 1.3982447386 2.5297954082    1.398  0.536  3.8252  4.301    0  0.000  0.538     0.00     0.00     0.00     0.00     0.00 -1 -1.12e-13      0.00 7.107e-01 2.745e-01 2.619e-03 7.152e-04 6.496e-03 -1.000 1.474e-02 3.430 3.775 3.822 3.412 3.154 2.927 2.665 2.458 2.440
0.01471 0.00000 7.20683 1.3999999762 2.5299651623    1.400  0.536  3.8253  4.301    0  0.000  0.538     0.00     0.00     0.00     0.00     0.00 -1 -1.11e-13      0.00 7.107e-01 2.745e-01 2.619e-03 7.152e-04 6.496e-03 -1.000 1.474e-02 3.430 3.775 3.823 3.412 3.154 2.927 2.665 2.458 2.441
0.01471 0.00000 7.20683 1.4133914709 2.5312440395    1.414  0.534  3.8257  4.309    0  0.000  0.538     0.00     0.00     0.00     0.00     0.00 -1 -1.04e-13      0.00 7.108e-01 2.745e-01 2.619e-03 7.152e-04 6.496e-03 -1.000 1.473e-02 3.435 3.777 3.826 3.417 3.159 2.933 2.672 2.466 2.449
0.01471 0.00000 7.20683 1.4243285656 2.5322678089    1.425  0.539  3.8264  4.310    0  0.000  0.538     0.00     0.00     0.00     0.00     0.00 -1    -1e-13      0.00 7.108e-01 2.745e-01 2.619e-03 7.152e-04 6.496e-03 -1.000 1.471e-02 3.422 3.761 3.810 3.403 3.147 2.922 2.662 2.457 2.440
0.01471 0.00000 7.20683 1.4415607452 2.5338449478    1.442  0.567  3.8292  4.299    0  0.000  0.538     0.00     0.00     0.00     0.00     0.00 -1 -1.01e-13      0.00 7.108e-01 2.745e-01 2.619e-03 7.152e-04 6.496e-03 -1.000 1.475e-02 3.353 3.679 3.729 3.333 3.082 2.861 2.609 2.409 2.393
0.01471 0.00000 7.20683 1.4500000477 2.5346016884    1.450  0.580  3.8306  4.294    0  0.000  0.538     0.00     0.00     0.00     0.00     0.00 -1 -1.01e-13      0.00 7.108e-01 2.745e-01 2.619e-03 7.152e-04 6.496e-03 -1.000 1.476e-02 3.320 3.640 3.690 3.298 3.050 2.832 2.582 2.386 2.370
0.01471 0.00000 7.20683 1.4504401684 2.5346407890    1.451  0.581  3.8307  4.294    0  0.000  0.538     0.00     0.00     0.00     0.00     0.00 -1 -1.01e-13      0.00 7.108e-01 2.745e-01 2.619e-03 7.152e-04 6.496e-03 -1.000 1.476e-02 3.318 3.638 3.688 3.296 3.048 2.830 2.581 2.385 2.368
0.01471 0.00000 7.20683 1.5000000000 2.5388846397    1.500  0.668  3.8414  4.264    0  0.000  0.538     0.00     0.00     0.00     0.00     0.00 -1    -1e-13      0.00 7.108e-01 2.744e-01 2.619e-03 7.151e-04 6.495e-03 -1.000 1.476e-02 3.101 3.387 3.430 3.072 2.845 2.646 2.421 2.246 2.231
0.01471 0.00000 7.20683 1.5030202866 2.5391328335    1.503  0.673  3.8422  4.263    0  0.000  0.538     0.00     0.00     0.00     0.00     0.00 -1 -9.98e-14      0.00 7.108e-01 2.744e-01 2.619e-03 7.151e-04 6.495e-03 -1.000 1.476e-02 3.087 3.370 3.413 3.058 2.832 2.635 2.411 2.238 2.223
0.01471 0.00000 7.20683 1.5480908155 2.5427052975    1.548  0.759  3.8589  4.256    0  0.000  0.538     0.00     0.00     0.00     0.00     0.00 -1 -9.33e-14      0.00 7.108e-01 2.744e-01 2.619e-03 7.151e-04 6.495e-03 -1.000 1.476e-02 2.872 3.112 3.141 2.834 2.642 2.473 2.287 2.145 2.133
0.01471 0.00000 7.20683 1.5500000715 2.5428512096    1.550  0.763  3.8598  4.256    0  0.000  0.538     0.00     0.00     0.00     0.00     0.00 -1  -9.3e-14      0.00 7.108e-01 2.744e-01 2.619e-03 7.151e-04 6.495e-03 -1.000 1.476e-02 2.863 3.100 3.129 2.825 2.634 2.467 2.282 2.142 2.130
0.01471 0.00000 7.20683 1.5520845652 2.5430102348    1.552  0.767  3.8607  4.257    0  0.000  0.538     0.00     0.00     0.00     0.00     0.00 -1 -9.23e-14      0.00 7.108e-01 2.744e-01 2.619e-03 7.151e-04 6.495e-03 -1.000 1.476e-02 2.852 3.088 3.116 2.814 2.625 2.460 2.277 2.139 2.126
0.01471 0.00000 7.20683 1.5833495855 2.5453374386    1.583  0.824  3.8769  4.273    0  0.000  0.538     0.00     0.00     0.00     0.00     0.00 -1 -7.95e-14      0.00 7.108e-01 2.744e-01 2.619e-03 7.151e-04 6.495e-03 -1.000 1.476e-02 2.709 2.917 2.927 2.667 2.510 2.373 2.225 2.115 2.105
0.01471 0.00000 7.20683 1.6000000238 2.5465342999    1.600  0.852  3.8857  4.285    0  0.000  0.538     0.00     0.00     0.00     0.00     0.00 -1 -7.28e-14      0.00 7.108e-01 2.744e-01 2.619e-03 7.151e-04 6.495e-03 -1.000 1.476e-02 2.640 2.835 2.835 2.597 2.457 2.337 2.206 2.111 2.102
0.01471 0.00000 7.20683 1.6142224073 2.5475339890    1.614  0.872  3.8920  4.294    0  0.000  0.538     0.00     0.00     0.00     0.00     0.00 -1 -6.16e-14      0.00 7.108e-01 2.744e-01 2.619e-03 7.151e-04 6.495e-03 -1.000 1.476e-02 2.590 2.778 2.770 2.548 2.420 2.311 2.192 2.108 2.099
0.01471 0.00000 7.20683 1.6500000954 2.5499615669    1.649  0.910  3.9028  4.308    0  0.000  0.538     0.00     0.00     0.00     0.00     0.00 -1    -4e-14      0.00 7.108e-01 2.744e-01 2.618e-03 7.150e-04 6.495e-03 -1.000 1.476e-02 2.495 2.671 2.652 2.457 2.350 2.259 2.162 2.094 2.085
0.01471 0.00000 7.20683 1.6551711559 2.5503025055    1.655  0.916  3.9045  4.311    0  0.000  0.538     0.00     0.00     0.00     0.00     0.00 -1 -7.25e-16      0.00 7.108e-01 2.744e-01 2.618e-03 7.150e-04 6.495e-03 -1.000 1.476e-02 2.481 2.655 2.635 2.444 2.341 2.253 2.158 2.093 2.085
0.01471 0.00000 7.20683 1.7000000477 2.5531582832    1.699  0.954  3.9168  4.334    0  0.000  0.538     0.00     0.00     0.00     0.00     0.00 -1    -1e-30      0.00 7.108e-01 2.744e-01 2.618e-03 7.150e-04 6.494e-03 -1.000 1.476e-02 2.386 2.549 2.518 2.359 2.279 2.211 2.139 2.090 2.083
0.01471 0.00000 7.20683 1.7267962694 2.5547840595    1.726  0.974  3.9229  4.345    0  0.000  0.538     0.00     0.00     0.00     0.00     0.00 -1    -1e-30      0.00 7.108e-01 2.744e-01 2.618e-03 7.150e-04 6.494e-03 -1.000 1.476e-02 2.334 2.493 2.458 2.315 2.246 2.188 2.126 2.084 2.078
0.01471 0.00000 7.20683 1.7500000000 2.5561456680    1.749  0.999  3.9282  4.347    0  0.000  0.538     0.00     0.00     0.00     0.00     0.00 -1    -1e-30      0.00 7.108e-01 2.744e-01 2.618e-03 7.150e-04 6.494e-03 -1.000 1.476e-02 2.273 2.427 2.390 2.261 2.201 2.151 2.098 2.063 2.056
0.01471 0.00000 7.20683 1.7999999523 2.5589430332    1.799  1.051  3.9390  4.351    0  0.000  0.538     0.00     0.00     0.00     0.00     0.00 -1    -1e-30      0.00 7.109e-01 2.744e-01 2.618e-03 7.150e-04 6.494e-03 -1.000 1.476e-02 2.144 2.289 2.253 2.153 2.111 2.075 2.039 2.014 2.009
0.01471 0.00000 7.20683 1.8499999046 2.5615673065    1.849  1.099  3.9490  4.354    0  0.000  0.538     0.00     0.00     0.00     0.00     0.00 -1    -1e-30      0.00 7.109e-01 2.744e-01 2.618e-03 7.150e-04 6.494e-03 -1.000 1.476e-02 2.023 2.161 2.135 2.058 2.029 2.006 1.984 1.968 1.965
0.01471 0.00000 7.20683 1.8999999762 2.5640332699    1.899  1.146  3.9587  4.357    0  0.000  0.538     0.00     0.00     0.00     0.00     0.00 -1    -1e-30      0.00 7.109e-01 2.743e-01 2.618e-03 7.149e-04 6.493e-03 -1.000 1.476e-02 1.904 2.036 2.026 1.968 1.951 1.938 1.930 1.922 1.920
0.01471 0.00000 7.20683 1.9500000477 2.5663545132    1.950  1.193  3.9681  4.360    0  0.000  0.538     0.00     0.00     0.00     0.00     0.00 -1    -1e-30      0.00 7.109e-01 2.743e-01 2.618e-03 7.149e-04 6.493e-03 -1.000 1.476e-02 1.788 1.917 1.924 1.885 1.877 1.873 1.877 1.875 1.875
0.01471 0.00000 7.20683 2.0000000000 2.5685424805    2.000  1.237  3.9770  4.362    0  0.000  0.538     0.00     0.00     0.00     0.00     0.00 -1    -1e-30      0.00 7.109e-01 2.743e-01 2.618e-03 7.148e-04 6.493e-03 -1.000 1.476e-02 1.677 1.805 1.832 1.808 1.808 1.812 1.826 1.829 1.831
0.01471 0.00000 7.20683 2.0499999523 2.5706083775    2.050  1.280  3.9853  4.363    0  0.000  0.538     0.00     0.00     0.00     0.00     0.00 -1    -1e-30      0.00 7.109e-01 2.743e-01 2.618e-03 7.148e-04 6.493e-03 -1.000 1.476e-02 1.570 1.700 1.747 1.737 1.743 1.753 1.777 1.785 1.789
0.01471 0.00000 7.20683 2.0999999046 2.5725615025    2.099  1.322  3.9934  4.363    0  0.000  0.538     0.00     0.00     0.00     0.00     0.00 -1    -1e-30      0.00 7.110e-01 2.743e-01 2.618e-03 7.148e-04 6.492e-03 -1.000 1.475e-02 1.464 1.598 1.665 1.667 1.678 1.694 1.728 1.739 1.745
0.01471 0.00000 7.20683 2.1500000954 2.5744106770    2.149  1.363  4.0013  4.364    0  0.000  0.538     0.00     0.00     0.00     0.00     0.00 -1    -1e-30      0.00 7.110e-01 2.743e-01 2.618e-03 7.148e-04 6.492e-03 -1.000 1.476e-02 1.362 1.499 1.587 1.601 1.617 1.638 1.681 1.695 1.703
0.01471 0.00000 7.20683 2.2000000477 2.5761635303    2.199  1.403  4.0089  4.364    0  0.000  0.538     0.00     0.00     0.00     0.00     0.00 -1    -1e-30      0.00 7.110e-01 2.743e-01 2.618e-03 7.148e-04 6.492e-03 -1.000 1.476e-02 1.261 1.403 1.513 1.537 1.557 1.582 1.633 1.651 1.661
0.01471 0.00000 7.20683 2.2500000000 2.5778269768    2.249  1.442  4.0163  4.365    0  0.000  0.538     0.00     0.00     0.00     0.00     0.00 -1    -1e-30      0.00 7.110e-01 2.743e-01 2.618e-03 7.147e-04 6.492e-03 -1.000 1.476e-02 1.164 1.311 1.443 1.476 1.499 1.529 1.588 1.608 1.621
0.01471 0.00000 7.20683 2.2999999523 2.5794074535    2.299  1.480  4.0233  4.365    0  0.000  0.538     0.00     0.00     0.00     0.00     0.00 -1    -1e-30      0.00 7.110e-01 2.743e-01 2.618e-03 7.148e-04 6.492e-03 -1.000 1.476e-02 1.070 1.222 1.375 1.417 1.443 1.476 1.542 1.565 1.580
0.01471 0.00000 7.20683 2.4000000954 2.5823426247    2.399  1.553  4.0366  4.364    0  0.000  0.538     0.00     0.00     0.00     0.00     0.00 -1    -1e-30      0.00 7.110e-01 2.743e-01 2.618e-03 7.147e-04 6.492e-03 -1.000 1.476e-02 0.888 1.053 1.247 1.302 1.333 1.372 1.453 1.480 1.498
0.01471 0.00000 7.20683 2.5999999046 2.5874414444    2.600  1.688  4.0610  4.361    0  0.000  0.538     0.00     0.00     0.00     0.00     0.00 -1    -1e-30      0.00 7.107e-01 2.745e-01 2.620e-03 7.154e-04 6.497e-03 -1.000 1.476e-02 0.550 0.743 1.015 1.091 1.128 1.178 1.283 1.318 1.342
0.01471 0.00000 7.20683 2.7999999523 2.5917119980    2.800  1.813  4.0828  4.356    1  0.000  0.538     0.00     0.00     0.00     0.00     0.00 -1    -1e-30      0.00 7.107e-01 2.745e-01 2.620e-03 7.154e-04 6.497e-03 -1.000 1.476e-02 0.239 0.464 0.804 0.894 0.937 0.994 1.121 1.161 1.191
0.01471 0.00000 7.20683 3.0000000000 2.5953342915    3.000  1.928  4.1026  4.349    1  0.000  0.538     0.00     0.00     0.00     0.00     0.00 -1    -1e-30      0.00 7.107e-01 2.745e-01 2.620e-03 7.154e-04 6.497e-03 -1.000 1.476e-02 -0.050 0.212 0.611 0.713 0.760 0.824 0.968 1.013 1.047
0.01471 0.00000 7.20683 3.2000000477 2.5984411240    3.199  2.035  4.1205  4.342    1  0.000  0.538     0.00     0.00     0.00     0.00     0.00 -1    -1e-30      0.00 7.107e-01 2.745e-01 2.620e-03 7.154e-04 6.497e-03 -1.000 1.476e-02 -0.318 -0.014 0.433 0.546 0.597 0.666 0.825 0.874 0.912
0.01471 0.00000 7.20683 3.2862906456 2.5996479988    3.285  2.080  4.1278  4.338    1  0.000  0.538     0.00     0.00     0.00     0.00     0.00 -1    -1e-30      0.00 7.107e-01 2.745e-01 2.620e-03 7.154e-04 6.497e-03 -1.000 1.476e-02 -0.429 -0.106 0.361 0.477 0.529 0.601 0.766 0.816 0.856
0.01471 0.00000 7.20683 3.4000000954 2.6011312008    3.398  2.136  4.1372  4.334    1  0.000  0.538     0.00     0.00     0.00     0.00     0.00 -1    -1e-30      0.00 7.107e-01 2.745e-01 2.620e-03 7.154e-04 6.497e-03 -1.000 1.476e-02 -0.571 -0.224 0.267 0.389 0.443 0.518 0.690 0.743 0.784
0.01471 0.00000 7.20683 3.5999999046 2.6034805775    3.598  2.231  4.1527  4.326    1  0.000  0.538     0.00     0.00     0.00     0.00     0.00 -1    -1e-30      0.00 7.107e-01 2.745e-01 2.620e-03 7.154e-04 6.497e-03 -1.000 1.476e-02 -0.808 -0.418 0.111 0.240 0.299 0.378 0.562 0.618 0.662
0.01471 0.00000 7.20683 3.7999999523 2.6055479050    3.798  2.320  4.1671  4.318    1  0.000  0.538     0.00     0.00     0.00     0.00     0.00 -1    -1e-30      0.00 7.107e-01 2.745e-01 2.620e-03 7.154e-04 6.497e-03 -1.000 1.476e-02 -1.031 -0.597 -0.035 0.102 0.163 0.247 0.442 0.501 0.547
0.01471 0.00000 7.20683 4.0000000000 2.6073791981    4.001  2.404  4.1802  4.309    1  0.000  0.538     0.00     0.00     0.00     0.00     0.00 -1    -1e-30      0.00 7.107e-01 2.745e-01 2.620e-03 7.154e-04 6.497e-03 -1.000 1.476e-02 -1.241 -0.766 -0.174 -0.031 0.034 0.121 0.325 0.387 0.435
0.01471 0.00000 7.20683 4.1065254211 2.6082713604    4.106  2.448  4.1871  4.304    1  0.000  0.538     0.00     0.00     0.00     0.00     0.00 -1    -1e-30      0.00 7.107e-01 2.745e-01 2.620e-03 7.154e-04 6.497e-03 -1.000 1.476e-02 -1.349 -0.851 -0.245 -0.098 -0.032 0.057 0.266 0.329 0.379
0.01471 0.00000 7.20683 4.1999998093 2.6090114117    4.198  2.485  4.1930  4.300    1  0.000  0.538     0.00     0.00     0.00     0.00     0.00 -1    -1e-30      0.00 7.107e-01 2.745e-01 2.620e-03 7.154e-04 6.497e-03 -1.000 1.476e-02 -1.442 -0.924 -0.306 -0.156 -0.089 0.003 0.216 0.280 0.331
0.01471 0.00000 7.20683 4.4000000954 2.6104743481    4.397  2.561  4.2049  4.291    1  0.000  0.538     0.00     0.00     0.00     0.00     0.00 -1    -1e-30      0.00 7.107e-01 2.745e-01 2.620e-03 7.154e-04 6.497e-03 -1.000 1.476e-02 -1.634 -1.074 -0.433 -0.277 -0.206 -0.111 0.110 0.176 0.229
0.01471 0.00000 7.20683 4.5716023445 2.6116127968    4.569  2.624  4.2145  4.284    1  0.000  0.538     0.00     0.00     0.00     0.00     0.00 -1    -1e-30      0.00 7.107e-01 2.745e-01 2.620e-03 7.154e-04 6.497e-03 -1.000 1.476e-02 -1.791 -1.197 -0.537 -0.376 -0.303 -0.205 0.022 0.090 0.145
0.01471 0.00000 7.20683 4.5999999046 2.6117916107    4.598  2.634  4.2161  4.283    1  0.000  0.538     0.00     0.00     0.00     0.00     0.00 -1    -1e-30      0.00 7.107e-01 2.745e-01 2.620e-03 7.154e-04 6.497e-03 -1.000 1.476e-02 -1.816 -1.217 -0.554 -0.392 -0.319 -0.221 0.008 0.076 0.131
0.01471 0.00000 7.20683 4.8000001907 2.6129837036    4.798  2.705  4.2270  4.275    1  0.000  0.538     0.00     0.00     0.00     0.00     0.00 -1    -1e-30      0.00 7.107e-01 2.745e-01 2.620e-03 7.154e-04 6.497e-03 -1.000 1.476e-02 -1.992 -1.354 -0.670 -0.502 -0.427 -0.325 -0.090 -0.019 0.038
0.01471 0.00000 7.20683 5.0000000000 2.6140668392    4.999  2.771  4.2370  4.265    1  0.000  0.538     0.00     0.00     0.00     0.00     0.00 -1    -1e-30      0.00 7.107e-01 2.745e-01 2.620e-03 7.154e-04 6.497e-03 -1.000 1.476e-02 -2.159 -1.485 -0.782 -0.610 -0.532 -0.427 -0.185 -0.112 -0.054
0.01471 0.00000 7.20683 5.0290684700 2.6142158508    5.028  2.781  4.2384  4.264    1  0.000  0.538     0.00     0.00     0.00     0.00     0.00 -1    -1e-30      0.00 7.107e-01 2.745e-01 2.620e-03 7.154e-04 6.497e-03 -1.000 1.476e-02 -2.182 -1.504 -0.798 -0.626 -0.547 -0.442 -0.199 -0.126 -0.067
0.01471 0.00000 7.20683 5.1999998093 2.6150546074    5.200  2.836  4.2466  4.256    1  0.000  0.538     0.00     0.00     0.00     0.00     0.00 -1    -1e-30      0.00 7.107e-01 2.745e-01 2.620e-03 7.154e-04 6.497e-03 -1.000 1.476e-02 -2.320 -1.611 -0.891 -0.714 -0.634 -0.526 -0.278 -0.203 -0.143
0.01471 0.00000 7.20683 5.3999996185 2.6159586906    5.401  2.898  4.2559  4.247    1  0.000  0.538     0.00     0.00     0.00     0.00     0.00 -1    -1e-30      0.00 7.107e-01 2.745e-01 2.620e-03 7.154e-04 6.497e-03 -1.000 1.476e-02 -2.476 -1.734 -0.997 -0.815 -0.732 -0.622 -0.368 -0.291 -0.229
0.01471 0.00000 7.20683 5.4396066666 2.6161286831    5.440  2.910  4.2576  4.246    1  0.000  0.538     0.00     0.00     0.00     0.00     0.00 -1    -1e-30      0.00 7.107e-01 2.745e-01 2.620e-03 7.154e-04 6.497e-03 -1.000 1.476e-02 -2.506 -1.757 -1.017 -0.835 -0.751 -0.640 -0.385 -0.308 -0.246
0.01471 0.00000 7.20683 5.5999994278 2.6167888641    5.601  2.959  4.2647  4.238    1  0.000  0.538     0.00     0.00     0.00     0.00     0.00 -1    -1e-30      0.00 7.107e-01 2.745e-01 2.620e-03 7.154e-04 6.497e-03 -1.000 1.476e-02 -2.626 -1.852 -1.100 -0.914 -0.828 -0.715 -0.455 -0.377 -0.313
0.01471 0.00000 7.20683 5.6733460426 2.6170766354    5.674  2.980  4.2678  4.235    1  0.000  0.538     0.00     0.00     0.00     0.00     0.00 -1    -1e-30      0.00 7.107e-01 2.745e-01 2.620e-03 7.154e-04 6.497e-03 -1.000 1.476e-02 -2.680 -1.894 -1.136 -0.949 -0.863 -0.749 -0.487 -0.408 -0.344
0.01471 0.00000 7.20683 5.8000001907 2.6175537109    5.801  3.017  4.2731  4.229    1  0.000  0.538     0.00     0.00     0.00     0.00     0.00 -1    -1e-30      0.00 7.107e-01 2.745e-01 2.620e-03 7.154e-04 6.497e-03 -1.000 1.476e-02 -2.772 -1.966 -1.199 -1.009 -0.922 -0.806 -0.541 -0.461 -0.396
0.01471 0.00000 7.20683 5.9090113640 2.6179454327    5.910  3.048  4.2775  4.224    1  0.000  0.538     0.00     0.00     0.00     0.00     0.00 -1    -1e-30      0.00 7.107e-01 2.745e-01 2.620e-03 7.154e-04 6.497e-03 -1.000 1.476e-02 -2.849 -2.027 -1.253 -1.060 -0.972 -0.855 -0.587 -0.506 -0.440
0.01471 0.00000 7.20683 6.0000000000 2.6182601452    6.000  3.073  4.2811  4.220    1  0.000  0.538     0.00     0.00     0.00     0.00     0.00 -1    -1e-30      0.00 7.107e-01 2.745e-01 2.620e-03 7.154e-04 6.497e-03 -1.000 1.476e-02 -2.912 -2.078 -1.297 -1.103 -1.013 -0.895 -0.625 -0.543 -0.477
0.01471 0.00000 7.20683 6.1999998093 2.6189143658    6.200  3.127  4.2888  4.210    1  0.000  0.538     0.00     0.00     0.00     0.00     0.00 -1    -1e-30      0.00 7.107e-01 2.745e-01 2.620e-03 7.154e-04 6.497e-03 -1.000 1.476e-02 -3.049 -2.186 -1.392 -1.195 -1.103 -0.982 -0.708 -0.624 -0.556
0.01471 0.00000 7.20683 6.4000000954 2.6195218563    6.399  3.181  4.2961  4.200    1  0.000  0.538     0.00     0.00     0.00     0.00     0.00 -1    -1e-30      0.00 7.107e-01 2.745e-01 2.620e-03 7.154e-04 6.497e-03 -1.000 1.476e-02 -3.181 -2.293 -1.485 -1.285 -1.191 -1.068 -0.789 -0.704 -0.635
0.01471 0.00000 7.20683 6.7366881371 2.6204512119    6.734  3.266  4.3078  4.183    1  0.000  0.538     0.00     0.00     0.00     0.00     0.00 -1    -1e-30      0.00 7.107e-01 2.745e-01 2.620e-03 7.154e-04 6.497e-03 -1.000 1.476e-02 -3.396 -2.465 -1.638 -1.432 -1.336 -1.209 -0.922 -0.835 -0.763
0.01471 0.00000 7.20683 7.0000000000 2.6211071014    6.996  3.332  4.3164  4.168    1  0.000  0.538     0.00     0.00     0.00     0.00     0.00 -1    -1e-30      0.00 7.107e-01 2.745e-01 2.620e-03 7.154e-04 6.497e-03 -1.000 1.476e-02 -3.560 -2.599 -1.757 -1.547 -1.448 -1.319 -1.027 -0.938 -0.865
0.01471 0.00000 7.20683 7.1756081581 2.6215138435    7.172  3.374  4.3217  4.159    1  0.000  0.538     0.00     0.00     0.00     0.00     0.00 -1    -1e-30      0.00 7.107e-01 2.745e-01 2.620e-03 7.154e-04 6.497e-03 -1.000 1.476e-02 -3.665 -2.684 -1.833 -1.621 -1.521 -1.390 -1.095 -1.004 -0.930
0.01471 0.00000 7.20683 7.5319466591 2.6222724915    7.531  3.457  4.3320  4.138    1  0.000  0.538     0.00     0.00     0.00     0.00     0.00 -1    -1e-30      0.00 7.107e-01 2.745e-01 2.620e-03 7.154e-04 6.497e-03 -1.000 1.476e-02 -3.873 -2.856 -1.987 -1.771 -1.669 -1.534 -1.233 -1.140 -1.064
0.01471 0.00000 7.20683 7.9023380280 2.6229782104    7.903  3.541  4.3420  4.115    1  0.000  0.538     0.00     0.00     0.00     0.00     0.00 -1    -1e-30      0.00 7.107e-01 2.745e-01 2.620e-03 7.154e-04 6.497e-03 -1.000 1.476e-02 -4.083 -3.031 -2.146 -1.925 -1.821 -1.684 -1.376 -1.280 -1.202
0.01471 0.00000 7.20683 8.0000000000 2.6231517792    8.001  3.563  4.3445  4.108    1  0.000  0.538     0.00     0.00     0.00     0.00     0.00 -1    -1e-30      0.00 7.107e-01 2.745e-01 2.620e-03 7.154e-04 6.497e-03 -1.000 1.476e-02 -4.137 -3.077 -2.187 -1.965 -1.861 -1.723 -1.414 -1.318 -1.239
0.01471 0.00000 7.20683 8.0868320465 2.6233022213    8.087  3.582  4.3466  4.103    1  0.000  0.538     0.00     0.00     0.00     0.00     0.00 -1    -1e-30      0.00 7.107e-01 2.745e-01 2.620e-03 7.154e-04 6.497e-03 -1.000 1.476e-02 -4.184 -3.117 -2.223 -2.001 -1.895 -1.757 -1.446 -1.350 -1.271
0.01471 0.00000 7.20683 8.4262733459 2.6238555908    8.424  3.654  4.3544  4.079    1  0.000  0.538     0.00     0.00     0.00     0.00     0.00 -1    -1e-30      0.00 7.107e-01 2.745e-01 2.620e-03 7.154e-04 6.497e-03 -1.000 1.476e-02 -4.365 -3.271 -2.364 -2.138 -2.032 -1.891 -1.576 -1.477 -1.396
0.01471 0.00000 7.20683 8.7376422882 2.6243202686    8.733  3.720  4.3608  4.055    1  0.000  0.538     0.00     0.00     0.00     0.00     0.00 -1    -1e-30      0.00 7.107e-01 2.745e-01 2.620e-03 7.154e-04 6.497e-03 -1.000 1.476e-02 -4.529 -3.414 -2.496 -2.268 -2.160 -2.017 -1.698 -1.598 -1.516
0.01471 0.00000 7.20683 8.9896583557 2.6246693134    8.983  3.772  4.3655  4.033    1  0.000  0.538     0.00     0.00     0.00     0.00     0.00 -1    -1e-30      0.00 7.107e-01 2.745e-01 2.620e-03 7.154e-04 6.497e-03 -1.000 1.476e-02 -4.661 -3.531 -2.604 -2.374 -2.265 -2.122 -1.799 -1.698 -1.615
0.01471 0.00000 7.20683 9.0000000000 2.6246831417    8.995  3.775  4.3657  4.032    1  0.000  0.538     0.00     0.00     0.00     0.00     0.00 -1    -1e-30      0.00 7.107e-01 2.745e-01 2.620e-03 7.154e-04 6.497e-03 -1.000 1.476e-02 -4.666 -3.536 -2.609 -2.378 -2.270 -2.126 -1.804 -1.703 -1.619
0.01471 0.00000 7.20683 9.1390657425 2.6248657703    9.134  3.803  4.3681  4.021    1  0.000  0.538     0.00     0.00     0.00     0.00     0.00 -1    -1e-30      0.00 7.107e-01 2.745e-01 2.620e-03 7.154e-04 6.497e-03 -1.000 1.476e-02 -4.736 -3.598 -2.667 -2.436 -2.327 -2.182 -1.859 -1.757 -1.673
0.01471 0.00000 7.20683 9.4074954987 2.6252007484    9.403  3.856  4.3723  3.996    1  0.000  0.538     0.00     0.00     0.00     0.00     0.00 -1    -1e-30      0.00 7.107e-01 2.745e-01 2.620e-03 7.154e-04 6.497e-03 -1.000 1.476e-02 -4.871 -3.720 -2.781 -2.548 -2.438 -2.293 -1.966 -1.864 -1.779
0.01471 0.00000 7.20683 9.6579532623 2.6254942417    9.655  3.906  4.3757  3.972    1  0.000  0.538     0.00     0.00     0.00     0.00     0.00 -1    -1e-30      0.00 7.107e-01 2.745e-01 2.620e-03 7.154e-04 6.497e-03 -1.000 1.476e-02 -4.995 -3.835 -2.889 -2.655 -2.545 -2.398 -2.070 -1.967 -1.881
0.01471 0.00000 7.20683 9.8925485611 2.6257536411    9.890  3.953  4.3783  3.946    1  0.000  0.538     0.00     0.00     0.00     0.00     0.00 -1    -1e-30      0.00 7.107e-01 2.745e-01 2.620e-03 7.154e-04 6.497e-03 -1.000 1.476e-02 -5.112 -3.945 -2.994 -2.759 -2.648 -2.501 -2.171 -2.067 -1.981
0.01471 0.00000 7.20683 10.0000000000 2.6258678436    9.998  3.974  4.3793  3.933    1  0.000  0.538     0.00     0.00     0.00     0.00     0.00 -1    -1e-30      0.00 7.107e-01 2.745e-01 2.620e-03 7.154e-04 6.497e-03 -1.000 1.476e-02 -5.166 -3.997 -3.044 -2.808 -2.697 -2.550 -2.220 -2.116 -2.029
0.01471 0.00000 7.20683 10.1247463226 2.6259968281   10.123  3.998  4.3803  3.918    1  0.000  0.538     0.00     0.00     0.00     0.00     0.00 -1    -1e-30      0.00 7.107e-01 2.745e-01 2.620e-03 7.154e-04 6.497e-03 -1.000 1.476e-02 -5.226 -4.056 -3.100 -2.864 -2.753 -2.606 -2.274 -2.170 -2.083
0.01471 0.00000 7.20683 10.4223060608 2.6262903214   10.422  4.056  4.3818  3.880    1  0.000  0.538     0.00     0.00     0.00     0.00     0.00 -1    -1e-30      0.00 7.107e-01 2.745e-01 2.620e-03 7.154e-04 6.497e-03 -1.000 1.476e-02 -5.369 -4.198 -3.238 -3.001 -2.890 -2.742 -2.410 -2.305 -2.218
0.01471 0.00000 7.20683 10.6955728531 2.6265432835   10.696  4.108  4.3824  3.841    1  0.000  0.538     0.00     0.00     0.00     0.00     0.00 -1    -1e-30      0.00 7.107e-01 2.745e-01 2.620e-03 7.154e-04 6.497e-03 -1.000 1.476e-02 -5.500 -4.333 -3.369 -3.132 -3.021 -2.873 -2.540 -2.436 -2.348
0.01471 0.00000 7.20683 10.9473476410 2.6267635822   10.949  4.157  4.3817  3.799    1  0.000  0.538     0.00     0.00     0.00     0.00     0.00 -1    -1e-30      0.00 7.107e-01 2.745e-01 2.620e-03 7.154e-04 6.497e-03 -1.000 1.476e-02 -5.623 -4.463 -3.498 -3.261 -3.150 -3.003 -2.670 -2.565 -2.478
0.01471 0.00000 7.20683 11.0000000000 2.6268081665   11.002  4.167  4.3813  3.789    1  0.000  0.538     0.00     0.00     0.00     0.00     0.00 -1    -1e-30      0.00 7.107e-01 2.745e-01 2.620e-03 7.154e-04 6.497e-03 -1.000 1.476e-02 -5.648 -4.491 -3.526 -3.289 -3.179 -3.032 -2.699 -2.594 -2.507
0.01471 0.00000 7.20683 11.1367158890 2.6269218922   11.138  4.193  4.3804  3.765    1  0.000  0.538     0.00     0.00     0.00     0.00     0.00 -1    -1e-30      0.00 7.107e-01 2.745e-01 2.620e-03 7.154e-04 6.497e-03 -1.000 1.476e-02 -5.713 -4.563 -3.597 -3.361 -3.251 -3.104 -2.772 -2.667 -2.580
0.01471 0.00000 7.20683 11.4407491684 2.6271631718   11.442  4.251  4.3766  3.703    1  0.000  0.538     0.00     0.00     0.00     0.00     0.00 -1    -1e-30      0.00 7.107e-01 2.745e-01 2.620e-03 7.154e-04 6.497e-03 -1.000 1.476e-02 -5.858 -4.729 -3.765 -3.530 -3.421 -3.275 -2.945 -2.841 -2.754
0.01471 0.00000 7.20683 11.6967411041 2.6273553371   11.698  4.301  4.3714  3.643    1  0.000  0.538     0.00     0.00     0.00     0.00     0.00 -1    -1e-30      0.00 7.107e-01 2.745e-01 2.620e-03 7.154e-04 6.497e-03 -1.000 1.476e-02 -5.982 -4.878 -3.919 -3.685 -3.577 -3.433 -3.105 -3.002 -2.917
0.01471 0.00000 7.20683 11.9109153748 2.6275088787   11.912  4.343  4.3649  3.583    1  0.000  0.538     0.00     0.00     0.00     0.00     0.00 -1    -1e-30      0.00 7.107e-01 2.745e-01 2.620e-03 7.154e-04 6.497e-03 -1.000 1.476e-02 -6.087 -5.013 -4.061 -3.829 -3.723 -3.580 -3.255 -3.154 -3.069
0.01471 0.00000 7.20683 12.0000000000 2.6275708675   12.001  4.360  4.3617  3.556    1  0.000  0.538     0.00     0.00     0.00     0.00     0.00 -1    -1e-30      0.00 7.107e-01 2.745e-01 2.620e-03 7.154e-04 6.497e-03 -1.000 1.476e-02 -6.131 -5.071 -4.122 -3.891 -3.786 -3.644 -3.321 -3.220 -3.136
0.01471 0.00000 7.20683 12.0054826736 2.6275744438   12.006  4.361  4.3616  3.554    1  0.000  0.538     0.00     0.00     0.00     0.00     0.00 -1 -1.16e-30      0.00 7.107e-01 2.745e-01 2.620e-03 7.154e-04 6.497e-03 -1.000 1.476e-02 -6.133 -5.074 -4.126 -3.895 -3.789 -3.648 -3.325 -3.224 -3.140
0.01471 0.00000 7.20683 12.2168207169 2.6277172565   12.210  4.401  4.3531  3.488    1  0.000  0.538     0.00     0.00     0.00     0.00     0.00 -1 -3.38e-28      0.00 7.107e-01 2.745e-01 2.624e-03 7.155e-04 6.497e-03 -1.000 1.476e-02 -6.232 -5.210 -4.271 -4.043 -3.939 -3.800 -3.481 -3.383 -3.300
0.01471 0.00000 7.20683 12.3827514648 2.6278254986   12.369  4.433  4.3447  3.429    1  0.000  0.539     0.00     0.00     0.00     0.00     0.00 -1  -3.3e-26      0.00 7.107e-01 2.745e-01 2.627e-03 7.156e-04 6.497e-03 -1.000 1.476e-02 -6.312 -5.327 -4.396 -4.172 -4.071 -3.934 -3.620 -3.523 -3.441
0.01471 0.00000 7.20683 12.5413274765 2.6279256344   12.517  4.465  4.3360  3.367    1  0.000  0.540     0.00     0.00     0.00     0.00     0.00 -1 -4.16e-24      0.00 7.107e-01 2.745e-01 2.630e-03 7.156e-04 6.497e-03 -1.000 1.476e-02 -6.391 -5.446 -4.524 -4.303 -4.204 -4.070 -3.761 -3.666 -3.586
0.01471 0.00000 7.20683 12.6815586090 2.6280119419   12.640  4.494  4.3305  3.320    1  0.000  0.540     0.00     0.00     0.00     0.00     0.00 -1 -1.97e-22      0.00 7.107e-01 2.745e-01 2.632e-03 7.157e-04 6.497e-03 -1.000 1.476e-02 -6.465 -5.545 -4.628 -4.409 -4.311 -4.180 -3.873 -3.779 -3.700
0.01471 0.00000 7.20683 12.7203426361 2.6280355453   12.673  4.505  4.3349  3.328    1  0.000  0.540     0.00     0.00     0.00     0.00     0.00 -1 -4.79e-22      0.00 7.107e-01 2.745e-01 2.633e-03 7.157e-04 6.497e-03 -1.000 1.476e-02 -6.492 -5.556 -4.632 -4.411 -4.313 -4.180 -3.871 -3.776 -3.696
0.01471 0.00000 7.20683 12.7723178864 2.6280667782   12.717  4.523  4.3467  3.359    1  0.000  0.541     0.00     0.00     0.00     0.00     0.00 -1 -9.36e-22      0.00 7.107e-01 2.745e-01 2.634e-03 7.157e-04 6.497e-03 -1.000 1.476e-02 -6.536 -5.557 -4.615 -4.391 -4.290 -4.154 -3.838 -3.740 -3.658
0.01471 0.00000 7.20683 12.7828397751 2.6280729771   12.727  4.533  4.3572  3.391    1  0.000  0.541     0.00     0.00     0.00     0.00     0.00 -1 -9.48e-22      0.00 7.107e-01 2.745e-01 2.634e-03 7.157e-04 6.497e-03 -1.000 1.476e-02 -6.562 -5.542 -4.586 -4.358 -4.255 -4.116 -3.794 -3.695 -3.611
0.01471 0.00000 7.20683 12.7885026932 2.6280763149   12.732  4.547  4.3692  3.425    1  0.000  0.541     0.00     0.00     0.00     0.00     0.00 -1  -1.2e-21      0.00 7.107e-01 2.745e-01 2.634e-03 7.158e-04 6.497e-03 -1.000 1.476e-02 -6.598 -5.532 -4.560 -4.327 -4.222 -4.079 -3.751 -3.649 -3.563
0.01471 0.00000 7.20683 12.7907104492 2.6280777454   12.734  4.562  4.3787  3.447    1  0.000  0.541     0.00     0.00     0.00     0.00     0.00 -1 -1.38e-21      0.00 7.107e-01 2.745e-01 2.634e-03 7.158e-04 6.497e-03 -1.000 1.476e-02 -6.635 -5.533 -4.548 -4.312 -4.205 -4.060 -3.726 -3.623 -3.535
0.01471 0.00000 7.20683 12.7921781540 2.6280784607   12.735  4.575  4.3864  3.466    1  0.000  0.541     0.00     0.00     0.00     0.00     0.00 -1 -1.54e-21      0.00 7.107e-01 2.745e-01 2.634e-03 7.158e-04 6.497e-03 -1.000 1.476e-02 -6.667 -5.534 -4.540 -4.301 -4.192 -4.045 -3.707 -3.602 -3.512
0.01471 0.00000 7.20683 12.7931671143 2.6280791759   12.736  4.560  4.3814  3.461    2  0.000  0.541     0.00     0.00     0.00     0.00     0.00 -1 -1.51e-21      0.00 7.107e-01 2.745e-01 2.634e-03 7.158e-04 6.497e-03 -1.000 1.476e-02 -6.629 -5.515 -4.528 -4.291 -4.182 -4.037 -3.702 -3.597 -3.509
0.01471 0.00000 7.20683 12.7941064835 2.6280796528   12.737  4.543  4.3714  3.438    2  0.000  0.541     0.00     0.00     0.00     0.00     0.00 -1 -1.44e-21      0.00 7.107e-01 2.745e-01 2.634e-03 7.158e-04 6.497e-03 -1.000 1.476e-02 -6.588 -5.512 -4.538 -4.304 -4.198 -4.055 -3.725 -3.623 -3.536
0.01471 0.00000 7.20683 12.7948169708 2.6280801296   12.738  4.536  4.3592  3.396    2  0.000  0.541     0.00     0.00     0.00     0.00     0.00 -1 -1.36e-21      0.00 7.107e-01 2.745e-01 2.634e-03 7.158e-04 6.497e-03 -1.000 1.476e-02 -6.569 -5.542 -4.583 -4.354 -4.251 -4.111 -3.788 -3.688 -3.604
0.01471 0.00000 7.20683 12.7953929901 2.6280803680   12.739  4.534  4.3473  3.350    2  0.000  0.541     0.00     0.00     0.00     0.00     0.00 -1 -1.69e-21      0.00 7.107e-01 2.745e-01 2.634e-03 7.158e-04 6.497e-03 -1.000 1.476e-02 -6.566 -5.586 -4.642 -4.418 -4.317 -4.181 -3.864 -3.767 -3.685
0.01471 0.00000 7.20683 12.7960367203 2.6280808449   12.739  4.537  4.3324  3.288    2  0.000  0.541     0.00     0.00     0.00     0.00     0.00 -1 -3.46e-21      0.00 7.107e-01 2.745e-01 2.634e-03 7.158e-04 6.497e-03 -1.000 1.476e-02 -6.571 -5.650 -4.726 -4.507 -4.410 -4.278 -3.969 -3.875 -3.796
0.01471 0.00000 7.20683 12.7966270447 2.6280810833   12.740  4.540  4.3175  3.225    2  0.000  0.541     0.00     0.00     0.00     0.00     0.00 -1 -4.81e-21      0.00 7.107e-01 2.745e-01 2.634e-03 7.158e-04 6.497e-03 -1.000 1.476e-02 -6.581 -5.718 -4.815 -4.601 -4.507 -4.379 -4.079 -3.988 -3.911
0.01471 0.00000 7.20683 12.7970733643 2.6280815601   12.740  4.543  4.3055  3.174    2  0.000  0.541     0.00     0.00     0.00     0.00     0.00 -1 -4.83e-21      0.00 7.107e-01 2.745e-01 2.634e-03 7.158e-04 6.497e-03 -1.000 1.476e-02 -6.588 -5.772 -4.886 -4.676 -4.585 -4.461 -4.168 -4.080 -4.005
0.01471 0.00000 7.20683 12.7974987030 2.6280817986   12.740  4.546  4.2935  3.123    2  0.000  0.541     0.00     0.00     0.00     0.00     0.00 -1 -4.85e-21      0.00 7.107e-01 2.745e-01 2.634e-03 7.158e-04 6.497e-03 -1.000 1.476e-02 -6.596 -5.825 -4.957 -4.751 -4.663 -4.543 -4.257 -4.172 -4.100
0.01471 0.00000 7.20683 12.7979049683 2.6280820370   12.741  4.549  4.2815  3.073    2  0.000  0.541     0.00     0.00     0.00     0.00     0.00 -1 -4.89e-21      0.00 7.107e-01 2.745e-01 2.634e-03 7.158e-04 6.497e-03 -1.000 1.476e-02 -6.602 -5.876 -5.027 -4.825 -4.740 -4.624 -4.345 -4.263 -4.193
0.01471 0.00000 7.20683 12.7983894348 2.6280822754   12.741  4.551  4.2665  3.010    2  0.000  0.541     0.00     0.00     0.00     0.00     0.00 -1  -4.9e-21      0.00 7.107e-01 2.745e-01 2.634e-03 7.158e-04 6.497e-03 -1.000 1.476e-02 -6.608 -5.939 -5.113 -4.917 -4.836 -4.725 -4.456 -4.378 -4.310
0.01471 0.00000 7.20683 12.7988481522 2.6280825138   12.741  4.553  4.2514  2.948    2  0.000  0.541     0.00     0.00     0.00     0.00     0.00 -1  -4.9e-21      0.00 7.107e-01 2.745e-01 2.634e-03 7.158e-04 6.497e-03 -1.000 1.476e-02 -6.613 -6.001 -5.196 -5.007 -4.931 -4.825 -4.566 -4.491 -4.427
0.01471 0.00000 7.20683 12.7991981506 2.6280827522   12.742  4.554  4.2394  2.899    2  0.000  0.541     0.00     0.00     0.00     0.00     0.00 -1 -4.89e-21      0.00 7.107e-01 2.745e-01 2.634e-03 7.158e-04 6.497e-03 -1.000 1.476e-02 -6.615 -6.049 -5.261 -5.078 -5.006 -4.905 -4.653 -4.581 -4.519
0.01471 0.00000 7.20683 12.7995319366 2.6280829906   12.742  4.555  4.2273  2.850    2  0.000  0.541     0.00     0.00     0.00     0.00     0.00 -1 -4.89e-21      0.00 7.107e-01 2.745e-01 2.634e-03 7.158e-04 6.497e-03 -1.000 1.476e-02 -6.616 -6.095 -5.325 -5.148 -5.080 -4.983 -4.739 -4.670 -4.610
0.01471 0.00000 7.20683 12.7998514175 2.6280829906   12.742  4.555  4.2152  2.801    2  0.000  0.541     0.00     0.00     0.00     0.00     0.00 -1 -4.88e-21      0.00 7.107e-01 2.745e-01 2.634e-03 7.158e-04 6.497e-03 -1.000 1.476e-02 -6.617 -6.140 -5.389 -5.217 -5.153 -5.061 -4.825 -4.759 -4.701
0.01471 0.00000 7.20683 12.8001575470 2.6280832291   12.742  4.554  4.2031  2.753    2  0.000  0.541     0.00     0.00     0.00     0.00     0.00 -1 -4.84e-21      0.00 7.107e-01 2.745e-01 2.634e-03 7.158e-04 6.497e-03 -1.000 1.476e-02 -6.616 -6.184 -5.452 -5.286 -5.225 -5.138 -4.909 -4.847 -4.791
0.01471 0.00000 7.20683 12.8004474640 2.6280834675   12.743  4.554  4.1911  2.706    2  0.000  0.541     0.00     0.00     0.00     0.00     0.00 -1 -4.83e-21      0.00 7.107e-01 2.745e-01 2.634e-03 7.158e-04 6.497e-03 -1.000 1.476e-02 -6.614 -6.225 -5.513 -5.353 -5.296 -5.213 -4.993 -4.934 -4.880
0.01471 0.00000 7.20683 12.8007268906 2.6280837059   12.743  4.553  4.1789  2.658    2  0.000  0.541     0.00     0.00     0.00     0.00     0.00 -1  -4.8e-21      0.00 7.107e-01 2.745e-01 2.634e-03 7.158e-04 6.497e-03 -1.000 1.476e-02 -6.612 -6.266 -5.574 -5.420 -5.367 -5.289 -5.076 -5.020 -4.968
0.01471 0.00000 7.20683 12.8009910583 2.6280837059   12.743  4.552  4.1669  2.611    2  0.000  0.541     0.00     0.00     0.00     0.00     0.00 -1 -4.77e-21      0.00 7.107e-01 2.745e-01 2.634e-03 7.158e-04 6.497e-03 -1.000 1.476e-02 -6.609 -6.304 -5.634 -5.485 -5.436 -5.363 -5.159 -5.105 -5.056
0.01471 0.00000 7.20683 12.8012437820 2.6280839443   12.743  4.550  4.1548  2.564    2  0.000  0.541     0.00     0.00     0.00     0.00     0.00 -1 -4.72e-21      0.00 7.107e-01 2.745e-01 2.634e-03 7.158e-04 6.497e-03 -1.000 1.476e-02 -6.606 -6.341 -5.693 -5.550 -5.505 -5.436 -5.241 -5.191 -5.143
0.01471 0.00000 7.20683 12.8014850616 2.6280841827   12.744  4.549  4.1427  2.517    2  0.000  0.541     0.00     0.00     0.00     0.00     0.00 -1 -4.68e-21      0.00 7.107e-01 2.745e-01 2.634e-03 7.158e-04 6.497e-03 -1.000 1.476e-02 -6.602 -6.376 -5.751 -5.614 -5.572 -5.508 -5.322 -5.275 -5.229
0.01471 0.00000 7.20683 12.8017139435 2.6280841827   12.744  4.547  4.1306  2.471    2  0.000  0.541     0.00     0.00     0.00     0.00     0.00 -1 -4.63e-21      0.00 7.107e-01 2.745e-01 2.634e-03 7.158e-04 6.497e-03 -1.000 1.476e-02 -6.597 -6.408 -5.807 -5.676 -5.639 -5.579 -5.402 -5.358 -5.315
0.01471 0.00000 7.20683 12.8019323349 2.6280844212   12.744  4.545  4.1186  2.425    2  0.000  0.541     0.00     0.00     0.00     0.00     0.00 -1 -4.58e-21      0.00 7.107e-01 2.745e-01 2.634e-03 7.158e-04 6.497e-03 -1.000 1.476e-02 -6.592 -6.436 -5.864 -5.738 -5.704 -5.649 -5.480 -5.440 -5.398
0.01471 0.00000 7.20683 12.8021898270 2.6280844212   12.744  4.542  4.1036  2.368    2  0.000  0.541     0.00     0.00     0.00     0.00     0.00 -1 -4.51e-21      0.00 7.107e-01 2.745e-01 2.634e-03 7.158e-04 6.497e-03 -1.000 1.476e-02 -6.584 -6.468 -5.934 -5.815 -5.784 -5.734 -5.578 -5.541 -5.502
0.01471 0.00000 7.20683 12.8024330139 2.6280846596   12.744  4.539  4.0885  2.311    2  0.000  0.541     0.00     0.00     0.00     0.00     0.00 -1 -4.45e-21      0.00 7.107e-01 2.745e-01 2.634e-03 7.158e-04 6.497e-03 -1.000 1.476e-02 -6.576 -6.496 -6.002 -5.889 -5.862 -5.818 -5.675 -5.642 -5.605
0.01471 0.00000 7.20683 12.8026161194 2.6280846596   12.745  4.536  4.0765  2.265    2  0.000  0.541     0.00     0.00     0.00     0.00     0.00 -1  -4.4e-21      0.00 7.107e-01 2.745e-01 2.634e-03 7.158e-04 6.497e-03 -1.000 1.476e-02 -6.570 -6.520 -6.049 -5.944 -5.923 -5.884 -5.750 -5.721 -5.687
0.01471 0.00000 7.20683 12.8027925491 2.6280848980   12.745  4.533  4.0644  2.220    2  0.000  0.541     0.00     0.00     0.00     0.00     0.00 -1 -4.34e-21      0.00 7.107e-01 2.745e-01 2.634e-03 7.158e-04 6.497e-03 -1.000 1.476e-02 -6.563 -6.551 -6.086 -5.994 -5.981 -5.950 -5.826 -5.802 -5.770
0.01471 0.00000 7.20683 12.8029584885 2.6280848980   12.745  4.530  4.0523  2.175    2  0.000  0.541     0.00     0.00     0.00     0.00     0.00 -1 -4.28e-21      0.00 7.107e-01 2.745e-01 2.634e-03 7.158e-04 6.497e-03 -1.000 1.476e-02 -6.555 -6.566 -6.133 -6.048 -6.038 -6.014 -5.900 -5.880 -5.850
0.01471 0.00000 7.20683 12.8031558990 2.6280851364   12.745  4.526  4.0372  2.118    2  0.000  0.541     0.00     0.00     0.00     0.00     0.00 -1 -4.98e-21      0.00 7.107e-01 2.745e-01 2.634e-03 7.158e-04 6.497e-03 -1.000 1.476e-02 -6.546 -6.581 -6.190 -6.113 -6.109 -6.091 -5.991 -5.976 -5.949
0.01471 0.00000 7.20683 12.8033056259 2.6280851364   12.745  4.523  4.0252  2.073    2  0.000  0.541     0.00     0.00     0.00     0.00     0.00 -1 -8.19e-21      0.00 7.107e-01 2.745e-01 2.634e-03 7.158e-04 6.497e-03 -1.000 1.476e-02 -6.538 -6.588 -6.233 -6.164 -6.163 -6.150 -6.063 -6.051 -6.027
0.01471 0.00000 7.20683 12.8034477234 2.6280851364   12.745  4.520  4.0132  2.028    2  0.000  0.541     0.00     0.00     0.00     0.00     0.00 -1 -1.22e-20      0.00 7.107e-01 2.745e-01 2.634e-03 7.158e-04 6.497e-03 -1.000 1.476e-02 -6.530 -6.591 -6.276 -6.212 -6.214 -6.207 -6.133 -6.126 -6.103
0.01471 0.00000 7.20683 12.8035840988 2.6280853748   12.745  4.517  4.0010  1.983    2  0.000  0.541     0.00     0.00     0.00     0.00     0.00 -1  -1.2e-20      0.00 7.107e-01 2.745e-01 2.634e-03 7.158e-04 6.497e-03 -1.000 1.476e-02 -6.522 -6.589 -6.318 -6.260 -6.265 -6.263 -6.203 -6.200 -6.180
0.01471 0.00000 7.20683 12.8037452698 2.6280853748   12.745  4.512  3.9859  1.927    2  0.000  0.541     0.00     0.00     0.00     0.00     0.00 -1 -1.18e-20      0.00 7.107e-01 2.745e-01 2.634e-03 7.158e-04 6.497e-03 -1.000 1.476e-02 -6.511 -6.578 -6.369 -6.318 -6.325 -6.329 -6.289 -6.291 -6.274
0.01471 0.00000 7.20683 12.8038682938 2.6280853748   12.745  4.509  3.9737  1.881    2  0.000  0.541     0.00     0.00     0.00     0.00     0.00 -1 -1.16e-20      0.00 7.107e-01 2.745e-01 2.634e-03 7.158e-04 6.497e-03 -1.000 1.476e-02 -6.502 -6.566 -6.408 -6.362 -6.371 -6.380 -6.357 -6.364 -6.350
0.01471 0.00000 7.20683 12.8039855957 2.6280856133   12.745  4.505  3.9615  1.836    2  0.000  0.541     0.00     0.00     0.00     0.00     0.00 -1 -1.14e-20      0.00 7.107e-01 2.745e-01 2.634e-03 7.158e-04 6.497e-03 -1.000 1.476e-02 -6.493 -6.554 -6.435 -6.401 -6.415 -6.432 -6.425 -6.437 -6.427
0.01471 0.00000 7.20683 12.8040990829 2.6280856133   12.745  4.501  3.9493  1.791    2  0.000  0.541     0.00     0.00     0.00     0.00     0.00 -1 -1.13e-20      0.00 7.107e-01 2.745e-01 2.634e-03 7.158e-04 6.497e-03 -1.000 1.476e-02 -6.483 -6.541 -6.453 -6.435 -6.457 -6.483 -6.492 -6.511 -6.504
0.01471 0.00000 7.20683 12.8042078018 2.6280856133   12.745  4.497  3.9369  1.746    2  0.000  0.541     0.00     0.00     0.00     0.00     0.00 -1 -1.11e-20      0.00 7.107e-01 2.745e-01 2.634e-03 7.158e-04 6.497e-03 -1.000 1.476e-02 -6.473 -6.516 -6.479 -6.470 -6.497 -6.530 -6.559 -6.584 -6.581
0.01471 0.00000 7.20683 12.8043127060 2.6280858517   12.745  4.493  3.9247  1.701    2  0.000  0.541     0.00     0.00     0.00     0.00     0.00 -1  -1.1e-20      0.00 7.107e-01 2.745e-01 2.634e-03 7.158e-04 6.497e-03 -1.000 1.476e-02 -6.463 -6.483 -6.498 -6.500 -6.532 -6.574 -6.624 -6.656 -6.658
0.01471 0.00000 7.20683 12.8044118881 2.6280858517   12.745  4.489  3.9125  1.656    2  0.000  0.541     0.00     0.00     0.00     0.00     0.00 -1 -1.08e-20      0.00 7.107e-01 2.745e-01 2.634e-03 7.158e-04 6.497e-03 -1.000 1.476e-02 -6.452 -6.439 -6.504 -6.522 -6.562 -6.615 -6.687 -6.728 -6.734
0.01471 0.00000 7.20683 12.8045101166 2.6280858517   12.746  4.484  3.9000  1.611    2  0.000  0.541     0.00     0.00     0.00     0.00     0.00 -1 -1.06e-20      0.00 7.107e-01 2.745e-01 2.634e-03 7.158e-04 6.497e-03 -1.000 1.476e-02 -6.441 -6.384 -6.498 -6.536 -6.589 -6.654 -6.750 -6.801 -6.812
0.01471 0.00000 7.20683 12.8045997620 2.6280858517   12.746  4.480  3.8880  1.568    2  0.000  0.541     0.00     0.00     0.00     0.00     0.00 -1 -1.04e-20      0.00 7.107e-01 2.745e-01 2.634e-03 7.158e-04 6.497e-03 -1.000 1.476e-02 -6.429 -6.321 -6.476 -6.541 -6.610 -6.690 -6.811 -6.874 -6.888
0.01471 0.00000 7.20683 12.8047065735 2.6280860901   12.746  4.473  3.8727  1.513    2  0.000  0.541     0.00     0.00     0.00     0.00     0.00 -1 -1.02e-20      0.00 7.107e-01 2.745e-01 2.634e-03 7.158e-04 6.497e-03 -1.000 1.476e-02 -6.414 -6.230 -6.429 -6.537 -6.631 -6.733 -6.886 -6.967 -6.986
0.01471 0.00000 7.20683 12.8047895432 2.6280860901   12.746  4.468  3.8604  1.469    2  0.000  0.541     0.00     0.00     0.00     0.00     0.00 -1    -1e-20      0.00 7.107e-01 2.745e-01 2.634e-03 7.158e-04 6.497e-03 -1.000 1.476e-02 -6.401 -6.151 -6.379 -6.528 -6.646 -6.767 -6.946 -7.044 -7.066
0.01471 0.00000 7.20683 12.8048658371 2.6280860901   12.746  4.463  3.8484  1.426    2  0.000  0.541     0.00     0.00     0.00     0.00     0.00 -1 -9.84e-21      0.00 7.107e-01 2.745e-01 2.634e-03 7.158e-04 6.497e-03 -1.000 1.476e-02 -6.387 -6.069 -6.316 -6.512 -6.656 -6.799 -7.003 -7.120 -7.146
0.01471 0.00000 7.20683 12.8049592972 2.6280860901   12.746  4.456  3.8329  1.371    2  0.000  0.541     0.00     0.00     0.00     0.00     0.00 -1 -9.63e-21      0.00 7.107e-01 2.745e-01 2.634e-03 7.158e-04 6.497e-03 -1.000 1.476e-02 -6.370 -5.952 -6.219 -6.487 -6.668 -6.839 -7.077 -7.219 -7.249
0.01471 0.00000 7.20683 12.8050289154 2.6280860901   12.746  4.450  3.8208  1.329    2  0.000  0.541     0.00     0.00     0.00     0.00     0.00 -1 -9.48e-21      0.00 7.107e-01 2.745e-01 2.634e-03 7.158e-04 6.497e-03 -1.000 1.476e-02 -6.355 -5.852 -6.133 -6.463 -6.673 -6.867 -7.132 -7.296 -7.329
0.01471 0.00000 7.20683 12.8050966263 2.6280863285   12.746  4.444  3.8084  1.285    2  0.000  0.541     0.00     0.00     0.00     0.00     0.00 -1 -9.31e-21      0.00 7.107e-01 2.745e-01 2.634e-03 7.158e-04 6.497e-03 -1.000 1.476e-02 -6.339 -5.733 -6.036 -6.434 -6.676 -6.894 -7.188 -7.376 -7.411
0.01471 0.00000 7.20683 12.8051605225 2.6280863285   12.746  4.437  3.7963  1.244    2  0.000  0.541     0.00     0.00     0.00     0.00     0.00 -1 -9.15e-21      0.00 7.107e-01 2.745e-01 2.634e-03 7.158e-04 6.497e-03 -1.000 1.476e-02 -6.322 -5.608 -5.932 -6.399 -6.674 -6.916 -7.240 -7.452 -7.492
0.01471 0.00000 7.20683 12.8052225113 2.6280863285   12.746  4.430  3.7839  1.201    2  0.000  0.541     0.00     0.00     0.00     0.00     0.00 -1 -8.98e-21      0.00 7.107e-01 2.745e-01 2.634e-03 7.158e-04 6.497e-03 -1.000 1.476e-02 -6.304 -5.453 -5.816 -6.359 -6.669 -6.937 -7.291 -7.529 -7.574
0.01471 0.00000 7.20683 12.8052816391 2.6280863285   12.746  4.422  3.7717  1.160    2  0.000  0.541     0.00     0.00     0.00     0.00     0.00 -1 -8.81e-21      0.00 7.107e-01 2.745e-01 2.634e-03 7.158e-04 6.497e-03 -1.000 1.476e-02 -6.285 -5.267 -5.680 -6.309 -6.660 -6.957 -7.344 -7.612 -7.661
0.01471 0.00000 7.20683 12.8053388596 2.6280863285   12.746  4.414  3.7593  1.119    2  0.000  0.541     0.00     0.00     0.00     0.00     0.00 -1 -8.63e-21      0.00 7.107e-01 2.745e-01 2.634e-03 7.158e-04 6.497e-03 -1.000 1.476e-02 -6.265 -5.077 -5.546 -6.255 -6.643 -6.967 -7.388 -7.684 -7.739
0.01471 0.00000 7.20683 12.8053922653 2.6280863285   12.746  4.405  3.7471  1.079    2  0.000  0.541     0.00     0.00     0.00     0.00     0.00 -1 -8.45e-21      0.00 7.107e-01 2.745e-01 2.634e-03 7.158e-04 6.497e-03 -1.000 1.476e-02 -6.242 -4.853 -5.408 -6.197 -6.620 -6.968 -7.423 -7.750 -7.808
0.01471 0.00000 7.20683 12.8054447174 2.6280863285   12.746  4.395  3.7347  1.039    2  0.000  0.541     0.00     0.00     0.00     0.00     0.00 -1 -8.28e-21      0.00 7.107e-01 2.745e-01 2.634e-03 7.158e-04 6.497e-03 -1.000 1.476e-02 -6.218 -4.565 -5.243 -6.127 -6.592 -6.966 -7.460 -7.820 -7.881
0.01471 0.00000 7.20683 12.8054943085 2.6280865669   12.746  4.385  3.7223  1.000    2  0.000  0.541     0.00     0.00     0.00     0.00     0.00 -1 -8.11e-21      0.00 7.107e-01 2.745e-01 2.634e-03 7.158e-04 6.497e-03 -1.000 1.476e-02 -6.192 -4.324 -5.095 -6.054 -6.553 -6.950 -7.483 -7.876 -7.939
0.01471 0.00000 7.20683 12.8055429459 2.6280865669   12.746  4.374  3.7100  0.962    2  0.000  0.541     0.00     0.00     0.00     0.00     0.00 -1 -7.94e-21      0.00 7.107e-01 2.745e-01 2.634e-03 7.158e-04 6.497e-03 -1.000 1.476e-02 -6.164 -4.072 -4.944 -5.973 -6.506 -6.927 -7.503 -7.931 -7.994
0.01471 0.00000 7.20683 12.8055925369 2.6280865669   12.746  4.361  3.6974  0.924    2  0.000  0.541     0.00     0.00     0.00     0.00     0.00 -1 -7.73e-21      0.00 7.107e-01 2.745e-01 2.634e-03 7.158e-04 6.497e-03 -1.000 1.476e-02 -6.132 -3.791 -4.781 -5.881 -6.447 -6.892 -7.514 -7.978 -8.046
0.01471 0.00000 7.20683 12.8056430817 2.6280865669   12.746  4.345  3.6844  0.888    2  0.000  0.541     0.00     0.00     0.00     0.00     0.00 -1 -7.47e-21      0.00 7.107e-01 2.745e-01 2.634e-03 7.158e-04 6.497e-03 -1.000 1.476e-02 -6.091 -3.484 -4.606 -5.776 -6.375 -6.843 -7.516 -8.014 -8.090
0.01471 0.00000 7.20683 12.8056964874 2.6280865669   12.746  4.326  3.6711  0.854    2  0.000  0.541     0.00     0.00     0.00     0.00     0.00 -1 -7.21e-21      0.00 7.107e-01 2.745e-01 2.634e-03 7.158e-04 6.497e-03 -1.000 1.476e-02 -6.045 -3.226 -4.428 -5.669 -6.295 -6.781 -7.508 -8.029 -8.123
0.01471 0.00000 7.20683 12.8057632446 2.6280865669   12.746  4.301  3.6565  0.820    2  0.000  0.541     0.00     0.00     0.00     0.00     0.00 -1 -6.86e-21      0.00 7.107e-01 2.745e-01 2.634e-03 7.158e-04 6.497e-03 -1.000 1.476e-02 -5.983 -2.882 -4.198 -5.522 -6.181 -6.692 -7.482 -8.026 -8.145
0.01471 0.00000 7.20683 12.8058261871 2.6280865669   12.746  4.274  3.6467  0.809    2  0.000  0.541     0.00     0.00     0.00     0.00     0.00 -1 -6.38e-21      0.00 7.107e-01 2.745e-01 2.634e-03 7.158e-04 6.497e-03 -1.000 1.476e-02 -5.914 -2.557 -4.004 -5.380 -6.068 -6.605 -7.437 -8.008 -8.138
0.01471 0.00000 7.20683 12.8059511185 2.6280868053   12.747  4.233  3.6339  0.798    2  0.000  0.541     0.00     0.00     0.00     0.00     0.00 -1 -5.63e-21      0.00 7.107e-01 2.745e-01 2.634e-03 7.158e-04 6.497e-03 -1.000 1.476e-02 -5.812 -2.114 -3.730 -5.170 -5.900 -6.474 -7.362 -7.972 -8.117
0.01471 0.00000 7.20683 12.8061418533 2.6280868053   12.747  4.196  3.6224  0.790    2  0.000  0.541     0.00     0.00     0.00     0.00     0.00 -1  -5.5e-21      0.00 7.107e-01 2.745e-01 2.634e-03 7.158e-04 6.497e-03 -1.000 1.476e-02 -5.719 -1.709 -3.472 -4.968 -5.740 -6.352 -7.290 -7.937 -8.096
0.01471 0.00000 7.20683 12.8061952591 2.6280868053   12.747  4.189  3.6192  0.783    2  0.000  0.541     0.00     0.00     0.00     0.00     0.00 -1 -5.49e-21      0.00 7.107e-01 2.745e-01 2.634e-03 7.158e-04 6.497e-03 -1.000 1.476e-02 -5.704 -1.603 -3.408 -4.920 -5.704 -6.328 -7.281 -7.939 -8.101
0.01471 0.00000 7.20683 12.8062858582 2.6280870438   12.747  4.223  3.6111  0.716    3  0.000  0.540     0.00     0.00     0.00     0.00     0.00 -1 -5.49e-21      0.00 7.107e-01 2.745e-01 2.630e-03 7.167e-04 6.497e-03 -1.000 1.476e-02 -5.788 -1.437 -3.358 -4.916 -5.734 -6.391 -7.382 -8.064 -8.238
0.01471 0.00000 7.20683 12.8063535690 2.6280870438   12.747  4.269  3.6040  0.643    3  0.000  0.531     0.00     0.00     0.00     0.00     0.00 -1 -5.56e-21      0.00 7.106e-01 2.746e-01 2.589e-03 7.470e-04 6.495e-03 -1.000 1.476e-02 -5.902 -1.327 -3.345 -4.943 -5.792 -6.485 -7.510 -8.213 -8.397
0.01471 0.00000 7.20683 12.8064012527 2.6280870438   12.747  4.319  3.5978  0.568    3  0.000  0.500     0.00     0.00     0.00     0.00     0.00 -1 -5.75e-21      0.00 7.103e-01 2.749e-01 2.438e-03 9.003e-04 6.485e-03 -1.000 1.479e-02 -6.026 -1.253 -3.355 -4.988 -5.865 -6.591 -7.647 -8.368 -8.561
0.01471 0.00000 7.20683 12.8064384460 2.6280870438   12.747  4.366  3.5925  0.499    3  0.000  0.461     0.00     0.00     0.00     0.00     0.00 -1 -6.08e-21      0.00 7.095e-01 2.756e-01 2.236e-03 1.153e-03 6.459e-03 -1.000 1.483e-02 -6.146 -1.203 -3.370 -5.032 -5.936 -6.695 -7.778 -8.514 -8.716
0.01471 0.00000 7.20683 12.8064727783 2.6280870438   12.747  4.412  3.5877  0.434    3  0.000  0.431     0.00     0.00     0.00     0.00     0.00 -1 -6.45e-21      0.00 7.080e-01 2.772e-01 2.069e-03 1.394e-03 6.401e-03 -1.000 1.483e-02 -6.261 -1.163 -3.381 -5.070 -5.999 -6.794 -7.904 -8.652 -8.862
0.01471 0.00000 7.20683 12.8064794540 2.6280870438   12.747  4.422  3.5867  0.420    3  0.000  0.426     0.00     0.00     0.00     0.00     0.00 -1 -6.53e-21      0.00 7.074e-01 2.777e-01 2.036e-03 1.449e-03 6.379e-03 -1.000 1.483e-02 -6.286 -1.156 -3.383 -5.077 -6.012 -6.816 -7.931 -8.682 -8.893
0.01471 0.00000 7.20683 12.8065071106 2.6280870438   12.747  4.463  3.5831  0.365    3  0.000  0.417     0.00     0.00     0.00     0.00     0.00 -1 -7.74e-21      0.00 6.993e-01 2.859e-01 1.925e-03 1.789e-03 6.148e-03 -1.000 1.483e-02 -6.387 -1.141 -3.402 -5.115 -6.071 -6.905 -8.041 -8.801 -9.018
0.01471 0.00000 7.20683 12.8065299988 2.6280870438   12.747  4.491  3.5804  0.326    3  0.000  0.413     0.00     0.00     0.00     0.00     0.00 -1 -8.62e-21      0.00 6.958e-01 2.894e-01 1.875e-03 1.938e-03 6.047e-03 -1.000 1.484e-02 -6.458 -1.126 -3.411 -5.139 -6.110 -6.967 -8.119 -8.885 -9.107
0.01471 0.00000 7.20683 12.8065471649 2.6280870438   12.747  4.509  3.5785  0.300    3  0.000  0.411     0.00     0.00     0.00     0.00     0.00 -1 -9.25e-21      0.00 6.944e-01 2.908e-01 1.854e-03 2.002e-03 6.004e-03 -1.000 1.486e-02 -6.504 -1.119 -3.413 -5.147 -6.129 -7.006 -8.169 -8.940 -9.165
0.01471 0.00000 7.20683 12.8065958023 2.6280870438   12.747  4.544  3.5750  0.252    3  0.000  0.408     0.00     0.00     0.00     0.00     0.00 -1 -1.07e-20      0.00 6.922e-01 2.929e-01 1.820e-03 2.104e-03 5.936e-03 -1.000 1.486e-02 -6.589 -1.107 -3.412 -5.156 -6.161 -7.078 -8.264 -9.043 -9.274
0.01471 0.00000 7.20683 12.8066177368 2.6280870438   12.747  4.555  3.5739  0.236    3  0.000  0.407     0.00     0.00     0.00     0.00     0.00 -1 -1.12e-20      0.00 6.914e-01 2.937e-01 1.806e-03 2.144e-03 5.910e-03 -1.000 1.485e-02 -6.617 -1.104 -3.411 -5.160 -6.172 -7.102 -8.295 -9.077 -9.310
0.01471 0.00000 7.20683 12.8066244125 2.6280870438   12.747  4.561  3.5733  0.228    3  0.000  0.406     0.00     0.00     0.00     0.00     0.00 -1 -1.12e-20      0.00 6.910e-01 2.941e-01 1.798e-03 2.167e-03 5.895e-03 -1.000 1.485e-02 -6.632 -1.102 -3.412 -5.162 -6.178 -7.114 -8.311 -9.094 -9.328
0.01471 0.00000 7.20683 12.8066501617 2.6280870438   12.747  4.584  3.5710  0.195    3  0.000  0.404     0.00     0.00     0.00     0.00     0.00 -1 -1.13e-20      0.00 6.895e-01 2.956e-01 1.770e-03 2.248e-03 5.843e-03 -1.000 1.485e-02 -6.690 -1.097 -3.413 -5.171 -6.202 -7.164 -8.376 -9.164 -9.402
0.01471 0.00000 7.20683 12.8066835403 2.6280872822   12.747  4.612  3.5682  0.157    3  0.000  0.401     0.00     0.00     0.00     0.00     0.00 -1 -1.13e-20      0.00 6.883e-01 2.968e-01 1.747e-03 2.313e-03 5.801e-03 -1.000 1.481e-02 -6.760 -1.094 -3.408 -5.171 -6.222 -7.221 -8.453 -9.247 -9.490
0.01471 0.00000 7.20683 12.8067150116 2.6280872822   12.747  4.634  3.5660  0.125    3  0.000  0.400     0.00     0.00     0.00     0.00     0.00 -1 -1.14e-20      0.00 6.876e-01 2.976e-01 1.733e-03 2.352e-03 5.775e-03 -1.000 1.486e-02 -6.815 -1.093 -3.401 -5.167 -6.235 -7.266 -8.515 -9.314 -9.560
0.01471 0.00000 7.20683 12.8067646027 2.6280872822   12.747  4.659  3.5635  0.091    3  0.000  0.399     0.00     0.00     0.00     0.00     0.00 -1 -1.15e-20      0.00 6.870e-01 2.982e-01 1.721e-03 2.388e-03 5.753e-03 -1.000 1.484e-02 -6.877 -1.092 -3.393 -5.161 -6.249 -7.316 -8.583 -9.388 -9.638
0.01471 0.00000 7.20683 12.8068428040 2.6280872822   12.747  4.681  3.5611  0.059    3  0.000  0.398     0.00     0.00     0.00     0.00     0.00 -1 -1.17e-20      0.00 6.864e-01 2.987e-01 1.711e-03 2.417e-03 5.734e-03 -1.000 1.482e-02 -6.933 -1.089 -3.383 -5.154 -6.260 -7.361 -8.646 -9.456 -9.710
0.01471 0.00000 7.20683 12.8070697784 2.6280872822   12.747  4.706  3.5585  0.024    3  0.000  0.397     0.00     0.00     0.00     0.00     0.00 -1 -1.21e-20      0.00 6.858e-01 2.994e-01 1.699e-03 2.449e-03 5.712e-03 -1.000 1.486e-02 -6.994 -1.087 -3.366 -5.134 -6.264 -7.407 -8.715 -9.530 -9.789
0.01471 0.00000 7.20683 12.8083906174 2.6280882359   12.748  4.732  3.5557 -0.014    3  0.000  0.395     0.00     0.00     0.00     0.00     0.00 -1 -1.28e-20      0.00 6.844e-01 3.008e-01 1.682e-03 2.505e-03 5.673e-03 -1.000 1.483e-02 -7.060 -1.085 -3.338 -5.102 -6.261 -7.454 -8.789 -9.610 -9.874
0.01471 0.00000 7.20683 12.8121700287 2.6280903816   12.750  4.753  3.5535 -0.043    3  0.000  0.395     0.00     0.00     0.00     0.00     0.00 -1 -1.48e-20      0.00 6.807e-01 3.044e-01 1.659e-03 2.594e-03 5.603e-03 -1.000 1.486e-02 -7.112 -1.086 -3.320 -5.080 -6.261 -7.492 -8.848 -9.673 -9.940
0.01471 0.00000 7.20683 12.8234491348 2.6280970573   12.756  4.744  3.5547 -0.030    3  0.000  0.395     0.00     0.00     0.00     0.00     0.00 -1 -1.98e-20      0.00 6.806e-01 3.045e-01 1.659e-03 2.596e-03 5.602e-03 -1.000 1.486e-02 -7.090 -1.089 -3.334 -5.097 -6.266 -7.478 -8.823 -9.645 -9.911
0.01471 0.00000 7.20683 12.8597755432 2.6281185150   12.774  4.707  3.5592  0.026    4  0.000  0.395     0.00     0.00     0.00     0.00     0.00 -1 -5.01e-20      0.00 6.804e-01 3.047e-01 1.658e-03 2.601e-03 5.598e-03 -1.000 1.486e-02 -6.999 -1.101 -3.389 -5.161 -6.284 -7.415 -8.717 -9.531 -9.789
0.01471 0.00000 7.20683 12.8871974945 2.6281347275   12.788  4.673  3.5634  0.077    4  0.000  0.395     0.00     0.00     0.00     0.00     0.00 -1 -9.93e-20      0.00 6.803e-01 3.049e-01 1.657e-03 2.605e-03 5.595e-03 -1.000 1.486e-02 -6.912 -1.115 -3.422 -5.193 -6.282 -7.351 -8.619 -9.424 -9.675
0.01471 0.00000 7.20683 12.9185552597 2.6281528473   12.806  4.636  3.5681  0.134    4  0.000  0.395     0.00     0.00     0.00     0.00     0.00 -1 -2.15e-19      0.00 6.801e-01 3.050e-01 1.657e-03 2.609e-03 5.591e-03 -1.000 1.486e-02 -6.819 -1.133 -3.457 -5.226 -6.279 -7.280 -8.514 -9.307 -9.551
0.01471 0.00000 7.20683 12.9562292099 2.6281747818   12.829  4.603  3.5727  0.186    4  0.000  0.395     0.00     0.00     0.00     0.00     0.00 -1 -5.54e-19      0.00 6.799e-01 3.052e-01 1.656e-03 2.614e-03 5.587e-03 -1.000 1.486e-02 -6.737 -1.161 -3.490 -5.251 -6.273 -7.217 -8.420 -9.202 -9.438
0.01471 0.00000 7.20683 13.0393972397 2.6282224655   12.879  4.573  3.5791  0.243    4  0.000  0.395     0.00     0.00     0.00     0.00     0.00 -1 -4.86e-18      0.00 6.795e-01 3.057e-01 1.654e-03 2.625e-03 5.578e-03 -1.000 1.486e-02 -6.663 -1.237 -3.565 -5.313 -6.297 -7.168 -8.330 -9.095 -9.322
0.01471 0.00000 7.20683 13.0999279022 2.6282567978   12.913  4.567  3.5823  0.263    4  0.000  0.395     0.00     0.00     0.00     0.00     0.00 -1 -2.41e-17      0.00 6.791e-01 3.060e-01 1.652e-03 2.633e-03 5.572e-03 -1.000 1.486e-02 -6.648 -1.297 -3.617 -5.356 -6.323 -7.165 -8.309 -9.064 -9.286
0.01471 0.00000 7.20683 13.1280632019 2.6282727718   12.926  4.571  3.5835  0.264    5  0.000  0.395     0.00     0.00     0.00     0.00     0.00 -1 -5.18e-17      0.00 6.790e-01 3.062e-01 1.652e-03 2.637e-03 5.569e-03 -1.000 1.486e-02 -6.658 -1.330 -3.648 -5.386 -6.347 -7.180 -8.317 -9.068 -9.289
0.01471 0.00000 7.20683 13.1704893112 2.6282963753   12.943  4.592  3.5874  0.260    5  0.000  0.395     0.00     0.00     0.00     0.00     0.00 -1 -1.74e-16      0.00 6.788e-01 3.064e-01 1.651e-03 2.642e-03 5.565e-03 -1.000 1.486e-02 -6.709 -1.449 -3.767 -5.498 -6.442 -7.244 -8.361 -9.099 -9.315
0.01471 0.00000 7.20683 13.1748905182 2.6282987595   12.944  4.610  3.5902  0.253    5  0.000  0.395     0.00     0.00     0.00     0.00     0.00 -1 -2.12e-16      0.00 6.787e-01 3.064e-01 1.651e-03 2.643e-03 5.564e-03 -1.000 1.486e-02 -6.754 -1.541 -3.860 -5.588 -6.519 -7.299 -8.402 -9.129 -9.342
0.01471 0.00000 7.20683 13.1767377853 2.6282999516   12.945  4.625  3.5935  0.251    5  0.000  0.395     0.00     0.00     0.00     0.00     0.00 -1 -2.42e-16      0.00 6.787e-01 3.064e-01 1.650e-03 2.643e-03 5.564e-03 -1.000 1.486e-02 -6.792 -1.649 -3.955 -5.672 -6.589 -7.348 -8.435 -9.151 -9.359
0.01471 0.00000 7.20683 13.1776685715 2.6283004284   12.945  4.638  3.6002  0.264    5  0.000  0.395     0.00     0.00     0.00     0.00     0.00 -1 -2.67e-16      0.00 6.787e-01 3.064e-01 1.650e-03 2.643e-03 5.564e-03 -1.000 1.486e-02 -6.826 -1.839 -4.104 -5.799 -6.685 -7.404 -8.458 -9.151 -9.351
0.01471 0.00000 7.20683 13.1780319214 2.6283006668   12.945  4.645  3.6091  0.294    5  0.000  0.395     0.00     0.00     0.00     0.00     0.00 -1 -2.88e-16      0.00 6.787e-01 3.064e-01 1.650e-03 2.643e-03 5.564e-03 -1.000 1.486e-02 -6.842 -2.096 -4.272 -5.924 -6.772 -7.446 -8.458 -9.123 -9.310
0.01471 0.00000 7.20683 13.1782484055 2.6283006668   12.945  4.647  3.6188  0.330    5  0.000  0.395     0.00     0.00     0.00     0.00     0.00 -1 -2.98e-16      0.00 6.787e-01 3.064e-01 1.650e-03 2.643e-03 5.564e-03 -1.000 1.486e-02 -6.849 -2.389 -4.440 -6.041 -6.848 -7.482 -8.448 -9.082 -9.256
0.01471 0.00000 7.20683 13.1784639359 2.6283009052   12.945  4.649  3.6317  0.380    5  0.000  0.395     0.00     0.00     0.00     0.00     0.00 -1  -3.1e-16      0.00 6.787e-01 3.064e-01 1.650e-03 2.644e-03 5.564e-03 -1.000 1.486e-02 -6.853 -2.789 -4.647 -6.176 -6.933 -7.520 -8.427 -9.023 -9.180
0.01471 0.00000 7.20683 13.1787042618 2.6283009052   12.945  4.650  3.6478  0.444    5  0.000  0.395     0.00     0.00     0.00     0.00     0.00 -1 -3.25e-16      0.00 6.787e-01 3.064e-01 1.650e-03 2.644e-03 5.564e-03 -1.000 1.486e-02 -6.855 -3.292 -4.887 -6.319 -7.019 -7.557 -8.392 -8.944 -9.079
0.01471 0.00000 7.20683 13.1789731979 2.6283011436   12.945  4.650  3.6647  0.511    5  0.000  0.395     0.00     0.00     0.00     0.00     0.00 -1 -3.41e-16      0.00 6.787e-01 3.064e-01 1.650e-03 2.644e-03 5.564e-03 -1.000 1.486e-02 -6.854 -3.786 -5.125 -6.439 -7.088 -7.586 -8.345 -8.865 -8.974
0.01471 0.00000 7.20683 13.1792755127 2.6283013821   12.944  4.650  3.6811  0.577    5  0.000  0.395     0.00     0.00     0.00     0.00     0.00 -1 -3.59e-16      0.00 6.787e-01 3.064e-01 1.650e-03 2.644e-03 5.564e-03 -1.000 1.486e-02 -6.855 -4.180 -5.333 -6.527 -7.131 -7.605 -8.292 -8.789 -8.872
0.01471 0.00000 7.20683 13.1796112061 2.6283013821   12.944  4.650  3.6969  0.640    5  0.000  0.395     0.00     0.00     0.00     0.00     0.00 -1 -3.78e-16      0.00 6.787e-01 3.064e-01 1.650e-03 2.644e-03 5.564e-03 -1.000 1.486e-02 -6.855 -4.513 -5.504 -6.606 -7.169 -7.616 -8.239 -8.697 -8.768
0.01471 0.00000 7.20683 13.1799888611 2.6283016205   12.944  4.650  3.7123  0.701    5  0.000  0.395     0.00     0.00     0.00     0.00     0.00 -1 -3.98e-16      0.00 6.787e-01 3.064e-01 1.650e-03 2.644e-03 5.564e-03 -1.000 1.486e-02 -6.855 -4.812 -5.664 -6.678 -7.200 -7.618 -8.183 -8.598 -8.664
0.01471 0.00000 7.20683 13.1804094315 2.6283018589   12.944  4.650  3.7270  0.760    5  0.000  0.395     0.00     0.00     0.00     0.00     0.00 -1 -4.15e-16      0.00 6.787e-01 3.064e-01 1.650e-03 2.644e-03 5.564e-03 -1.000 1.486e-02 -6.854 -5.074 -5.812 -6.740 -7.221 -7.610 -8.125 -8.498 -8.562
0.01471 0.00000 7.20683 13.1808805466 2.6283020973   12.944  4.649  3.7409  0.817    5  0.000  0.395     0.00     0.00     0.00     0.00     0.00 -1 -4.38e-16      0.00 6.787e-01 3.064e-01 1.650e-03 2.644e-03 5.564e-03 -1.000 1.486e-02 -6.852 -5.293 -5.942 -6.788 -7.233 -7.595 -8.068 -8.404 -8.466
0.01471 0.00000 7.20683 13.1814069748 2.6283025742   12.943  4.648  3.7539  0.870    5  0.000  0.395     0.00     0.00     0.00     0.00     0.00 -1 -4.59e-16      0.00 6.787e-01 3.064e-01 1.650e-03 2.644e-03 5.564e-03 -1.000 1.486e-02 -6.850 -5.557 -6.084 -6.830 -7.231 -7.565 -7.998 -8.300 -8.357
0.01471 0.00000 7.20683 13.1819953918 2.6283028126   12.943  4.647  3.7657  0.918    5  0.000  0.395     0.00     0.00     0.00     0.00     0.00 -1 -4.76e-16      0.00 6.787e-01 3.064e-01 1.650e-03 2.644e-03 5.563e-03 -1.000 1.486e-02 -6.847 -5.723 -6.188 -6.859 -7.227 -7.537 -7.938 -8.214 -8.267
0.01471 0.00000 7.20683 13.1826543808 2.6283030510   12.942  4.645  3.7759  0.960    5  0.000  0.395     0.00     0.00     0.00     0.00     0.00 -1 -4.95e-16      0.00 6.787e-01 3.064e-01 1.650e-03 2.644e-03 5.563e-03 -1.000 1.486e-02 -6.843 -5.865 -6.285 -6.885 -7.219 -7.503 -7.877 -8.127 -8.176
0.01471 0.00000 7.20683 13.1833906174 2.6283035278   12.941  4.644  3.7844  0.996    5  0.000  0.395     0.00     0.00     0.00     0.00     0.00 -1 -5.16e-16      0.00 6.787e-01 3.064e-01 1.650e-03 2.644e-03 5.563e-03 -1.000 1.486e-02 -6.840 -5.978 -6.362 -6.901 -7.207 -7.472 -7.823 -8.055 -8.101
0.01471 0.00000 7.20683 13.1842136383 2.6283040047   12.940  4.643  3.7913  1.024    5  0.000  0.395     0.00     0.00     0.00     0.00     0.00 -1 -5.33e-16      0.00 6.787e-01 3.064e-01 1.650e-03 2.644e-03 5.563e-03 -1.000 1.486e-02 -6.837 -6.059 -6.416 -6.911 -7.196 -7.447 -7.781 -7.998 -8.042
0.01471 0.00000 7.20683 13.1851348877 2.6283044815   12.939  4.642  3.7967  1.047    5  0.000  0.395     0.00     0.00     0.00     0.00     0.00 -1 -5.53e-16      0.00 6.787e-01 3.065e-01 1.650e-03 2.644e-03 5.563e-03 -1.000 1.486e-02 -6.834 -6.113 -6.456 -6.917 -7.187 -7.427 -7.747 -7.954 -7.995
0.01471 0.00000 7.20683 13.1873159409 2.6283056736   12.937  4.640  3.8042  1.078    5  0.000  0.395     0.00     0.00     0.00     0.00     0.00 -1 -5.93e-16      0.00 6.787e-01 3.065e-01 1.650e-03 2.645e-03 5.563e-03 -1.000 1.486e-02 -6.831 -6.180 -6.509 -6.925 -7.175 -7.399 -7.702 -7.893 -7.931
0.01471 0.00000 7.20683 13.1912088394 2.6283078194   12.937  4.640  3.8102  1.102    5  0.000  0.395     0.00     0.00     0.00     0.00     0.00 -1 -2.03e-16      0.00 6.787e-01 3.065e-01 1.650e-03 2.645e-03 5.562e-03 -1.000 1.486e-02 -6.831 -6.238 -6.553 -6.933 -7.166 -7.379 -7.667 -7.846 -7.883
0.01471 0.00000 7.20683 13.1996021271 2.6283125877   12.941  4.642  3.8176  1.130    5  0.000  0.395     0.00     0.00     0.00     0.00     0.00 -1 -2.59e-16      0.00 6.786e-01 3.065e-01 1.650e-03 2.646e-03 5.562e-03 -1.000 1.486e-02 -6.836 -6.308 -6.608 -6.945 -7.158 -7.357 -7.628 -7.794 -7.828
0.01471 0.00000 7.20683 13.2101297379 2.6283183098   12.947  4.645  3.8250  1.157    5  0.000  0.395     0.00     0.00     0.00     0.00     0.00 -1 -3.49e-16      0.00 6.785e-01 3.066e-01 1.650e-03 2.648e-03 5.561e-03 -1.000 1.486e-02 -6.842 -6.372 -6.660 -6.958 -7.153 -7.337 -7.591 -7.744 -7.777
0.01471 0.00000 7.20683 13.2310562134 2.6283299923   12.957  4.649  3.8346  1.191    5  0.000  0.396     0.00     0.00     0.00     0.00     0.00 -1 -6.21e-16      0.00 6.784e-01 3.067e-01 1.649e-03 2.650e-03 5.558e-03 -1.000 1.486e-02 -6.854 -6.454 -6.726 -6.976 -7.147 -7.314 -7.546 -7.682 -7.712
0.01471 0.00000 7.20683 13.2395944595 2.6283347607   12.961  4.651  3.8369  1.199    5  0.000  0.396     0.00     0.00     0.00     0.00     0.00 -1 -7.79e-16      0.00 6.784e-01 3.067e-01 1.649e-03 2.652e-03 5.557e-03 -1.000 1.486e-02 -6.858 -6.474 -6.742 -6.981 -7.147 -7.310 -7.537 -7.669 -7.699
0.01471 0.00000 7.20683 13.2710475922 2.6283519268   12.976  4.657  3.8374  1.196    6  0.000  0.396     0.00     0.00     0.00     0.00     0.00 -1 -1.76e-15      0.00 6.782e-01 3.069e-01 1.648e-03 2.656e-03 5.554e-03 -1.000 1.486e-02 -6.872 -6.491 -6.758 -6.995 -7.160 -7.321 -7.547 -7.679 -7.708
0.01471 0.00000 7.20683 13.2880210876 2.6283612251   12.984  4.659  3.8342  1.181    6  0.000  0.396     0.00     0.00     0.00     0.00     0.00 -1 -2.71e-15      0.00 6.781e-01 3.070e-01 1.648e-03 2.658e-03 5.552e-03 -1.000 1.486e-02 -6.878 -6.476 -6.748 -7.000 -7.172 -7.340 -7.573 -7.709 -7.740
0.01471 0.00000 7.20683 13.3010864258 2.6283683777   12.991  4.661  3.8304  1.164    6  0.000  0.396     0.00     0.00     0.00     0.00     0.00 -1 -3.76e-15      0.00 6.781e-01 3.071e-01 1.648e-03 2.660e-03 5.551e-03 -1.000 1.486e-02 -6.883 -6.455 -6.734 -7.003 -7.184 -7.358 -7.600 -7.743 -7.774
0.01471 0.00000 7.20683 13.3122625351 2.6283743382   12.996  4.663  3.8265  1.147    6  0.000  0.396     0.00     0.00     0.00     0.00     0.00 -1 -4.98e-15      0.00 6.780e-01 3.071e-01 1.647e-03 2.661e-03 5.550e-03 -1.000 1.486e-02 -6.887 -6.429 -6.715 -7.004 -7.194 -7.376 -7.626 -7.776 -7.808
0.01471 0.00000 7.20683 13.3210525513 2.6283791065   12.989  4.664  3.8222  1.129    6  0.000  0.396     0.00     0.00     0.00     0.00     0.00 -1 -2.28e-14      0.00 6.780e-01 3.072e-01 1.647e-03 2.662e-03 5.549e-03 -1.000 1.486e-02 -6.889 -6.398 -6.691 -7.002 -7.204 -7.394 -7.654 -7.812 -7.845
0.01471 0.00000 7.20683 13.3276700974 2.6283826828   12.980  4.664  3.8176  1.109    6  0.000  0.396     0.00     0.00     0.00     0.00     0.00 -1 -2.69e-14      0.00 6.779e-01 3.072e-01 1.647e-03 2.663e-03 5.548e-03 -1.000 1.486e-02 -6.891 -6.363 -6.664 -7.000 -7.213 -7.412 -7.683 -7.849 -7.883
0.01471 0.00000 7.20683 13.3349962234 2.6283867359   12.971  4.665  3.8120  1.086    6  0.000  0.396     0.00     0.00     0.00     0.00     0.00 -1  -3.2e-14      0.00 6.779e-01 3.072e-01 1.647e-03 2.664e-03 5.548e-03 -1.000 1.486e-02 -6.893 -6.317 -6.629 -6.997 -7.224 -7.433 -7.717 -7.894 -7.929
0.01471 0.00000 7.20683 13.3403196335 2.6283895969   12.964  4.666  3.8075  1.067    6  0.000  0.396     0.00     0.00     0.00     0.00     0.00 -1 -3.65e-14      0.00 6.779e-01 3.073e-01 1.647e-03 2.665e-03 5.547e-03 -1.000 1.486e-02 -6.894 -6.274 -6.598 -6.994 -7.234 -7.451 -7.746 -7.930 -7.967
0.01471 0.00000 7.20683 13.3463449478 2.6283929348   12.957  4.667  3.8020  1.044    6  0.000  0.396     0.00     0.00     0.00     0.00     0.00 -1 -4.25e-14      0.00 6.778e-01 3.073e-01 1.646e-03 2.665e-03 5.546e-03 -1.000 1.486e-02 -6.897 -6.226 -6.560 -6.989 -7.244 -7.473 -7.780 -7.975 -8.014
0.01471 0.00000 7.20683 13.3513469696 2.6283955574   12.951  4.668  3.7971  1.023    6  0.000  0.396     0.00     0.00     0.00     0.00     0.00 -1 -4.76e-14      0.00 6.778e-01 3.073e-01 1.646e-03 2.666e-03 5.546e-03 -1.000 1.486e-02 -6.900 -6.181 -6.525 -6.984 -7.252 -7.491 -7.811 -8.016 -8.057
0.01471 0.00000 7.20683 13.3569898605 2.6283986568   12.944  4.669  3.7909  0.997    6  0.000  0.396     0.00     0.00     0.00     0.00     0.00 -1 -5.48e-14      0.00 6.778e-01 3.074e-01 1.646e-03 2.667e-03 5.545e-03 -1.000 1.486e-02 -6.902 -6.118 -6.479 -6.976 -7.262 -7.513 -7.848 -8.066 -8.110
0.01471 0.00000 7.20683 13.3612184525 2.6284008026   12.940  4.670  3.7858  0.975    6  0.000  0.396     0.00     0.00     0.00     0.00     0.00 -1 -6.08e-14      0.00 6.778e-01 3.074e-01 1.646e-03 2.667e-03 5.545e-03 -1.000 1.486e-02 -6.904 -6.059 -6.439 -6.969 -7.270 -7.532 -7.879 -8.107 -8.153
0.01471 0.00000 7.20683 13.3658924103 2.6284034252   12.934  4.670  3.7796  0.950    6  0.000  0.396     0.00     0.00     0.00     0.00     0.00 -1 -6.74e-14      0.00 6.777e-01 3.074e-01 1.646e-03 2.668e-03 5.544e-03 -1.000 1.486e-02 -6.906 -5.980 -6.387 -6.959 -7.280 -7.554 -7.917 -8.157 -8.205
0.01471 0.00000 7.20683 13.3698759079 2.6284055710   12.930  4.671  3.7738  0.926    6  0.000  0.396     0.00     0.00     0.00     0.00     0.00 -1 -7.42e-14      0.00 6.777e-01 3.074e-01 1.646e-03 2.669e-03 5.544e-03 -1.000 1.486e-02 -6.908 -5.898 -6.329 -6.944 -7.284 -7.574 -7.953 -8.208 -8.258
0.01471 0.00000 7.20683 13.3740072250 2.6284077168   12.926  4.672  3.7673  0.899    6  0.000  0.396     0.00     0.00     0.00     0.00     0.00 -1  -8.1e-14      0.00 6.777e-01 3.074e-01 1.646e-03 2.669e-03 5.543e-03 -1.000 1.486e-02 -6.909 -5.806 -6.265 -6.926 -7.289 -7.595 -7.992 -8.263 -8.316
0.01471 0.00000 7.20683 13.3780221939 2.6284098625   12.923  4.672  3.7604  0.871    6  0.000  0.396     0.00     0.00     0.00     0.00     0.00 -1 -8.93e-14      0.00 6.777e-01 3.075e-01 1.646e-03 2.670e-03 5.543e-03 -1.000 1.486e-02 -6.910 -5.710 -6.203 -6.909 -7.292 -7.613 -8.028 -8.315 -8.370
0.01471 0.00000 7.20683 13.3818521500 2.6284120083   12.919  4.672  3.7530  0.841    6  0.000  0.396     0.00     0.00     0.00     0.00     0.00 -1 -9.67e-14      0.00 6.776e-01 3.075e-01 1.646e-03 2.670e-03 5.543e-03 -1.000 1.486e-02 -6.911 -5.601 -6.137 -6.889 -7.292 -7.628 -8.063 -8.367 -8.424
0.01471 0.00000 7.20683 13.3854818344 2.6284139156   12.916  4.672  3.7451  0.809    6  0.000  0.396     0.00     0.00     0.00     0.00     0.00 -1 -1.04e-13      0.00 6.776e-01 3.075e-01 1.646e-03 2.671e-03 5.542e-03 -1.000 1.486e-02 -6.911 -5.448 -6.052 -6.863 -7.292 -7.645 -8.103 -8.427 -8.488
0.01471 0.00000 7.20683 13.3889131546 2.6284158230   12.914  4.673  3.7366  0.775    6  0.000  0.396     0.00     0.00     0.00     0.00     0.00 -1 -1.12e-13      0.00 6.776e-01 3.075e-01 1.645e-03 2.671e-03 5.542e-03 -1.000 1.486e-02 -6.911 -5.284 -5.961 -6.833 -7.289 -7.659 -8.144 -8.490 -8.554
0.01471 0.00000 7.20683 13.3921537399 2.6284174919   12.911  4.672  3.7273  0.738    6  0.000  0.396     0.00     0.00     0.00     0.00     0.00 -1 -1.19e-13      0.00 6.776e-01 3.075e-01 1.645e-03 2.671e-03 5.542e-03 -1.000 1.486e-02 -6.911 -5.137 -5.873 -6.798 -7.279 -7.667 -8.181 -8.551 -8.616
0.01471 0.00000 7.20683 13.3952102661 2.6284191608   12.909  4.672  3.7170  0.697    6  0.000  0.396     0.00     0.00     0.00     0.00     0.00 -1 -1.24e-13      0.00 6.776e-01 3.076e-01 1.645e-03 2.672e-03 5.541e-03 -1.000 1.486e-02 -6.910 -4.952 -5.767 -6.754 -7.263 -7.672 -8.221 -8.621 -8.687
0.01471 0.00000 7.20683 13.3966712952 2.6284198761   12.908  4.672  3.7113  0.674    6  0.000  0.396     0.00     0.00     0.00     0.00     0.00 -1 -1.28e-13      0.00 6.776e-01 3.076e-01 1.645e-03 2.672e-03 5.541e-03 -1.000 1.486e-02 -6.909 -4.848 -5.708 -6.728 -7.253 -7.673 -8.242 -8.658 -8.725
0.01471 0.00000 7.20683 13.3980875015 2.6284205914   12.907  4.671  3.7052  0.650    6  0.000  0.396     0.00     0.00     0.00     0.00     0.00 -1  -1.3e-13      0.00 6.776e-01 3.076e-01 1.645e-03 2.672e-03 5.541e-03 -1.000 1.486e-02 -6.908 -4.731 -5.645 -6.699 -7.240 -7.672 -8.263 -8.697 -8.765
0.01471 0.00000 7.20683 13.3994626999 2.6284213066   12.907  4.671  3.6986  0.625    6  0.000  0.396     0.00     0.00     0.00     0.00     0.00 -1 -1.33e-13      0.00 6.776e-01 3.076e-01 1.645e-03 2.672e-03 5.541e-03 -1.000 1.486e-02 -6.907 -4.601 -5.575 -6.667 -7.225 -7.669 -8.285 -8.738 -8.808
0.01471 0.00000 7.20683 13.4007978439 2.6284220219   12.906  4.670  3.6915  0.597    6  0.000  0.396     0.00     0.00     0.00     0.00     0.00 -1 -1.34e-13      0.00 6.775e-01 3.076e-01 1.645e-03 2.673e-03 5.541e-03 -1.000 1.486e-02 -6.905 -4.452 -5.498 -6.629 -7.207 -7.664 -8.308 -8.781 -8.855
0.01471 0.00000 7.20683 13.4020910263 2.6284227371   12.906  4.669  3.6836  0.566    6  0.000  0.396     0.00     0.00     0.00     0.00     0.00 -1 -1.36e-13      0.00 6.775e-01 3.076e-01 1.645e-03 2.673e-03 5.541e-03 -1.000 1.486e-02 -6.903 -4.280 -5.410 -6.587 -7.185 -7.656 -8.332 -8.825 -8.905
0.01471 0.00000 7.20683 13.4033432007 2.6284234524   12.905  4.668  3.6747  0.531    6  0.000  0.396     0.00     0.00     0.00     0.00     0.00 -1 -1.37e-13      0.00 6.775e-01 3.076e-01 1.645e-03 2.673e-03 5.540e-03 -1.000 1.486e-02 -6.901 -4.078 -5.301 -6.541 -7.162 -7.645 -8.360 -8.866 -8.959
0.01471 0.00000 7.20683 13.4045572281 2.6284241676   12.905  4.667  3.6644  0.492    6  0.000  0.396     0.00     0.00     0.00     0.00     0.00 -1 -1.38e-13      0.00 6.775e-01 3.076e-01 1.645e-03 2.673e-03 5.540e-03 -1.000 1.486e-02 -6.897 -3.812 -5.161 -6.480 -7.130 -7.629 -8.389 -8.909 -9.019
0.01471 0.00000 7.20683 13.4051465988 2.6284244061   12.905  4.666  3.6589  0.470    6  0.000  0.396     0.00     0.00     0.00     0.00     0.00 -1 -1.35e-13      0.00 6.775e-01 3.076e-01 1.645e-03 2.673e-03 5.540e-03 -1.000 1.486e-02 -6.895 -3.652 -5.079 -6.444 -7.110 -7.619 -8.404 -8.930 -9.050
0.01471 0.00000 7.20683 13.4058046341 2.6284248829   12.904  4.665  3.6520  0.444    6  0.000  0.396     0.00     0.00     0.00     0.00     0.00 -1 -1.36e-13      0.00 6.775e-01 3.076e-01 1.645e-03 2.673e-03 5.540e-03 -1.000 1.486e-02 -6.892 -3.443 -4.979 -6.389 -7.076 -7.603 -8.420 -8.961 -9.091
0.01471 0.00000 7.20683 13.4065828323 2.6284251213   12.904  4.663  3.6429  0.409    6  0.000  0.396     0.00     0.00     0.00     0.00     0.00 -1 -1.32e-13      0.00 6.775e-01 3.076e-01 1.645e-03 2.673e-03 5.540e-03 -1.000 1.486e-02 -6.887 -3.162 -4.845 -6.309 -7.027 -7.580 -8.437 -9.002 -9.144
0.01471 0.00000 7.20683 13.4070711136 2.6284253597   12.904  4.661  3.6366  0.386    6  0.000  0.396     0.00     0.00     0.00     0.00     0.00 -1 -1.31e-13      0.00 6.775e-01 3.076e-01 1.645e-03 2.673e-03 5.540e-03 -1.000 1.486e-02 -6.884 -2.962 -4.748 -6.250 -6.990 -7.562 -8.448 -9.029 -9.180
0.01471 0.00000 7.20683 13.4076776505 2.6284258366   12.904  4.659  3.6278  0.353    6  0.000  0.396     0.00     0.00     0.00     0.00     0.00 -1  -1.3e-13      0.00 6.775e-01 3.076e-01 1.645e-03 2.673e-03 5.540e-03 -1.000 1.486e-02 -6.878 -2.682 -4.608 -6.161 -6.934 -7.534 -8.460 -9.066 -9.228
0.01471 0.00000 7.20683 13.4080371857 2.6284260750   12.904  4.657  3.6222  0.332    6  0.000  0.396     0.00     0.00     0.00     0.00     0.00 -1 -1.28e-13      0.00 6.775e-01 3.076e-01 1.645e-03 2.674e-03 5.540e-03 -1.000 1.486e-02 -6.873 -2.507 -4.515 -6.100 -6.894 -7.515 -8.467 -9.090 -9.260
0.01471 0.00000 7.20683 13.4084386826 2.6284263134   12.904  4.655  3.6156  0.309    6  0.000  0.396     0.00     0.00     0.00     0.00     0.00 -1 -1.26e-13      0.00 6.775e-01 3.076e-01 1.645e-03 2.674e-03 5.540e-03 -1.000 1.486e-02 -6.867 -2.304 -4.403 -6.023 -6.844 -7.491 -8.472 -9.116 -9.294
0.01471 0.00000 7.20683 13.4088888168 2.6284265518   12.904  4.651  3.6084  0.283    6  0.000  0.396     0.00     0.00     0.00     0.00     0.00 -1 -1.24e-13      0.00 6.775e-01 3.076e-01 1.645e-03 2.674e-03 5.540e-03 -1.000 1.486e-02 -6.857 -2.085 -4.273 -5.931 -6.782 -7.460 -8.476 -9.142 -9.330
0.01471 0.00000 7.20683 13.4094200134 2.6284267902   12.904  4.645  3.6013  0.261    6  0.000  0.396     0.00     0.00     0.00     0.00     0.00 -1 -1.19e-13      0.00 6.775e-01 3.076e-01 1.645e-03 2.674e-03 5.540e-03 -1.000 1.486e-02 -6.842 -1.880 -4.138 -5.829 -6.711 -7.424 -8.473 -9.162 -9.360
0.01471 0.00000 7.20683 13.4099092484 2.6284270287   12.904  4.638  3.5960  0.247    6  0.000  0.396     0.00     0.00     0.00     0.00     0.00 -1 -1.13e-13      0.00 6.775e-01 3.076e-01 1.645e-03 2.674e-03 5.540e-03 -1.000 1.486e-02 -6.824 -1.730 -4.026 -5.737 -6.644 -7.388 -8.463 -9.170 -9.376
0.01471 0.00000 7.20683 13.4108438492 2.6284275055   12.904  4.625  3.5908  0.238    6  0.000  0.396     0.00     0.00     0.00     0.00     0.00 -1 -1.09e-13      0.00 6.775e-01 3.076e-01 1.645e-03 2.674e-03 5.540e-03 -1.000 1.486e-02 -6.793 -1.579 -3.905 -5.634 -6.564 -7.340 -8.441 -9.166 -9.378
0.01471 0.00000 7.20683 13.4118766785 2.6284279823   12.904  4.606  3.5869  0.242    6  0.000  0.396     0.00     0.00     0.00     0.00     0.00 -1 -1.03e-13      0.00 6.775e-01 3.076e-01 1.645e-03 2.674e-03 5.540e-03 -1.000 1.486e-02 -6.746 -1.460 -3.789 -5.526 -6.473 -7.279 -8.400 -9.138 -9.355
0.01471 0.00000 7.20683 13.4133014679 2.6284286976   12.904  4.596  3.5804  0.226    6  0.000  0.396     0.00     0.00     0.00     0.00     0.00 -1 -9.41e-14      0.00 6.775e-01 3.077e-01 1.645e-03 2.674e-03 5.539e-03 -1.000 1.486e-02 -6.721 -1.301 -3.642 -5.394 -6.373 -7.231 -8.386 -9.146 -9.371
0.01471 0.00000 7.20683 13.4143590927 2.6284294128   12.904  4.617  3.5761  0.188    6  0.000  0.396     0.00     0.00     0.00     0.00     0.00 -1 -1.02e-13      0.00 6.775e-01 3.077e-01 1.645e-03 2.674e-03 5.539e-03 -1.000 1.486e-02 -6.773 -1.253 -3.597 -5.358 -6.362 -7.268 -8.449 -9.220 -9.452
0.01471 0.00000 7.20683 13.4185476303 2.6284315586   12.905  4.639  3.5728  0.153    6  0.000  0.396     0.00     0.00     0.00     0.00     0.00 -1 -1.32e-13      0.00 6.775e-01 3.077e-01 1.645e-03 2.675e-03 5.539e-03 -1.000 1.486e-02 -6.828 -1.226 -3.574 -5.343 -6.367 -7.310 -8.512 -9.291 -9.529
0.01471 0.00000 7.20683 13.4383544922 2.6284420490   12.906  4.680  3.5668  0.088    6  0.000  0.396     0.00     0.00     0.00     0.00     0.00 -1  -2.5e-13      0.00 6.774e-01 3.078e-01 1.644e-03 2.677e-03 5.537e-03 -1.000 1.486e-02 -6.929 -1.187 -3.523 -5.300 -6.366 -7.385 -8.628 -9.423 -9.669
0.01471 0.00000 7.20683 13.4394617081 2.6284427643   12.906  4.690  3.5654  0.073    6  0.000  0.396     0.00     0.00     0.00     0.00     0.00 -1 -2.68e-13      0.00 6.773e-01 3.078e-01 1.644e-03 2.678e-03 5.537e-03 -1.000 1.486e-02 -6.955 -1.180 -3.510 -5.288 -6.364 -7.403 -8.657 -9.455 -9.704
0.01471 0.00000 7.20683 13.4395151138 2.6284427643   12.906  4.691  3.5653  0.071    6  0.000  0.396     0.00     0.00     0.00     0.00     0.00 -1 -2.69e-13      0.00 6.773e-01 3.078e-01 1.644e-03 2.678e-03 5.537e-03 -1.000 1.486e-02 -6.958 -1.180 -3.509 -5.287 -6.364 -7.406 -8.662 -9.459 -9.709
0.01471 0.00000 7.20683 13.4399595261 2.6284430027   12.906  4.707  3.5634  0.048    6  0.000  0.396     0.00     0.00     0.00     0.00     0.00 -1 -2.79e-13      0.00 6.773e-01 3.078e-01 1.643e-03 2.678e-03 5.537e-03 -1.000 1.486e-02 -6.996 -1.173 -3.495 -5.274 -6.366 -7.435 -8.705 -9.507 -9.759
0.01471 0.00000 7.20683 13.4424133301 2.6284441948   12.906  4.739  3.5592 -0.001    7  0.000  0.395     0.00     0.00     0.00     0.00     0.00 -1 -3.32e-13      0.00 6.773e-01 3.078e-01 1.639e-03 2.682e-03 5.536e-03 -1.000 1.486e-02 -7.078 -1.158 -3.460 -5.239 -6.364 -7.495 -8.797 -9.609 -9.868
0.01471 0.00000 7.20683 13.4433164597 2.6284446716   12.906  4.755  3.5573 -0.025    7  0.000  0.394     0.00     0.00     0.00     0.00     0.00 -1 -3.49e-13      0.00 6.773e-01 3.078e-01 1.637e-03 2.684e-03 5.536e-03 -1.000 1.486e-02 -7.118 -1.154 -3.437 -5.212 -6.358 -7.523 -8.844 -9.659 -9.921
0.01471 0.00000 7.20683 13.4441261292 2.6284451485   12.906  4.770  3.5555 -0.047    7  0.000  0.393     0.00     0.00     0.00     0.00     0.00 -1 -3.65e-13      0.00 6.773e-01 3.078e-01 1.634e-03 2.687e-03 5.536e-03 -1.000 1.486e-02 -7.155 -1.151 -3.416 -5.188 -6.352 -7.549 -8.887 -9.705 -9.971
0.01471 0.00000 7.20683 13.4451360703 2.6284458637   12.906  4.786  3.5536 -0.071    7  0.000  0.392     0.00     0.00     0.00     0.00     0.00 -1 -3.86e-13      0.00 6.773e-01 3.078e-01 1.629e-03 2.693e-03 5.536e-03 -1.000 1.486e-02 -7.196 -1.147 -3.393 -5.162 -6.345 -7.577 -8.934 -9.756 -10.025
0.01471 0.00000 7.20683 13.4464569092 2.6284463406   12.906  4.812  3.5505 -0.109    7  0.000  0.389     0.00     0.00     0.00     0.00     0.00 -1 -4.24e-13      0.00 6.773e-01 3.078e-01 1.618e-03 2.706e-03 5.536e-03 -1.000 1.486e-02 -7.259 -1.141 -3.357 -5.120 -6.335 -7.621 -9.006 -9.835 -10.108
0.01471 0.00000 7.20683 13.4478950500 2.6284472942   12.906  4.843  3.5468 -0.155    7  0.000  0.386     0.00     0.00     0.00     0.00     0.00 -1 -4.83e-13      0.00 6.773e-01 3.079e-01 1.605e-03 2.722e-03 5.535e-03 -1.000 1.486e-02 -7.337 -1.137 -3.295 -5.044 -6.307 -7.665 -9.096 -9.931 -10.210
0.01471 0.00000 7.20683 13.4494314194 2.6284480095   12.906  4.880  3.5425 -0.209    7  0.000  0.383     0.00     0.00     0.00     0.00     0.00 -1 -5.78e-13      0.00 6.767e-01 3.085e-01 1.589e-03 2.751e-03 5.525e-03 -1.000 1.479e-02 -7.430 -1.134 -3.221 -4.952 -6.274 -7.719 -9.204 -10.046 -10.334
0.01471 0.00000 7.20683 13.4533882141 2.6284501553   12.904  4.934  3.5362 -0.288    7  0.000  0.381     0.00     0.00     0.00     0.00     0.00 -1 -7.98e-13      0.00 6.751e-01 3.101e-01 1.574e-03 2.793e-03 5.498e-03 -1.000 1.482e-02 -7.565 -1.130 -3.089 -4.786 -6.210 -7.781 -9.360 -10.212 -10.511
0.01471 0.00000 7.20683 13.4622964859 2.6284549236   12.902  5.013  3.5275 -0.402    7  0.000  0.381     0.00     0.00     0.00     0.00     0.00 -1 -1.46e-12      0.00 6.668e-01 3.184e-01 1.547e-03 2.900e-03 5.413e-03 -1.000 1.482e-02 -7.762 -1.129 -2.862 -4.501 -6.095 -7.841 -9.589 -10.452 -10.768
