Zini     MH   logAge Mini        int_IMF         Mass   logL    logTe  logg  label   McoreTP C_O  period0  period1  period2  period3  period4  pmode  Mloss  tau1m   X   Y   Xc  Xn  Xo  Cexcess  Z 	 mbolmag  Umag    Bmag    Vmag    Rmag    Imag    Jmag    Hmag    Kmag
0.01471 0.00000 7.69897 0.0900000036 1.2268934250    0.090 -2.537  3.4056  4.504    0  0.000  0.545     0.00     0.00     0.00     0.00     0.00 -1 -6.89e-16      0.00 7.107e-01 2.745e-01 2.655e-03 7.163e-04 6.496e-03 -1.000 1.476e-02 11.113 19.173 17.269 15.662 13.705 11.543 9.055 8.466 8.113
0.01471 0.00000 7.69897 0.0981355309 1.2973972559    0.098 -2.476  3.4130  4.510    0  0.000  0.545     0.00     0.00     0.00     0.00     0.00 -1 -7.55e-16      0.00 7.107e-01 2.745e-01 2.655e-03 7.163e-04 6.496e-03 -1.000 1.476e-02 10.960 19.029 17.119 15.510 13.552 11.389 8.902 8.313 7.960
0.01471 0.00000 7.69897 0.1000000015 1.3127751350    0.100 -2.463  3.4147  4.511    0  0.000  0.545     0.00     0.00     0.00     0.00     0.00 -1 -7.69e-16      0.00 7.107e-01 2.745e-01 2.655e-03 7.163e-04 6.496e-03 -1.000 1.476e-02 10.927 18.998 17.087 15.478 13.519 11.356 8.868 8.280 7.926
0.01471 0.00000 7.69897 0.1012675390 1.3230683804    0.101 -2.454  3.4157  4.512    0  0.000  0.545     0.00     0.00     0.00     0.00     0.00 -1 -7.79e-16      0.00 7.107e-01 2.745e-01 2.655e-03 7.163e-04 6.496e-03 -1.000 1.476e-02 10.906 18.962 17.054 15.445 13.490 11.330 8.848 8.259 7.906
0.01471 0.00000 7.69897 0.1138906181 1.4187245369    0.114 -2.372  3.4253  4.519    0  0.000  0.545     0.00     0.00     0.00     0.00     0.00 -1 -8.81e-16      0.00 7.107e-01 2.745e-01 2.655e-03 7.163e-04 6.496e-03 -1.000 1.476e-02 10.699 18.409 16.584 14.987 13.112 11.014 8.658 8.067 7.719
0.01471 0.00000 7.69897 0.1200000048 1.4610745907    0.120 -2.334  3.4299  4.523    0  0.000  0.545     0.00     0.00     0.00     0.00     0.00 -1 -9.32e-16      0.00 7.107e-01 2.745e-01 2.655e-03 7.163e-04 6.496e-03 -1.000 1.476e-02 10.606 18.101 16.327 14.737 12.913 10.853 8.575 7.982 7.637
0.01471 0.00000 7.69897 0.1263335049 1.5026406050    0.126 -2.299  3.4339  4.526    0  0.000  0.545     0.00     0.00     0.00     0.00     0.00 -1  -9.8e-16      0.00 7.107e-01 2.745e-01 2.655e-03 7.163e-04 6.496e-03 -1.000 1.476e-02 10.518 17.850 16.112 14.532 12.746 10.716 8.496 7.902 7.560
0.01471 0.00000 7.69897 0.1400000006 1.5848021507    0.140 -2.229  3.4420  4.532    0  0.000  0.545     0.00     0.00     0.00     0.00     0.00 -1 -1.09e-15      0.00 7.107e-01 2.745e-01 2.655e-03 7.163e-04 6.496e-03 -1.000 1.476e-02 10.341 17.353 15.684 14.125 12.414 10.442 8.335 7.739 7.404
0.01471 0.00000 7.69897 0.1599999964 1.6895382404    0.160 -2.140  3.4520  4.542    0  0.000  0.545     0.00     0.00     0.00     0.00     0.00 -1 -1.24e-15      0.00 7.107e-01 2.745e-01 2.655e-03 7.163e-04 6.496e-03 -1.000 1.476e-02 10.119 16.752 15.160 13.621 12.000 10.106 8.134 7.535 7.209
0.01471 0.00000 7.69897 0.2000000030 1.8572380543    0.200 -1.991  3.4680  4.554    0  0.000  0.545     0.00     0.00     0.00     0.00     0.00 -1 -1.53e-15      0.00 7.107e-01 2.745e-01 2.655e-03 7.163e-04 6.496e-03 -1.000 1.476e-02 9.747 15.832 14.343 12.829 11.343 9.579 7.797 7.193 6.883
0.01471 0.00000 7.69897 0.2478746921 2.0072505474    0.248 -1.852  3.4822  4.565    0  0.000  0.545     0.00     0.00     0.00     0.00     0.00 -1 -1.87e-15      0.00 7.107e-01 2.745e-01 2.655e-03 7.163e-04 6.496e-03 -1.000 1.476e-02 9.400 15.056 13.638 12.142 10.763 9.116 7.482 6.872 6.578
0.01471 0.00000 7.69897 0.2500000000 2.0129647255    0.250 -1.847  3.4828  4.566    0  0.000  0.545     0.00     0.00     0.00     0.00     0.00 -1 -1.89e-15      0.00 7.107e-01 2.745e-01 2.655e-03 7.163e-04 6.496e-03 -1.000 1.476e-02 9.387 15.027 13.610 12.115 10.739 9.098 7.470 6.859 6.566
0.01471 0.00000 7.69897 0.2907248139 2.1101689339    0.291 -1.750  3.4924  4.572    0  0.000  0.545     0.00     0.00     0.00     0.00     0.00 -1 -2.17e-15      0.00 7.107e-01 2.745e-01 2.655e-03 7.163e-04 6.496e-03 -1.000 1.476e-02 9.144 14.529 13.147 11.658 10.345 8.789 7.252 6.635 6.353
0.01471 0.00000 7.69897 0.3008966744 2.1313176155    0.301 -1.728  3.4946  4.575    0  0.000  0.545     0.00     0.00     0.00     0.00     0.00 -1 -2.23e-15      0.00 7.107e-01 2.745e-01 2.655e-03 7.163e-04 6.496e-03 -1.000 1.476e-02 9.091 14.424 13.048 11.564 10.264 8.723 7.203 6.586 6.306
0.01471 0.00000 7.69897 0.3265869021 2.1802344322    0.327 -1.676  3.4996  4.578    0  0.000  0.545     0.00     0.00     0.00     0.00     0.00 -1 -2.41e-15      0.00 7.107e-01 2.745e-01 2.655e-03 7.163e-04 6.496e-03 -1.000 1.476e-02 8.959 14.173 12.813 11.340 10.070 8.562 7.082 6.461 6.187
0.01471 0.00000 7.69897 0.3500000238 2.2197833061    0.350 -1.629  3.5037  4.578    0  0.000  0.545     0.00     0.00     0.00     0.00     0.00 -1 -2.59e-15      0.00 7.107e-01 2.745e-01 2.655e-03 7.163e-04 6.496e-03 -1.000 1.476e-02 8.843 13.968 12.619 11.155 9.907 8.426 6.976 6.352 6.083
0.01471 0.00000 7.69897 0.3921324015 2.2812087536    0.392 -1.551  3.5114  4.580    0  0.000  0.545     0.00     0.00     0.00     0.00     0.00 -1 -2.93e-15      0.00 7.107e-01 2.745e-01 2.655e-03 7.163e-04 6.496e-03 -1.000 1.476e-02 8.648 13.613 12.281 10.832 9.625 8.193 6.798 6.168 5.907
0.01471 0.00000 7.69897 0.4000000358 2.2915143967    0.400 -1.538  3.5127  4.581    0  0.000  0.545     0.00     0.00     0.00     0.00     0.00 -1 -2.99e-15      0.00 7.107e-01 2.745e-01 2.655e-03 7.163e-04 6.496e-03 -1.000 1.476e-02 8.614 13.555 12.225 10.778 9.576 8.153 6.767 6.136 5.876
0.01471 0.00000 7.69897 0.4500000179 2.3497259617    0.450 -1.445  3.5219  4.576    0  0.000  0.545     0.00     0.00     0.00     0.00     0.00 -1  -3.5e-15      0.00 7.107e-01 2.745e-01 2.655e-03 7.163e-04 6.496e-03 -1.000 1.476e-02 8.383 13.154 11.837 10.405 9.247 7.884 6.559 5.919 5.668
0.01471 0.00000 7.69897 0.4758461416 2.3756527901    0.476 -1.399  3.5273  4.576    0  0.000  0.545     0.00     0.00     0.00     0.00     0.00 -1 -3.79e-15      0.00 7.107e-01 2.745e-01 2.655e-03 7.163e-04 6.496e-03 -1.000 1.476e-02 8.267 12.949 11.635 10.210 9.075 7.748 6.456 5.812 5.565
0.01471 0.00000 7.69897 0.5000000000 2.3977856636    0.500 -1.357  3.5316  4.573    0  0.000  0.545     0.00     0.00     0.00     0.00     0.00 -1 -4.08e-15      0.00 7.107e-01 2.745e-01 2.655e-03 7.163e-04 6.496e-03 -1.000 1.476e-02 8.164 12.777 11.464 10.045 8.928 7.629 6.364 5.715 5.472
0.01471 0.00000 7.69897 0.5129925013 2.4089341164    0.513 -1.335  3.5345  4.573    0  0.000  0.545     0.00     0.00     0.00     0.00     0.00 -1 -4.25e-15      0.00 7.107e-01 2.745e-01 2.655e-03 7.163e-04 6.496e-03 -1.000 1.476e-02 8.107 12.679 11.365 9.950 8.844 7.563 6.314 5.663 5.423
0.01471 0.00000 7.69897 0.5500000119 2.4380378723    0.550 -1.257  3.5433  4.561    0  0.000  0.545     0.00     0.00     0.00     0.00     0.00 -1 -4.96e-15      0.00 7.107e-01 2.745e-01 2.655e-03 7.162e-04 6.496e-03 -1.000 1.476e-02 7.914 12.361 11.044 9.640 8.568 7.343 6.143 5.484 5.251
0.01471 0.00000 7.69897 0.5833840370 2.4613807201    0.583 -1.188  3.5532  4.556    0  0.000  0.545     0.00     0.00     0.00     0.00     0.00 -1 -5.67e-15      0.00 7.107e-01 2.745e-01 2.655e-03 7.162e-04 6.496e-03 -1.000 1.476e-02 7.740 12.063 10.735 9.340 8.301 7.143 5.996 5.330 5.105
0.01471 0.00000 7.69897 0.5913309455 2.4665813446    0.591 -1.171  3.5558  4.555    0  0.000  0.545     0.00     0.00     0.00     0.00     0.00 -1 -5.86e-15      0.00 7.107e-01 2.745e-01 2.655e-03 7.162e-04 6.496e-03 -1.000 1.476e-02 7.697 11.989 10.657 9.263 8.233 7.093 5.960 5.291 5.069
0.01471 0.00000 7.69897 0.6000000238 2.4721109867    0.600 -1.147  3.5592  4.551    0  0.000  0.545     0.00     0.00     0.00     0.00     0.00 -1 -6.17e-15      0.00 7.107e-01 2.745e-01 2.655e-03 7.162e-04 6.496e-03 -1.000 1.476e-02 7.637 11.889 10.552 9.160 8.141 7.025 5.909 5.238 5.019
0.01471 0.00000 7.69897 0.6184903383 2.4834301472    0.618 -1.095  3.5676  4.547    0  0.000  0.545     0.00     0.00     0.00     0.00     0.00 -1 -6.86e-15      0.00 7.107e-01 2.745e-01 2.655e-03 7.162e-04 6.495e-03 -1.000 1.476e-02 7.507 11.666 10.315 8.927 7.932 6.877 5.803 5.125 4.915
0.01471 0.00000 7.69897 0.6499999762 2.5013408661    0.650 -0.997  3.5847  4.539    0  0.000  0.545     0.00     0.00     0.00     0.00     0.00 -1 -8.43e-15      0.00 7.107e-01 2.745e-01 2.655e-03 7.162e-04 6.495e-03 -1.000 1.476e-02 7.263 11.248 9.866 8.493 7.541 6.605 5.606 4.913 4.725
0.01471 0.00000 7.69897 0.6577818394 2.5055098534    0.658 -0.970  3.5901  4.539    0  0.000  0.545     0.00     0.00     0.00     0.00     0.00 -1 -8.92e-15      0.00 7.107e-01 2.745e-01 2.655e-03 7.162e-04 6.495e-03 -1.000 1.476e-02 7.195 11.127 9.735 8.370 7.430 6.531 5.552 4.854 4.675
0.01471 0.00000 7.69897 0.6769435406 2.5153787136    0.677 -0.897  3.6052  4.538    0  0.000  0.545     0.00     0.00     0.00     0.00     0.00 -1 -1.04e-14      0.00 7.107e-01 2.745e-01 2.655e-03 7.162e-04 6.495e-03 -1.000 1.476e-02 7.011 10.800 9.378 8.047 7.143 6.332 5.403 4.698 4.544
0.01471 0.00000 7.69897 0.6960143447 2.5246772766    0.696 -0.820  3.6218  4.540    0  0.000  0.545     0.00     0.00     0.00     0.00     0.00 -1 -1.22e-14      0.00 7.107e-01 2.745e-01 2.654e-03 7.162e-04 6.495e-03 -1.000 1.476e-02 6.820 10.432 8.990 7.709 6.845 6.125 5.249 4.551 4.421
0.01471 0.00000 7.69897 0.7000000477 2.5265583992    0.700 -0.804  3.6253  4.541    0  0.000  0.545     0.00     0.00     0.00     0.00     0.00 -1 -1.26e-14      0.00 7.107e-01 2.745e-01 2.655e-03 7.162e-04 6.495e-03 -1.000 1.476e-02 6.780 10.345 8.903 7.636 6.782 6.082 5.218 4.524 4.398
0.01471 0.00000 7.69897 0.7098178864 2.5311050415    0.710 -0.756  3.6393  4.554    0  0.000  0.543     0.00     0.00     0.00     0.00     0.00 -1 -1.38e-14      0.00 7.107e-01 2.745e-01 2.647e-03 7.160e-04 6.495e-03 -1.000 1.476e-02 6.660 10.006 8.596 7.389 6.578 5.954 5.134 4.455 4.350
0.01471 0.00000 7.69897 0.7212915421 2.5362663269    0.721 -0.702  3.6546  4.569    0  0.000  0.542     0.00     0.00     0.00     0.00     0.00 -1 -1.52e-14      0.00 7.107e-01 2.745e-01 2.639e-03 7.157e-04 6.495e-03 -1.000 1.476e-02 6.525 9.541 8.254 7.119 6.361 5.807 5.042 4.403 4.311
0.01471 0.00000 7.69897 0.7317689061 2.5408425331    0.732 -0.656  3.6674  4.580    0  0.000  0.540     0.00     0.00     0.00     0.00     0.00 -1 -1.66e-14      0.00 7.107e-01 2.745e-01 2.632e-03 7.155e-04 6.496e-03 -1.000 1.476e-02 6.409 9.126 7.970 6.899 6.191 5.681 4.963 4.364 4.281
0.01471 0.00000 7.69897 0.7422757745 2.5453054905    0.742 -0.612  3.6792  4.589    0  0.000  0.539     0.00     0.00     0.00     0.00     0.00 -1 -1.81e-14      0.00 7.107e-01 2.745e-01 2.625e-03 7.153e-04 6.496e-03 -1.000 1.476e-02 6.299 8.741 7.716 6.703 6.043 5.564 4.890 4.333 4.254
0.01471 0.00000 7.69897 0.7484859228 2.5478863716    0.749 -0.598  3.6834  4.595    0  0.000  0.538     0.00     0.00     0.00     0.00     0.00 -1 -1.85e-14      0.00 7.107e-01 2.745e-01 2.620e-03 7.152e-04 6.496e-03 -1.000 1.475e-02 6.264 8.620 7.635 6.641 5.996 5.528 4.868 4.323 4.247
0.01471 0.00000 7.69897 0.7500000000 2.5485093594    0.750 -0.590  3.6852  4.596    0  0.000  0.538     0.00     0.00     0.00     0.00     0.00 -1 -1.88e-14      0.00 7.107e-01 2.745e-01 2.619e-03 7.152e-04 6.496e-03 -1.000 1.476e-02 6.246 8.566 7.599 6.612 5.974 5.509 4.855 4.316 4.241
0.01471 0.00000 7.69897 0.8000000119 2.5677938461    0.800 -0.490  3.7049  4.602    0  0.000  0.538     0.00     0.00     0.00     0.00     0.00 -1 -2.29e-14      0.00 7.108e-01 2.745e-01 2.619e-03 7.151e-04 6.495e-03 -1.000 1.476e-02 5.995 7.918 7.151 6.249 5.681 5.258 4.670 4.190 4.124
0.01471 0.00000 7.69897 0.8188947439 2.5744729042    0.819 -0.457  3.7117  4.607    0  0.000  0.538     0.00     0.00     0.00     0.00     0.00 -1 -2.43e-14      0.00 7.108e-01 2.745e-01 2.619e-03 7.151e-04 6.495e-03 -1.000 1.475e-02 5.913 7.708 7.008 6.134 5.588 5.178 4.613 4.152 4.089
0.01471 0.00000 7.69897 0.8449961543 2.5831959248    0.845 -0.415  3.7191  4.608    0  0.000  0.538     0.00     0.00     0.00     0.00     0.00 -1 -2.64e-14      0.00 7.108e-01 2.744e-01 2.619e-03 7.151e-04 6.495e-03 -1.000 1.474e-02 5.807 7.466 6.839 5.995 5.473 5.076 4.535 4.095 4.034
0.01471 0.00000 7.69897 0.8500000238 2.5848057270    0.850 -0.407  3.7207  4.609    0  0.000  0.538     0.00     0.00     0.00     0.00     0.00 -1 -2.67e-14      0.00 7.108e-01 2.744e-01 2.619e-03 7.151e-04 6.495e-03 -1.000 1.475e-02 5.789 7.420 6.809 5.970 5.452 5.058 4.522 4.086 4.026
0.01471 0.00000 7.69897 0.8876568079 2.5963227749    0.887 -0.343  3.7303  4.602    0  0.000  0.538     0.00     0.00     0.00     0.00     0.00 -1 -3.05e-14      0.00 7.108e-01 2.744e-01 2.618e-03 7.150e-04 6.494e-03 -1.000 1.476e-02 5.628 7.094 6.576 5.773 5.282 4.903 4.397 3.987 3.931
0.01471 0.00000 7.69897 0.8999999762 2.5998830795    0.899 -0.322  3.7334  4.600    0  0.000  0.538     0.00     0.00     0.00     0.00     0.00 -1 -3.18e-14      0.00 7.108e-01 2.744e-01 2.618e-03 7.150e-04 6.494e-03 -1.000 1.475e-02 5.575 6.990 6.500 5.710 5.227 4.854 4.357 3.956 3.901
0.01471 0.00000 7.69897 0.9258308411 2.6070191860    0.925 -0.279  3.7395  4.593    0  0.000  0.538     0.00     0.00     0.00     0.00     0.00 -1 -3.48e-14      0.00 7.108e-01 2.744e-01 2.618e-03 7.150e-04 6.494e-03 -1.000 1.475e-02 5.467 6.782 6.345 5.579 5.114 4.751 4.273 3.887 3.835
0.01471 0.00000 7.69897 0.9499999881 2.6133363247    0.950 -0.228  3.7463  4.580    0  0.000  0.538     0.00     0.00     0.00     0.00     0.00 -1 -3.93e-14      0.00 7.108e-01 2.744e-01 2.618e-03 7.150e-04 6.494e-03 -1.000 1.476e-02 5.339 6.532 6.169 5.431 4.987 4.634 4.176 3.806 3.757
0.01471 0.00000 7.69897 1.0000000000 2.6254127026    1.000 -0.126  3.7592  4.553    0  0.000  0.538     0.00     0.00     0.00     0.00     0.00 -1 -4.99e-14      0.00 7.109e-01 2.744e-01 2.618e-03 7.149e-04 6.493e-03 -1.000 1.476e-02 5.084 6.067 5.828 5.144 4.735 4.402 3.979 3.638 3.595
0.01471 0.00000 7.69897 1.0499999523 2.6362330914    1.050 -0.029  3.7708  4.523    0  0.000  0.538     0.00     0.00     0.00     0.00     0.00 -1 -5.86e-14      0.00 7.109e-01 2.743e-01 2.617e-03 7.147e-04 6.492e-03 -1.000 1.475e-02 4.842 5.660 5.514 4.879 4.500 4.185 3.793 3.477 3.440
0.01471 0.00000 7.69897 1.0987846851 2.6456842422    1.098  0.067  3.7814  4.489    0  0.000  0.538     0.00     0.00     0.00     0.00     0.00 -1 -6.84e-14      0.00 7.111e-01 2.742e-01 2.617e-03 7.145e-04 6.490e-03 -1.000 1.476e-02 4.602 5.284 5.210 4.623 4.270 3.972 3.608 3.314 3.282
0.01471 0.00000 7.69897 1.1000000238 2.6459071636    1.099  0.070  3.7817  4.488    0  0.000  0.538     0.00     0.00     0.00     0.00     0.00 -1 -6.87e-14      0.00 7.111e-01 2.742e-01 2.617e-03 7.145e-04 6.490e-03 -1.000 1.476e-02 4.596 5.276 5.203 4.616 4.264 3.967 3.603 3.310 3.278
0.01471 0.00000 7.69897 1.1499999762 2.6546003819    1.149  0.170  3.7935  4.454    0  0.000  0.538     0.00     0.00     0.00     0.00     0.00 -1 -8.08e-14      0.00 7.112e-01 2.741e-01 2.615e-03 7.142e-04 6.487e-03 -1.000 1.468e-02 4.344 4.903 4.888 4.352 4.026 3.748 3.412 3.141 3.115
0.01471 0.00000 7.69897 1.1674374342 2.6574270725    1.167  0.205  3.7975  4.442    0  0.000  0.538     0.00     0.00     0.00     0.00     0.00 -1  -8.5e-14      0.00 7.112e-01 2.741e-01 2.615e-03 7.142e-04 6.487e-03 -1.000 1.470e-02 4.257 4.778 4.779 4.260 3.944 3.672 3.346 3.083 3.058
0.01471 0.00000 7.69897 1.2000000477 2.6624486446    1.200  0.263  3.8039  4.421    0  0.000  0.538     0.00     0.00     0.00     0.00     0.00 -1 -9.21e-14      0.00 7.112e-01 2.740e-01 2.615e-03 7.141e-04 6.486e-03 -1.000 1.476e-02 4.111 4.580 4.603 4.110 3.807 3.545 3.234 2.984 2.961
0.01471 0.00000 7.69897 1.2500000000 2.6695642471    1.250  0.350  3.8136  4.392    0  0.000  0.538     0.00     0.00     0.00     0.00     0.00 -1 -1.03e-13      0.00 7.113e-01 2.740e-01 2.615e-03 7.141e-04 6.486e-03 -1.000 1.476e-02 3.896 4.295 4.342 3.888 3.607 3.360 3.071 2.840 2.820
0.01471 0.00000 7.69897 1.2999999523 2.6760413647    1.300  0.431  3.8227  4.364    0  0.000  0.538     0.00     0.00     0.00     0.00     0.00 -1 -1.12e-13      0.00 7.113e-01 2.740e-01 2.615e-03 7.140e-04 6.486e-03 -1.000 1.475e-02 3.694 4.047 4.100 3.679 3.415 3.183 2.915 2.702 2.684
0.01471 0.00000 7.69897 1.3499999046 2.6819581985    1.350  0.508  3.8323  4.342    0  0.000  0.538     0.00     0.00     0.00     0.00     0.00 -1 -1.17e-13      0.00 7.113e-01 2.739e-01 2.615e-03 7.140e-04 6.485e-03 -1.000 1.472e-02 3.501 3.813 3.868 3.480 3.234 3.018 2.772 2.578 2.562
0.01471 0.00000 7.69897 1.3999999762 2.6873817444    1.400  0.581  3.8420  4.324    0  0.000  0.538     0.00     0.00     0.00     0.00     0.00 -1 -1.19e-13      0.00 7.114e-01 2.739e-01 2.615e-03 7.140e-04 6.485e-03 -1.000 1.467e-02 3.318 3.599 3.650 3.292 3.065 2.866 2.642 2.467 2.453
0.01471 0.00000 7.69897 1.4500000477 2.6923685074    1.450  0.648  3.8530  4.315    0  0.000  0.538     0.00     0.00     0.00     0.00     0.00 -1 -1.16e-13      0.00 7.114e-01 2.739e-01 2.614e-03 7.139e-04 6.485e-03 -1.000 1.475e-02 3.149 3.400 3.443 3.117 2.912 2.732 2.532 2.378 2.365
0.01471 0.00000 7.69897 1.5000000000 2.6969668865    1.500  0.714  3.8655  4.314    0  0.000  0.538     0.00     0.00     0.00     0.00     0.00 -1 -1.06e-13      0.00 7.114e-01 2.738e-01 2.614e-03 7.139e-04 6.484e-03 -1.000 1.474e-02 2.986 3.210 3.240 2.948 2.767 2.609 2.437 2.306 2.295
0.01471 0.00000 7.69897 1.5500000715 2.7012188435    1.550  0.776  3.8789  4.320    0  0.000  0.538     0.00     0.00     0.00     0.00     0.00 -1 -8.96e-14      0.00 7.114e-01 2.738e-01 2.614e-03 7.138e-04 6.483e-03 -1.000 1.475e-02 2.830 3.033 3.047 2.790 2.636 2.502 2.357 2.250 2.240
0.01471 0.00000 7.69897 1.6000000238 2.7051601410    1.600  0.837  3.8922  4.326    0  0.000  0.538     0.00     0.00     0.00     0.00     0.00 -1 -6.73e-14      0.00 7.115e-01 2.738e-01 2.614e-03 7.137e-04 6.482e-03 -1.000 1.474e-02 2.678 2.864 2.862 2.638 2.510 2.400 2.282 2.198 2.189
0.01471 0.00000 7.69897 1.6500000954 2.7088222504    1.649  0.894  3.9047  4.333    0  0.000  0.538     0.00     0.00     0.00     0.00     0.00 -1 -3.75e-14      0.00 7.115e-01 2.737e-01 2.614e-03 7.136e-04 6.482e-03 -1.000 1.474e-02 2.536 2.709 2.691 2.500 2.396 2.308 2.214 2.149 2.141
0.01471 0.00000 7.69897 1.7000000477 2.7122325897    1.699  0.950  3.9167  4.338    0  0.000  0.538     0.00     0.00     0.00     0.00     0.00 -1    -1e-30      0.00 7.115e-01 2.737e-01 2.613e-03 7.136e-04 6.482e-03 -1.000 1.473e-02 2.396 2.559 2.529 2.369 2.289 2.221 2.148 2.099 2.092
0.01471 0.00000 7.69897 1.7500000000 2.7154150009    1.749  1.003  3.9280  4.342    0  0.000  0.538     0.00     0.00     0.00     0.00     0.00 -1    -1e-30      0.00 7.115e-01 2.737e-01 2.613e-03 7.135e-04 6.481e-03 -1.000 1.475e-02 2.262 2.417 2.379 2.250 2.190 2.140 2.086 2.051 2.044
0.01471 0.00000 7.69897 1.7999999523 2.7183909416    1.799  1.055  3.9387  4.345    0  0.000  0.538     0.00     0.00     0.00     0.00     0.00 -1    -1e-30      0.00 7.116e-01 2.737e-01 2.613e-03 7.135e-04 6.481e-03 -1.000 1.473e-02 2.133 2.279 2.242 2.141 2.098 2.063 2.025 2.001 1.996
0.01471 0.00000 7.69897 1.8499999046 2.7211785316    1.849  1.104  3.9486  4.348    0  0.000  0.538     0.00     0.00     0.00     0.00     0.00 -1    -1e-30      0.00 7.116e-01 2.736e-01 2.612e-03 7.135e-04 6.480e-03 -1.000 1.472e-02 2.011 2.149 2.122 2.044 2.015 1.992 1.969 1.953 1.949
0.01471 0.00000 7.69897 1.8999999762 2.7237946987    1.899  1.151  3.9581  4.350    0  0.000  0.538     0.00     0.00     0.00     0.00     0.00 -1    -1e-30      0.00 7.116e-01 2.736e-01 2.612e-03 7.134e-04 6.480e-03 -1.000 1.472e-02 1.892 2.023 2.012 1.954 1.936 1.922 1.913 1.905 1.902
0.01471 0.00000 7.69897 1.9500000477 2.7262537479    1.950  1.198  3.9673  4.351    1  0.000  0.538     0.00     0.00     0.00     0.00     0.00 -1    -1e-30      0.00 7.117e-01 2.736e-01 2.612e-03 7.134e-04 6.479e-03 -1.000 1.471e-02 1.775 1.904 1.910 1.870 1.861 1.856 1.859 1.856 1.856
0.01471 0.00000 7.69897 2.0000000000 2.7285690308    2.000  1.243  3.9760  4.352    1  0.000  0.538     0.00     0.00     0.00     0.00     0.00 -1    -1e-30      0.00 7.117e-01 2.736e-01 2.612e-03 7.133e-04 6.479e-03 -1.000 1.476e-02 1.664 1.792 1.817 1.792 1.790 1.793 1.807 1.809 1.811
0.01471 0.00000 7.69897 2.0499999523 2.7307522297    2.050  1.286  3.9842  4.352    1  0.000  0.538     0.00     0.00     0.00     0.00     0.00 -1    -1e-30      0.00 7.117e-01 2.735e-01 2.612e-03 7.133e-04 6.479e-03 -1.000 1.475e-02 1.555 1.685 1.729 1.718 1.723 1.732 1.755 1.762 1.766
0.01471 0.00000 7.69897 2.0999999046 2.7328138351    2.099  1.328  3.9919  4.351    1  0.000  0.538     0.00     0.00     0.00     0.00     0.00 -1    -1e-30      0.00 7.117e-01 2.736e-01 2.612e-03 7.132e-04 6.478e-03 -1.000 1.470e-02 1.449 1.582 1.645 1.646 1.656 1.671 1.703 1.713 1.719
0.01471 0.00000 7.69897 2.1500000954 2.7347631454    2.149  1.369  3.9996  4.351    1  0.000  0.538     0.00     0.00     0.00     0.00     0.00 -1    -1e-30      0.00 7.118e-01 2.735e-01 2.612e-03 7.132e-04 6.478e-03 -1.000 1.472e-02 1.347 1.482 1.566 1.578 1.593 1.613 1.654 1.668 1.676
0.01471 0.00000 7.69897 2.2000000477 2.7366089821    2.199  1.409  4.0067  4.350    1  0.000  0.538     0.00     0.00     0.00     0.00     0.00 -1    -1e-30      0.00 7.117e-01 2.735e-01 2.612e-03 7.132e-04 6.478e-03 -1.000 1.476e-02 1.246 1.386 1.490 1.512 1.530 1.554 1.603 1.620 1.630
0.01471 0.00000 7.69897 2.2137262821 2.7370984554    2.212  1.420  4.0086  4.349    1  0.000  0.538     0.00     0.00     0.00     0.00     0.00 -1    -1e-30      0.00 7.117e-01 2.735e-01 2.612e-03 7.131e-04 6.478e-03 -1.000 1.476e-02 1.219 1.360 1.469 1.494 1.514 1.539 1.590 1.607 1.617
0.01471 0.00000 7.69897 2.2500000000 2.7383584976    2.249  1.449  4.0136  4.348    1  0.000  0.538     0.00     0.00     0.00     0.00     0.00 -1    -1e-30      0.00 7.117e-01 2.735e-01 2.612e-03 7.131e-04 6.478e-03 -1.000 1.476e-02 1.149 1.292 1.417 1.448 1.470 1.497 1.554 1.573 1.585
0.01471 0.00000 7.69897 2.2999999523 2.7400190830    2.299  1.487  4.0203  4.346    1  0.000  0.538     0.00     0.00     0.00     0.00     0.00 -1    -1e-30      0.00 7.118e-01 2.735e-01 2.612e-03 7.131e-04 6.477e-03 -1.000 1.475e-02 1.054 1.201 1.346 1.385 1.410 1.441 1.505 1.526 1.540
0.01471 0.00000 7.69897 2.4000000954 2.7430980206    2.399  1.560  4.0330  4.342    1  0.000  0.538     0.00     0.00     0.00     0.00     0.00 -1    -1e-30      0.00 7.118e-01 2.735e-01 2.611e-03 7.131e-04 6.477e-03 -1.000 1.472e-02 0.869 1.028 1.212 1.265 1.294 1.332 1.409 1.435 1.452
0.01471 0.00000 7.69897 2.5999999046 2.7484302521    2.600  1.698  4.0560  4.331    1  0.000  0.538     0.00     0.00     0.00     0.00     0.00 -1    -1e-30      0.00 7.107e-01 2.745e-01 2.620e-03 7.154e-04 6.497e-03 -1.000 1.476e-02 0.524 0.708 0.965 1.038 1.074 1.122 1.222 1.255 1.279
0.01471 0.00000 7.69897 2.7572078705 2.7519907951    2.758  1.800  4.0725  4.321    1  0.000  0.538     0.00     0.00     0.00     0.00     0.00 -1    -1e-30      0.00 7.107e-01 2.745e-01 2.620e-03 7.154e-04 6.497e-03 -1.000 1.476e-02 0.271 0.476 0.786 0.871 0.911 0.965 1.082 1.119 1.147
0.01471 0.00000 7.69897 2.7999999523 2.7528791428    2.800  1.827  4.0768  4.318    1  0.000  0.538     0.00     0.00     0.00     0.00     0.00 -1    -1e-30      0.00 7.107e-01 2.745e-01 2.620e-03 7.154e-04 6.497e-03 -1.000 1.476e-02 0.204 0.416 0.739 0.827 0.868 0.923 1.044 1.083 1.111
0.01471 0.00000 7.69897 2.9277932644 2.7553513050    2.928  1.903  4.0889  4.309    1  0.000  0.538     0.00     0.00     0.00     0.00     0.00 -1    -1e-30      0.00 7.107e-01 2.745e-01 2.620e-03 7.154e-04 6.497e-03 -1.000 1.476e-02 0.011 0.244 0.604 0.700 0.744 0.803 0.935 0.977 1.008
0.01471 0.00000 7.69897 3.0000000000 2.7566392422    3.000  1.946  4.0955  4.304    1  0.000  0.538     0.00     0.00     0.00     0.00     0.00 -1    -1e-30      0.00 7.107e-01 2.745e-01 2.620e-03 7.154e-04 6.497e-03 -1.000 1.476e-02 -0.095 0.150 0.531 0.630 0.676 0.737 0.875 0.918 0.951
0.01471 0.00000 7.69897 3.1909828186 2.7597186565    3.190  2.053  4.1122  4.289    1  0.000  0.538     0.00     0.00     0.00     0.00     0.00 -1    -1e-30      0.00 7.107e-01 2.745e-01 2.620e-03 7.154e-04 6.497e-03 -1.000 1.476e-02 -0.363 -0.084 0.345 0.454 0.503 0.569 0.722 0.769 0.805
0.01471 0.00000 7.69897 3.2000000477 2.7598533630    3.199  2.058  4.1129  4.289    1  0.000  0.538     0.00     0.00     0.00     0.00     0.00 -1    -1e-30      0.00 7.107e-01 2.745e-01 2.620e-03 7.154e-04 6.497e-03 -1.000 1.476e-02 -0.375 -0.094 0.336 0.446 0.495 0.562 0.715 0.762 0.798
0.01471 0.00000 7.69897 3.3235981464 2.7616143227    3.322  2.124  4.1230  4.279    1  0.000  0.538     0.00     0.00     0.00     0.00     0.00 -1    -1e-30      0.00 7.107e-01 2.745e-01 2.620e-03 7.154e-04 6.497e-03 -1.000 1.476e-02 -0.541 -0.235 0.222 0.337 0.388 0.458 0.620 0.669 0.707
0.01471 0.00000 7.69897 3.4000000954 2.7626278400    3.398  2.164  4.1290  4.273    1  0.000  0.538     0.00     0.00     0.00     0.00     0.00 -1    -1e-30      0.00 7.107e-01 2.745e-01 2.620e-03 7.154e-04 6.497e-03 -1.000 1.476e-02 -0.641 -0.320 0.153 0.271 0.324 0.396 0.562 0.613 0.652
0.01471 0.00000 7.69897 3.5041847229 2.7639267445    3.502  2.217  4.1369  4.265    1  0.000  0.538     0.00     0.00     0.00     0.00     0.00 -1    -1e-30      0.00 7.107e-01 2.745e-01 2.620e-03 7.154e-04 6.497e-03 -1.000 1.476e-02 -0.773 -0.432 0.061 0.184 0.238 0.313 0.485 0.537 0.578
0.01471 0.00000 7.69897 3.5999999046 2.7650437355    3.598  2.265  4.1440  4.257    1  0.000  0.538     0.00     0.00     0.00     0.00     0.00 -1    -1e-30      0.00 7.107e-01 2.745e-01 2.620e-03 7.154e-04 6.497e-03 -1.000 1.476e-02 -0.892 -0.533 -0.021 0.105 0.161 0.238 0.415 0.469 0.512
0.01471 0.00000 7.69897 3.7035427094 2.7661747932    3.701  2.315  4.1513  4.249    1  0.000  0.538     0.00     0.00     0.00     0.00     0.00 -1    -1e-30      0.00 7.107e-01 2.745e-01 2.620e-03 7.154e-04 6.497e-03 -1.000 1.476e-02 -1.017 -0.637 -0.108 0.023 0.080 0.159 0.342 0.397 0.441
0.01471 0.00000 7.69897 3.7999999523 2.7671635151    3.798  2.360  4.1578  4.240    1  0.000  0.538     0.00     0.00     0.00     0.00     0.00 -1    -1e-30      0.00 7.107e-01 2.745e-01 2.620e-03 7.154e-04 6.497e-03 -1.000 1.476e-02 -1.131 -0.731 -0.187 -0.053 0.006 0.086 0.275 0.331 0.376
0.01471 0.00000 7.69897 3.8562510014 2.7677135468    3.855  2.387  4.1616  4.236    1  0.000  0.538     0.00     0.00     0.00     0.00     0.00 -1    -1e-30      0.00 7.107e-01 2.745e-01 2.620e-03 7.154e-04 6.497e-03 -1.000 1.476e-02 -1.196 -0.785 -0.232 -0.097 -0.037 0.045 0.236 0.293 0.339
0.01471 0.00000 7.69897 4.0000000000 2.7690365314    4.001  2.452  4.1707  4.223    1  0.000  0.538     0.00     0.00     0.00     0.00     0.00 -1    -1e-30      0.00 7.107e-01 2.745e-01 2.620e-03 7.154e-04 6.497e-03 -1.000 1.476e-02 -1.360 -0.922 -0.348 -0.207 -0.145 -0.061 0.137 0.197 0.244
0.01471 0.00000 7.69897 4.0540814400 2.7695059776    4.054  2.476  4.1741  4.218    1  0.000  0.538     0.00     0.00     0.00     0.00     0.00 -1    -1e-30      0.00 7.107e-01 2.745e-01 2.620e-03 7.154e-04 6.497e-03 -1.000 1.476e-02 -1.421 -0.972 -0.390 -0.248 -0.185 -0.100 0.100 0.160 0.208
0.01471 0.00000 7.69897 4.1999998093 2.7707016468    4.198  2.541  4.1827  4.203    1  0.000  0.538     0.00     0.00     0.00     0.00     0.00 -1    -1e-30      0.00 7.107e-01 2.745e-01 2.620e-03 7.154e-04 6.497e-03 -1.000 1.476e-02 -1.583 -1.106 -0.506 -0.358 -0.294 -0.206 0.000 0.062 0.111
0.01471 0.00000 7.69897 4.3345890045 2.7717213631    4.332  2.599  4.1902  4.189    1  0.000  0.538     0.00     0.00     0.00     0.00     0.00 -1    -1e-30      0.00 7.107e-01 2.745e-01 2.620e-03 7.154e-04 6.497e-03 -1.000 1.476e-02 -1.728 -1.226 -0.610 -0.459 -0.392 -0.302 -0.091 -0.027 0.023
0.01471 0.00000 7.69897 4.4000000954 2.7721905708    4.397  2.627  4.1938  4.181    1  0.000  0.538     0.00     0.00     0.00     0.00     0.00 -1    -1e-30      0.00 7.107e-01 2.745e-01 2.620e-03 7.154e-04 6.497e-03 -1.000 1.476e-02 -1.797 -1.284 -0.661 -0.507 -0.440 -0.349 -0.135 -0.071 -0.020
0.01471 0.00000 7.69897 4.4515571594 2.7725489140    4.449  2.648  4.1965  4.176    1  0.000  0.538     0.00     0.00     0.00     0.00     0.00 -1    -1e-30      0.00 7.107e-01 2.745e-01 2.620e-03 7.154e-04 6.497e-03 -1.000 1.476e-02 -1.851 -1.328 -0.700 -0.545 -0.477 -0.385 -0.170 -0.105 -0.053
0.01471 0.00000 7.69897 4.5999999046 2.7735283375    4.598  2.710  4.2040  4.159    1  0.000  0.538     0.00     0.00     0.00     0.00     0.00 -1    -1e-30      0.00 7.107e-01 2.745e-01 2.620e-03 7.154e-04 6.497e-03 -1.000 1.476e-02 -2.004 -1.457 -0.813 -0.654 -0.584 -0.490 -0.269 -0.203 -0.150
0.01471 0.00000 7.69897 4.6969866753 2.7741291523    4.695  2.749  4.2086  4.147    1  0.000  0.538     0.00     0.00     0.00     0.00     0.00 -1    -1e-30      0.00 7.107e-01 2.745e-01 2.620e-03 7.154e-04 6.497e-03 -1.000 1.476e-02 -2.103 -1.540 -0.886 -0.725 -0.654 -0.558 -0.335 -0.268 -0.214
0.01471 0.00000 7.69897 4.8000001907 2.7747361660    4.798  2.791  4.2133  4.133    1  0.000  0.538     0.00     0.00     0.00     0.00     0.00 -1    -1e-30      0.00 7.107e-01 2.745e-01 2.620e-03 7.154e-04 6.497e-03 -1.000 1.476e-02 -2.207 -1.628 -0.965 -0.801 -0.729 -0.632 -0.405 -0.337 -0.282
0.01471 0.00000 7.69897 4.9277234077 2.7754473686    4.926  2.841  4.2189  4.117    1  0.000  0.538     0.00     0.00     0.00     0.00     0.00 -1    -1e-30      0.00 7.107e-01 2.745e-01 2.620e-03 7.154e-04 6.497e-03 -1.000 1.476e-02 -2.334 -1.735 -1.062 -0.895 -0.822 -0.723 -0.492 -0.423 -0.367
0.01471 0.00000 7.69897 5.0000000000 2.7758312225    4.999  2.870  4.2218  4.106    1  0.000  0.538     0.00     0.00     0.00     0.00     0.00 -1    -1e-30      0.00 7.107e-01 2.745e-01 2.620e-03 7.154e-04 6.497e-03 -1.000 1.476e-02 -2.405 -1.797 -1.118 -0.949 -0.875 -0.775 -0.543 -0.473 -0.417
0.01471 0.00000 7.69897 5.1050467491 2.7763662338    5.105  2.911  4.2260  4.091    1  0.000  0.538     0.00     0.00     0.00     0.00     0.00 -1    -1e-30      0.00 7.107e-01 2.745e-01 2.620e-03 7.154e-04 6.497e-03 -1.000 1.476e-02 -2.507 -1.885 -1.198 -1.027 -0.952 -0.851 -0.615 -0.545 -0.488
0.01471 0.00000 7.69897 5.1999998093 2.7768278122    5.200  2.948  4.2294  4.075    1  0.000  0.538     0.00     0.00     0.00     0.00     0.00 -1    -1e-30      0.00 7.107e-01 2.745e-01 2.620e-03 7.154e-04 6.497e-03 -1.000 1.476e-02 -2.601 -1.967 -1.273 -1.100 -1.024 -0.922 -0.684 -0.613 -0.555
0.01471 0.00000 7.69897 5.2652082443 2.7771337032    5.265  2.974  4.2316  4.064    1  0.000  0.538     0.00     0.00     0.00     0.00     0.00 -1    -1e-30      0.00 7.107e-01 2.745e-01 2.620e-03 7.154e-04 6.497e-03 -1.000 1.476e-02 -2.664 -2.023 -1.324 -1.150 -1.074 -0.971 -0.732 -0.660 -0.602
0.01471 0.00000 7.69897 5.3999996185 2.7777385712    5.401  3.026  4.2357  4.040    1  0.000  0.538     0.00     0.00     0.00     0.00     0.00 -1    -1e-30      0.00 7.107e-01 2.745e-01 2.620e-03 7.154e-04 6.497e-03 -1.000 1.476e-02 -2.794 -2.140 -1.433 -1.256 -1.179 -1.075 -0.833 -0.760 -0.702
0.01471 0.00000 7.69897 5.4278960228 2.7778592110    5.428  3.036  4.2365  4.034    1  0.000  0.538     0.00     0.00     0.00     0.00     0.00 -1    -1e-30      0.00 7.107e-01 2.745e-01 2.620e-03 7.154e-04 6.497e-03 -1.000 1.476e-02 -2.821 -2.164 -1.455 -1.278 -1.201 -1.096 -0.854 -0.781 -0.722
0.01471 0.00000 7.69897 5.5762262344 2.7784776688    5.577  3.093  4.2403  4.005    1  0.000  0.538     0.00     0.00     0.00     0.00     0.00 -1    -1e-30      0.00 7.107e-01 2.745e-01 2.620e-03 7.154e-04 6.497e-03 -1.000 1.476e-02 -2.963 -2.294 -1.578 -1.398 -1.319 -1.214 -0.969 -0.895 -0.836
0.01471 0.00000 7.69897 5.5999994278 2.7785730362    5.601  3.102  4.2409  4.000    1  0.000  0.538     0.00     0.00     0.00     0.00     0.00 -1    -1e-30      0.00 7.107e-01 2.745e-01 2.620e-03 7.154e-04 6.497e-03 -1.000 1.476e-02 -2.986 -2.315 -1.597 -1.417 -1.339 -1.233 -0.988 -0.914 -0.854
0.01471 0.00000 7.69897 5.6172142029 2.7786417007    5.618  3.109  4.2413  3.996    1  0.000  0.538     0.00     0.00     0.00     0.00     0.00 -1    -1e-30      0.00 7.107e-01 2.745e-01 2.620e-03 7.154e-04 6.497e-03 -1.000 1.476e-02 -3.002 -2.330 -1.612 -1.431 -1.352 -1.247 -1.001 -0.928 -0.868
0.01471 0.00000 7.69897 5.7390213013 2.7791132927    5.740  3.156  4.2436  3.968    1  0.000  0.538     0.00     0.00     0.00     0.00     0.00 -1    -1e-30      0.00 7.107e-01 2.745e-01 2.620e-03 7.154e-04 6.497e-03 -1.000 1.476e-02 -3.119 -2.441 -1.717 -1.536 -1.456 -1.350 -1.103 -1.029 -0.968
0.01471 0.00000 7.69897 5.8000001907 2.7793405056    5.801  3.179  4.2444  3.952    1  0.000  0.538     0.00     0.00     0.00     0.00     0.00 -1    -1e-30      0.00 7.107e-01 2.745e-01 2.620e-03 7.154e-04 6.497e-03 -1.000 1.476e-02 -3.179 -2.499 -1.773 -1.591 -1.511 -1.404 -1.157 -1.083 -1.022
0.01471 0.00000 7.69897 5.8282785416 2.7794442177    5.829  3.190  4.2447  3.944    1  0.000  0.538     0.00     0.00     0.00     0.00     0.00 -1    -1e-30      0.00 7.107e-01 2.745e-01 2.620e-03 7.154e-04 6.497e-03 -1.000 1.476e-02 -3.206 -2.525 -1.798 -1.616 -1.536 -1.429 -1.182 -1.107 -1.047
0.01471 0.00000 7.69897 5.9443764687 2.7798569202    5.945  3.235  4.2458  3.912    1  0.000  0.538     0.00     0.00     0.00     0.00     0.00 -1    -1e-30      0.00 7.107e-01 2.745e-01 2.620e-03 7.154e-04 6.497e-03 -1.000 1.476e-02 -3.319 -2.637 -1.907 -1.723 -1.644 -1.536 -1.288 -1.213 -1.152
0.01471 0.00000 7.69897 6.0000000000 2.7800481319    6.000  3.257  4.2459  3.895    1  0.000  0.538     0.00     0.00     0.00     0.00     0.00 -1    -1e-30      0.00 7.107e-01 2.745e-01 2.620e-03 7.154e-04 6.497e-03 -1.000 1.476e-02 -3.373 -2.692 -1.960 -1.777 -1.697 -1.590 -1.341 -1.267 -1.206
0.01471 0.00000 7.69897 6.0514407158 2.7802214622    6.052  3.277  4.2460  3.879    1  0.000  0.538     0.00     0.00     0.00     0.00     0.00 -1    -1e-30      0.00 7.107e-01 2.745e-01 2.620e-03 7.154e-04 6.497e-03 -1.000 1.476e-02 -3.422 -2.742 -2.010 -1.826 -1.747 -1.640 -1.391 -1.316 -1.255
0.01471 0.00000 7.69897 6.1503186226 2.7805447578    6.150  3.316  4.2452  3.844    1  0.000  0.538     0.00     0.00     0.00     0.00     0.00 -1    -1e-30      0.00 7.107e-01 2.745e-01 2.620e-03 7.154e-04 6.497e-03 -1.000 1.476e-02 -3.519 -2.844 -2.112 -1.928 -1.849 -1.742 -1.493 -1.419 -1.358
0.01471 0.00000 7.69897 6.1999998093 2.7807025909    6.200  3.335  4.2444  3.825    1  0.000  0.538     0.00     0.00     0.00     0.00     0.00 -1    -1e-30      0.00 7.107e-01 2.745e-01 2.620e-03 7.154e-04 6.497e-03 -1.000 1.476e-02 -3.568 -2.898 -2.166 -1.982 -1.903 -1.797 -1.548 -1.474 -1.413
0.01471 0.00000 7.69897 6.2902402878 2.7809817791    6.289  3.371  4.2427  3.788    1  0.000  0.538     0.00     0.00     0.00     0.00     0.00 -1    -1e-30      0.00 7.107e-01 2.745e-01 2.620e-03 7.154e-04 6.497e-03 -1.000 1.476e-02 -3.658 -2.997 -2.266 -2.083 -2.005 -1.899 -1.651 -1.578 -1.517
0.01471 0.00000 7.69897 6.3873510361 2.7812721729    6.386  3.411  4.2396  3.743    1  0.000  0.538     0.00     0.00     0.00     0.00     0.00 -1    -1e-30      0.00 7.107e-01 2.745e-01 2.620e-03 7.154e-04 6.497e-03 -1.000 1.476e-02 -3.756 -3.109 -2.382 -2.200 -2.122 -2.017 -1.772 -1.699 -1.639
0.01471 0.00000 7.69897 6.4000000954 2.7813091278    6.399  3.416  4.2392  3.737    1  0.000  0.538     0.00     0.00     0.00     0.00     0.00 -1    -1e-30      0.00 7.107e-01 2.745e-01 2.620e-03 7.154e-04 6.497e-03 -1.000 1.476e-02 -3.769 -3.124 -2.397 -2.215 -2.138 -2.033 -1.788 -1.715 -1.655
0.01471 0.00000 7.69897 6.4158101082 2.7813551426    6.415  3.422  4.2387  3.730    1  0.000  0.538     0.00     0.00     0.00     0.00     0.00 -1    -1e-30      0.00 7.107e-01 2.745e-01 2.620e-03 7.154e-04 6.497e-03 -1.000 1.476e-02 -3.785 -3.142 -2.416 -2.234 -2.157 -2.052 -1.807 -1.735 -1.674
0.01471 0.00000 7.69897 6.5200991631 2.7816524506    6.518  3.465  4.2333  3.673    1  0.000  0.538     0.00     0.00     0.00     0.00     0.00 -1    -1e-30      0.00 7.107e-01 2.745e-01 2.620e-03 7.154e-04 6.497e-03 -1.000 1.476e-02 -3.892 -3.273 -2.554 -2.373 -2.298 -2.195 -1.954 -1.882 -1.823
0.01471 0.00000 7.69897 6.6050510406 2.7818863392    6.603  3.500  4.2272  3.618    1  0.000  0.538     0.00     0.00     0.00     0.00     0.00 -1    -1e-30      0.00 7.107e-01 2.745e-01 2.620e-03 7.154e-04 6.497e-03 -1.000 1.476e-02 -3.981 -3.388 -2.678 -2.499 -2.425 -2.325 -2.087 -2.017 -1.959
0.01471 0.00000 7.69897 6.6862916946 2.7821035385    6.683  3.535  4.2202  3.561    1  0.000  0.538     0.00     0.00     0.00     0.00     0.00 -1    -1e-30      0.00 7.107e-01 2.745e-01 2.620e-03 7.154e-04 6.497e-03 -1.000 1.476e-02 -4.068 -3.504 -2.804 -2.628 -2.556 -2.458 -2.225 -2.156 -2.099
0.01471 0.00000 7.69897 6.7560911179 2.7822854519    6.753  3.566  4.2127  3.504    1  0.000  0.538     0.00     0.00     0.00     0.00     0.00 -1    -1e-30      0.00 7.107e-01 2.745e-01 2.620e-03 7.154e-04 6.497e-03 -1.000 1.476e-02 -4.146 -3.613 -2.924 -2.751 -2.681 -2.586 -2.357 -2.290 -2.234
0.01471 0.00000 7.69897 6.8248310089 2.7824602127    6.821  3.600  4.2058  3.447    1  0.000  0.538     0.00     0.00     0.00     0.00     0.00 -1    -1e-30      0.00 7.107e-01 2.745e-01 2.620e-03 7.154e-04 6.497e-03 -1.000 1.476e-02 -4.231 -3.726 -3.047 -2.877 -2.809 -2.717 -2.492 -2.427 -2.372
0.01471 0.00000 7.69897 6.8494606018 2.7825217247    6.846  3.614  4.2046  3.430    1  0.000  0.538     0.00     0.00     0.00     0.00     0.00 -1    -1e-30      0.00 7.107e-01 2.745e-01 2.620e-03 7.154e-04 6.497e-03 -1.000 1.476e-02 -4.264 -3.765 -3.087 -2.917 -2.850 -2.757 -2.533 -2.468 -2.414
0.01471 0.00000 7.69897 6.8727269173 2.7825794220    6.869  3.631  4.2103  3.437    1  0.000  0.538     0.00     0.00     0.00     0.00     0.00 -1    -1e-30      0.00 7.107e-01 2.745e-01 2.620e-03 7.154e-04 6.497e-03 -1.000 1.476e-02 -4.307 -3.788 -3.100 -2.927 -2.859 -2.764 -2.537 -2.470 -2.415
0.01471 0.00000 7.69897 6.8885650635 2.7826185226    6.885  3.648  4.2210  3.464    1  0.000  0.538     0.00     0.00     0.00     0.00     0.00 -1    -1e-30      0.00 7.107e-01 2.745e-01 2.620e-03 7.154e-04 6.497e-03 -1.000 1.476e-02 -4.351 -3.792 -3.085 -2.908 -2.836 -2.738 -2.503 -2.435 -2.377
0.01471 0.00000 7.69897 6.8938088417 2.7826313972    6.890  3.662  4.2320  3.494    1  0.000  0.538     0.00     0.00     0.00     0.00     0.00 -1    -1e-30      0.00 7.107e-01 2.745e-01 2.620e-03 7.154e-04 6.497e-03 -1.000 1.476e-02 -4.385 -3.784 -3.059 -2.877 -2.802 -2.700 -2.459 -2.388 -2.328
0.01471 0.00000 7.69897 6.8962488174 2.7826373577    6.892  3.677  4.2428  3.523    1  0.000  0.538     0.00     0.00     0.00     0.00     0.00 -1    -1e-30      0.00 7.107e-01 2.745e-01 2.620e-03 7.154e-04 6.497e-03 -1.000 1.476e-02 -4.422 -3.780 -3.036 -2.850 -2.772 -2.667 -2.418 -2.345 -2.284
0.01471 0.00000 7.69897 6.8974561691 2.7826402187    6.893  3.692  4.2523  3.545    1  0.000  0.538     0.00     0.00     0.00     0.00     0.00 -1    -1e-30      0.00 7.107e-01 2.745e-01 2.620e-03 7.154e-04 6.497e-03 -1.000 1.476e-02 -4.461 -3.783 -3.024 -2.833 -2.753 -2.645 -2.390 -2.315 -2.252
0.01471 0.00000 7.69897 6.8982415199 2.7826423645    6.894  3.709  4.2609  3.563    1  0.000  0.538     0.00     0.00     0.00     0.00     0.00 -1    -1e-30      0.00 7.107e-01 2.745e-01 2.620e-03 7.154e-04 6.497e-03 -1.000 1.476e-02 -4.502 -3.792 -3.018 -2.824 -2.742 -2.631 -2.371 -2.293 -2.229
0.01471 0.00000 7.69897 6.8983354568 2.7826423645    6.894  3.710  4.2618  3.565    1  0.000  0.538     0.00     0.00     0.00     0.00     0.00 -1    -1e-30      0.00 7.107e-01 2.745e-01 2.620e-03 7.154e-04 6.497e-03 -1.000 1.476e-02 -4.506 -3.793 -3.017 -2.823 -2.740 -2.629 -2.368 -2.291 -2.226
0.01471 0.00000 7.69897 6.8986425400 2.7826433182    6.895  3.689  4.2554  3.560    2  0.000  0.538     0.00     0.00     0.00     0.00     0.00 -1    -1e-30      0.00 7.107e-01 2.745e-01 2.620e-03 7.154e-04 6.497e-03 -1.000 1.476e-02 -4.454 -3.764 -3.000 -2.808 -2.727 -2.618 -2.361 -2.285 -2.222
0.01471 0.00000 7.69897 6.8988909721 2.7826437950    6.895  3.671  4.2475  3.547    2  0.000  0.538     0.00     0.00     0.00     0.00     0.00 -1    -1e-30      0.00 7.107e-01 2.745e-01 2.620e-03 7.154e-04 6.497e-03 -1.000 1.476e-02 -4.408 -3.748 -2.997 -2.809 -2.730 -2.623 -2.372 -2.297 -2.235
0.01471 0.00000 7.69897 6.8991060257 2.7826442719    6.895  3.659  4.2385  3.523    2  0.000  0.538     0.00     0.00     0.00     0.00     0.00 -1    -1e-30      0.00 7.107e-01 2.745e-01 2.620e-03 7.154e-04 6.497e-03 -1.000 1.476e-02 -4.378 -3.751 -3.016 -2.831 -2.755 -2.651 -2.405 -2.333 -2.272
0.01471 0.00000 7.69897 6.8993601799 2.7826449871    6.895  3.654  4.2266  3.480    2  0.000  0.538     0.00     0.00     0.00     0.00     0.00 -1    -1e-30      0.00 7.107e-01 2.745e-01 2.620e-03 7.154e-04 6.497e-03 -1.000 1.476e-02 -4.366 -3.785 -3.069 -2.890 -2.816 -2.717 -2.478 -2.409 -2.350
0.01471 0.00000 7.69897 6.8996090889 2.7826457024    6.896  3.658  4.2147  3.429    2  0.000  0.538     0.00     0.00     0.00     0.00     0.00 -1    -1e-30      0.00 7.107e-01 2.745e-01 2.620e-03 7.154e-04 6.497e-03 -1.000 1.476e-02 -4.376 -3.842 -3.145 -2.970 -2.901 -2.805 -2.574 -2.507 -2.451
0.01471 0.00000 7.69897 6.8998618126 2.7826461792    6.896  3.668  4.2027  3.371    2  0.000  0.538     0.00     0.00     0.00     0.00     0.00 -1    -1e-30      0.00 7.107e-01 2.745e-01 2.620e-03 7.154e-04 6.497e-03 -1.000 1.476e-02 -4.400 -3.912 -3.234 -3.065 -2.999 -2.907 -2.684 -2.620 -2.565
0.01471 0.00000 7.69897 6.9001178741 2.7826468945    6.896  3.678  4.1907  3.313    2  0.000  0.538     0.00     0.00     0.00     0.00     0.00 -1    -1e-30      0.00 7.107e-01 2.745e-01 2.620e-03 7.154e-04 6.497e-03 -1.000 1.476e-02 -4.426 -3.984 -3.325 -3.161 -3.099 -3.011 -2.796 -2.735 -2.682
0.01471 0.00000 7.69897 6.9003744125 2.7826473713    6.896  3.687  4.1787  3.256    2  0.000  0.538     0.00     0.00     0.00     0.00     0.00 -1    -1e-30      0.00 7.107e-01 2.745e-01 2.620e-03 7.154e-04 6.497e-03 -1.000 1.476e-02 -4.447 -4.050 -3.412 -3.253 -3.194 -3.111 -2.904 -2.846 -2.795
0.01471 0.00000 7.69897 6.9006295204 2.7826480865    6.897  3.694  4.1667  3.202    2  0.000  0.538     0.00     0.00     0.00     0.00     0.00 -1    -1e-30      0.00 7.107e-01 2.745e-01 2.620e-03 7.154e-04 6.497e-03 -1.000 1.476e-02 -4.464 -4.110 -3.493 -3.340 -3.284 -3.206 -3.007 -2.951 -2.902
0.01471 0.00000 7.69897 6.9008817673 2.7826488018    6.897  3.698  4.1546  3.149    2  0.000  0.538     0.00     0.00     0.00     0.00     0.00 -1    -1e-30      0.00 7.107e-01 2.745e-01 2.620e-03 7.154e-04 6.497e-03 -1.000 1.476e-02 -4.476 -4.164 -3.569 -3.422 -3.370 -3.295 -3.105 -3.052 -3.005
0.01471 0.00000 7.69897 6.9011287689 2.7826492786    6.897  3.702  4.1426  3.098    2  0.000  0.538     0.00     0.00     0.00     0.00     0.00 -1    -1e-30      0.00 7.107e-01 2.745e-01 2.620e-03 7.154e-04 6.497e-03 -1.000 1.476e-02 -4.484 -4.213 -3.641 -3.499 -3.450 -3.380 -3.199 -3.149 -3.104
0.01471 0.00000 7.69897 6.9013686180 2.7826499939    6.897  3.704  4.1306  3.047    2  0.000  0.538     0.00     0.00     0.00     0.00     0.00 -1    -1e-30      0.00 7.107e-01 2.745e-01 2.620e-03 7.154e-04 6.497e-03 -1.000 1.476e-02 -4.489 -4.256 -3.710 -3.572 -3.527 -3.462 -3.289 -3.242 -3.199
0.01471 0.00000 7.69897 6.9016017914 2.7826504707    6.898  3.705  4.1185  2.998    2  0.000  0.538     0.00     0.00     0.00     0.00     0.00 -1    -1e-30      0.00 7.107e-01 2.745e-01 2.620e-03 7.154e-04 6.497e-03 -1.000 1.476e-02 -4.492 -4.297 -3.775 -3.643 -3.602 -3.541 -3.377 -3.333 -3.292
0.01471 0.00000 7.69897 6.9018263817 2.7826509476    6.898  3.705  4.1064  2.950    2  0.000  0.538     0.00     0.00     0.00     0.00     0.00 -1    -1e-30      0.00 7.107e-01 2.745e-01 2.620e-03 7.154e-04 6.497e-03 -1.000 1.476e-02 -4.492 -4.334 -3.837 -3.711 -3.673 -3.617 -3.463 -3.422 -3.383
0.01471 0.00000 7.69897 6.9020953178 2.7826516628    6.898  3.704  4.0914  2.890    2  0.000  0.538     0.00     0.00     0.00     0.00     0.00 -1    -1e-30      0.00 7.107e-01 2.745e-01 2.620e-03 7.154e-04 6.497e-03 -1.000 1.476e-02 -4.491 -4.372 -3.910 -3.791 -3.758 -3.708 -3.566 -3.529 -3.493
0.01471 0.00000 7.69897 6.9023013115 2.7826521397    6.898  3.703  4.0793  2.843    2  0.000  0.538     0.00     0.00     0.00     0.00     0.00 -1    -1e-30      0.00 7.107e-01 2.745e-01 2.620e-03 7.154e-04 6.497e-03 -1.000 1.476e-02 -4.488 -4.399 -3.965 -3.853 -3.823 -3.778 -3.646 -3.613 -3.578
0.01471 0.00000 7.69897 6.9024977684 2.7826526165    6.898  3.701  4.0673  2.797    2  0.000  0.538     0.00     0.00     0.00     0.00     0.00 -1    -1e-30      0.00 7.107e-01 2.745e-01 2.620e-03 7.154e-04 6.497e-03 -1.000 1.476e-02 -4.484 -4.420 -4.018 -3.912 -3.885 -3.845 -3.724 -3.694 -3.662
0.01471 0.00000 7.69897 6.9026861191 2.7826530933    6.899  3.699  4.0552  2.751    2  0.000  0.538     0.00     0.00     0.00     0.00     0.00 -1    -1e-30      0.00 7.107e-01 2.745e-01 2.620e-03 7.154e-04 6.497e-03 -1.000 1.476e-02 -4.478 -4.437 -4.068 -3.968 -3.945 -3.909 -3.799 -3.773 -3.743
0.01471 0.00000 7.69897 6.9028649330 2.7826535702    6.899  3.697  4.0432  2.705    2  0.000  0.538     0.00     0.00     0.00     0.00     0.00 -1    -1e-30      0.00 7.107e-01 2.745e-01 2.620e-03 7.154e-04 6.497e-03 -1.000 1.476e-02 -4.471 -4.450 -4.116 -4.022 -4.002 -3.971 -3.873 -3.851 -3.823
0.01471 0.00000 7.69897 6.9030356407 2.7826540470    6.899  3.693  4.0312  2.660    2  0.000  0.538     0.00     0.00     0.00     0.00     0.00 -1    -1e-30      0.00 7.107e-01 2.745e-01 2.620e-03 7.154e-04 6.497e-03 -1.000 1.476e-02 -4.464 -4.458 -4.161 -4.073 -4.057 -4.031 -3.945 -3.927 -3.901
0.01471 0.00000 7.69897 6.9031977654 2.7826542854    6.899  3.690  4.0191  2.615    2  0.000  0.538     0.00     0.00     0.00     0.00     0.00 -1    -1e-30      0.00 7.107e-01 2.745e-01 2.620e-03 7.154e-04 6.497e-03 -1.000 1.476e-02 -4.455 -4.463 -4.204 -4.122 -4.109 -4.088 -4.016 -4.002 -3.979
0.01471 0.00000 7.69897 6.9033894539 2.7826547623    6.899  3.685  4.0040  2.560    2  0.000  0.538     0.00     0.00     0.00     0.00     0.00 -1    -1e-30      0.00 7.107e-01 2.745e-01 2.620e-03 7.154e-04 6.497e-03 -1.000 1.476e-02 -4.443 -4.463 -4.254 -4.180 -4.171 -4.157 -4.102 -4.094 -4.074
0.01471 0.00000 7.69897 6.9035348892 2.7826552391    6.899  3.681  3.9920  2.516    2  0.000  0.538     0.00     0.00     0.00     0.00     0.00 -1    -1e-30      0.00 7.107e-01 2.745e-01 2.620e-03 7.154e-04 6.497e-03 -1.000 1.476e-02 -4.433 -4.459 -4.291 -4.224 -4.218 -4.210 -4.170 -4.166 -4.150
0.01471 0.00000 7.69897 6.9036722183 2.7826554775    6.900  3.677  3.9800  2.472    2  0.000  0.538     0.00     0.00     0.00     0.00     0.00 -1    -1e-30      0.00 7.107e-01 2.745e-01 2.620e-03 7.154e-04 6.497e-03 -1.000 1.476e-02 -4.422 -4.451 -4.324 -4.265 -4.263 -4.261 -4.237 -4.238 -4.225
0.01471 0.00000 7.69897 6.9038033485 2.7826559544    6.900  3.672  3.9680  2.429    2  0.000  0.538     0.00     0.00     0.00     0.00     0.00 -1    -1e-30      0.00 7.107e-01 2.745e-01 2.620e-03 7.154e-04 6.497e-03 -1.000 1.476e-02 -4.410 -4.438 -4.352 -4.303 -4.305 -4.311 -4.303 -4.309 -4.300
0.01471 0.00000 7.69897 6.9039282799 2.7826561928    6.900  3.667  3.9560  2.385    2  0.000  0.538     0.00     0.00     0.00     0.00     0.00 -1    -1e-30      0.00 7.107e-01 2.745e-01 2.620e-03 7.154e-04 6.497e-03 -1.000 1.476e-02 -4.398 -4.419 -4.375 -4.338 -4.346 -4.359 -4.368 -4.380 -4.375
0.01471 0.00000 7.69897 6.9040470123 2.7826564312    6.900  3.662  3.9440  2.343    2  0.000  0.538     0.00     0.00     0.00     0.00     0.00 -1    -1e-30      0.00 7.107e-01 2.745e-01 2.620e-03 7.154e-04 6.497e-03 -1.000 1.476e-02 -4.385 -4.395 -4.392 -4.369 -4.384 -4.405 -4.432 -4.450 -4.449
0.01471 0.00000 7.69897 6.9041609764 2.7826566696    6.900  3.657  3.9319  2.300    2  0.000  0.538     0.00     0.00     0.00     0.00     0.00 -1    -1e-30      0.00 7.107e-01 2.745e-01 2.620e-03 7.154e-04 6.497e-03 -1.000 1.476e-02 -4.372 -4.361 -4.403 -4.395 -4.418 -4.449 -4.495 -4.521 -4.523
0.01471 0.00000 7.69897 6.9042687416 2.7826569080    6.900  3.651  3.9199  2.257    2  0.000  0.538     0.00     0.00     0.00     0.00     0.00 -1    -1e-30      0.00 7.107e-01 2.745e-01 2.620e-03 7.154e-04 6.497e-03 -1.000 1.476e-02 -4.359 -4.316 -4.401 -4.414 -4.448 -4.490 -4.557 -4.591 -4.597
0.01471 0.00000 7.69897 6.9043712616 2.7826571465    6.900  3.646  3.9079  2.215    2  0.000  0.538     0.00     0.00     0.00     0.00     0.00 -1    -1e-30      0.00 7.107e-01 2.745e-01 2.620e-03 7.154e-04 6.497e-03 -1.000 1.476e-02 -4.345 -4.263 -4.386 -4.425 -4.473 -4.529 -4.617 -4.662 -4.671
0.01471 0.00000 7.69897 6.9044690132 2.7826573849    6.900  3.640  3.8958  2.172    2  0.000  0.538     0.00     0.00     0.00     0.00     0.00 -1    -1e-30      0.00 7.107e-01 2.745e-01 2.620e-03 7.154e-04 6.497e-03 -1.000 1.476e-02 -4.330 -4.204 -4.361 -4.428 -4.494 -4.565 -4.676 -4.733 -4.746
0.01471 0.00000 7.69897 6.9045610428 2.7826576233    6.900  3.634  3.8838  2.130    2  0.000  0.538     0.00     0.00     0.00     0.00     0.00 -1    -1e-30      0.00 7.107e-01 2.745e-01 2.620e-03 7.154e-04 6.497e-03 -1.000 1.476e-02 -4.315 -4.140 -4.324 -4.425 -4.511 -4.599 -4.734 -4.805 -4.821
0.01471 0.00000 7.69897 6.9046487808 2.7826578617    6.901  3.628  3.8718  2.088    2  0.000  0.538     0.00     0.00     0.00     0.00     0.00 -1    -1e-30      0.00 7.107e-01 2.745e-01 2.620e-03 7.154e-04 6.497e-03 -1.000 1.476e-02 -4.301 -4.074 -4.277 -4.416 -4.524 -4.631 -4.790 -4.878 -4.897
0.01471 0.00000 7.69897 6.9047322273 2.7826581001    6.901  3.622  3.8598  2.046    2  0.000  0.538     0.00     0.00     0.00     0.00     0.00 -1    -1e-30      0.00 7.107e-01 2.745e-01 2.620e-03 7.154e-04 6.497e-03 -1.000 1.476e-02 -4.285 -4.004 -4.221 -4.402 -4.534 -4.663 -4.846 -4.951 -4.974
0.01471 0.00000 7.69897 6.9048109055 2.7826583385    6.901  3.616  3.8479  2.005    2  0.000  0.538     0.00     0.00     0.00     0.00     0.00 -1    -1e-30      0.00 7.107e-01 2.745e-01 2.620e-03 7.154e-04 6.497e-03 -1.000 1.476e-02 -4.270 -3.928 -4.149 -4.384 -4.544 -4.693 -4.902 -5.026 -5.051
0.01471 0.00000 7.69897 6.9048862457 2.7826585770    6.901  3.609  3.8360  1.963    2  0.000  0.538     0.00     0.00     0.00     0.00     0.00 -1    -1e-30      0.00 7.107e-01 2.745e-01 2.620e-03 7.154e-04 6.497e-03 -1.000 1.476e-02 -4.254 -3.849 -4.073 -4.361 -4.549 -4.721 -4.955 -5.101 -5.128
0.01471 0.00000 7.69897 6.9049582481 2.7826585770    6.901  3.603  3.8240  1.922    2  0.000  0.538     0.00     0.00     0.00     0.00     0.00 -1    -1e-30      0.00 7.107e-01 2.745e-01 2.620e-03 7.154e-04 6.497e-03 -1.000 1.476e-02 -4.237 -3.764 -3.992 -4.334 -4.550 -4.745 -5.006 -5.174 -5.204
0.01471 0.00000 7.69897 6.9050264359 2.7826588154    6.901  3.596  3.8120  1.881    2  0.000  0.538     0.00     0.00     0.00     0.00     0.00 -1    -1e-30      0.00 7.107e-01 2.745e-01 2.620e-03 7.154e-04 6.497e-03 -1.000 1.476e-02 -4.220 -3.670 -3.907 -4.303 -4.548 -4.766 -5.055 -5.247 -5.280
0.01471 0.00000 7.69897 6.9050908089 2.7826590538    6.901  3.589  3.8001  1.840    2  0.000  0.538     0.00     0.00     0.00     0.00     0.00 -1    -1e-30      0.00 7.107e-01 2.745e-01 2.620e-03 7.154e-04 6.497e-03 -1.000 1.476e-02 -4.203 -3.562 -3.814 -4.269 -4.544 -4.785 -5.102 -5.318 -5.355
0.01471 0.00000 7.69897 6.9051518440 2.7826590538    6.901  3.582  3.7881  1.799    2  0.000  0.538     0.00     0.00     0.00     0.00     0.00 -1    -1e-30      0.00 7.107e-01 2.745e-01 2.620e-03 7.154e-04 6.497e-03 -1.000 1.476e-02 -4.185 -3.438 -3.713 -4.231 -4.536 -4.801 -5.148 -5.390 -5.430
0.01471 0.00000 7.69897 6.9052109718 2.7826592922    6.901  3.575  3.7761  1.759    2  0.000  0.538     0.00     0.00     0.00     0.00     0.00 -1    -1e-30      0.00 7.107e-01 2.745e-01 2.620e-03 7.154e-04 6.497e-03 -1.000 1.476e-02 -4.167 -3.285 -3.600 -4.189 -4.527 -4.817 -5.195 -5.464 -5.508
0.01471 0.00000 7.69897 6.9052662849 2.7826595306    6.901  3.567  3.7642  1.719    2  0.000  0.538     0.00     0.00     0.00     0.00     0.00 -1    -1e-30      0.00 7.107e-01 2.745e-01 2.620e-03 7.154e-04 6.497e-03 -1.000 1.476e-02 -4.148 -3.115 -3.479 -4.140 -4.513 -4.828 -5.239 -5.538 -5.587
0.01471 0.00000 7.69897 6.9053192139 2.7826595306    6.901  3.560  3.7523  1.679    2  0.000  0.538     0.00     0.00     0.00     0.00     0.00 -1    -1e-30      0.00 7.107e-01 2.745e-01 2.620e-03 7.154e-04 6.497e-03 -1.000 1.476e-02 -4.129 -2.935 -3.361 -4.090 -4.494 -4.832 -5.276 -5.604 -5.656
0.01471 0.00000 7.69897 6.9053688049 2.7826597691    6.901  3.552  3.7405  1.639    2  0.000  0.538     0.00     0.00     0.00     0.00     0.00 -1    -1e-30      0.00 7.107e-01 2.745e-01 2.620e-03 7.154e-04 6.497e-03 -1.000 1.476e-02 -4.110 -2.738 -3.240 -4.035 -4.471 -4.832 -5.309 -5.666 -5.723
0.01471 0.00000 7.69897 6.9054174423 2.7826597691    6.901  3.544  3.7288  1.600    2  0.000  0.538     0.00     0.00     0.00     0.00     0.00 -1    -1e-30      0.00 7.107e-01 2.745e-01 2.620e-03 7.154e-04 6.497e-03 -1.000 1.476e-02 -4.089 -2.534 -3.112 -3.974 -4.440 -4.824 -5.338 -5.727 -5.785
0.01471 0.00000 7.69897 6.9054641724 2.7826600075    6.901  3.535  3.7173  1.563    2  0.000  0.538     0.00     0.00     0.00     0.00     0.00 -1    -1e-30      0.00 7.107e-01 2.745e-01 2.620e-03 7.154e-04 6.497e-03 -1.000 1.476e-02 -4.067 -2.313 -2.981 -3.908 -4.405 -4.810 -5.362 -5.783 -5.843
0.01471 0.00000 7.69897 6.9055128098 2.7826600075    6.901  3.525  3.7059  1.528    2  0.000  0.538     0.00     0.00     0.00     0.00     0.00 -1    -1e-30      0.00 7.107e-01 2.745e-01 2.620e-03 7.154e-04 6.497e-03 -1.000 1.476e-02 -4.042 -2.074 -2.844 -3.835 -4.362 -4.788 -5.379 -5.832 -5.895
0.01471 0.00000 7.69897 6.9055662155 2.7826602459    6.901  3.512  3.6948  1.496    2  0.000  0.538     0.00     0.00     0.00     0.00     0.00 -1    -1e-30      0.00 7.107e-01 2.745e-01 2.620e-03 7.154e-04 6.497e-03 -1.000 1.476e-02 -4.011 -1.820 -2.702 -3.753 -4.310 -4.756 -5.387 -5.872 -5.939
0.01471 0.00000 7.69897 6.9056291580 2.7826602459    6.901  3.497  3.6841  1.468    2  0.000  0.538     0.00     0.00     0.00     0.00     0.00 -1    -1e-30      0.00 7.107e-01 2.745e-01 2.620e-03 7.154e-04 6.497e-03 -1.000 1.476e-02 -3.973 -1.558 -2.551 -3.660 -4.245 -4.711 -5.384 -5.898 -5.971
0.01471 0.00000 7.69897 6.9057245255 2.7826604843    6.902  3.474  3.6739  1.450    2  0.000  0.538     0.00     0.00     0.00     0.00     0.00 -1    -1e-30      0.00 7.107e-01 2.745e-01 2.620e-03 7.154e-04 6.497e-03 -1.000 1.476e-02 -3.915 -1.360 -2.396 -3.555 -4.162 -4.641 -5.353 -5.885 -5.972
0.01471 0.00000 7.69897 6.9058327675 2.7826607227    6.902  3.448  3.6649  1.440    2  0.000  0.538     0.00     0.00     0.00     0.00     0.00 -1    -1e-30      0.00 7.107e-01 2.745e-01 2.620e-03 7.154e-04 6.497e-03 -1.000 1.476e-02 -3.851 -1.175 -2.243 -3.444 -4.069 -4.562 -5.310 -5.858 -5.957
0.01471 0.00000 7.69897 6.9059500694 2.7826611996    6.902  3.427  3.6562  1.427    2  0.000  0.538     0.00     0.00     0.00     0.00     0.00 -1    -1e-30      0.00 7.107e-01 2.745e-01 2.620e-03 7.154e-04 6.497e-03 -1.000 1.476e-02 -3.797 -0.983 -2.094 -3.339 -3.982 -4.492 -5.275 -5.840 -5.953
0.01471 0.00000 7.69897 6.9060339928 2.7826611996    6.902  3.418  3.6502  1.411    2  0.000  0.538     0.00     0.00     0.00     0.00     0.00 -1    -1e-30      0.00 7.107e-01 2.745e-01 2.620e-03 7.154e-04 6.497e-03 -1.000 1.476e-02 -3.776 -0.813 -1.998 -3.274 -3.935 -4.460 -5.269 -5.851 -5.970
0.01471 0.00000 7.69897 6.9061107635 2.7826614380    6.902  3.430  3.6444  1.376    3  0.000  0.538     0.00     0.00     0.00     0.00     0.00 -1    -1e-30      0.00 7.107e-01 2.745e-01 2.620e-03 7.154e-04 6.497e-03 -1.000 1.476e-02 -3.806 -0.685 -1.950 -3.258 -3.938 -4.479 -5.312 -5.913 -6.037
0.01471 0.00000 7.69897 6.9062089920 2.7826616764    6.902  3.468  3.6362  1.305    3  0.000  0.537     0.00     0.00     0.00     0.00     0.00 -1    -1e-30      0.00 7.107e-01 2.745e-01 2.616e-03 7.163e-04 6.497e-03 -1.000 1.476e-02 -3.901 -0.543 -1.929 -3.284 -3.993 -4.557 -5.427 -6.051 -6.185
0.01471 0.00000 7.69897 6.9062752724 2.7826619148    6.902  3.508  3.6303  1.243    3  0.000  0.532     0.00     0.00     0.00     0.00     0.00 -1    -1e-30      0.00 7.107e-01 2.745e-01 2.593e-03 7.265e-04 6.497e-03 -1.000 1.477e-02 -3.999 -0.464 -1.940 -3.330 -4.060 -4.643 -5.539 -6.180 -6.321
0.01471 0.00000 7.69897 6.9063272476 2.7826619148    6.902  3.544  3.6256  1.187    3  0.000  0.519     0.00     0.00     0.00     0.00     0.00 -1    -1e-30      0.00 7.107e-01 2.745e-01 2.530e-03 7.715e-04 6.497e-03 -1.000 1.481e-02 -4.091 -0.413 -1.960 -3.377 -4.125 -4.725 -5.641 -6.297 -6.443
0.01471 0.00000 7.69897 6.9063749313 2.7826621532    6.902  3.579  3.6215  1.136    3  0.000  0.497     0.00     0.00     0.00     0.00     0.00 -1    -1e-30      0.00 7.106e-01 2.746e-01 2.422e-03 8.768e-04 6.497e-03 -1.000 1.480e-02 -4.177 -0.372 -1.982 -3.424 -4.188 -4.802 -5.737 -6.404 -6.556
0.01471 0.00000 7.69897 6.9064106941 2.7826621532    6.902  3.604  3.6186  1.099    3  0.000  0.476     0.00     0.00     0.00     0.00     0.00 -1    -1e-30      0.00 7.106e-01 2.746e-01 2.321e-03 9.909e-04 6.497e-03 -1.000 1.476e-02 -4.241 -0.343 -1.998 -3.458 -4.234 -4.859 -5.807 -6.483 -6.639
0.01471 0.00000 7.69897 6.9064383507 2.7826623917    6.902  3.622  3.6167  1.073    3  0.000  0.463     0.00     0.00     0.00     0.00     0.00 -1    -1e-30      0.00 7.106e-01 2.746e-01 2.256e-03 1.070e-03 6.497e-03 -1.000 1.477e-02 -4.286 -0.327 -2.012 -3.483 -4.267 -4.899 -5.856 -6.538 -6.696
0.01471 0.00000 7.69897 6.9064993858 2.7826623917    6.902  3.658  3.6130  1.023    3  0.000  0.441     0.00     0.00     0.00     0.00     0.00 -1    -1e-30      0.00 7.105e-01 2.746e-01 2.148e-03 1.204e-03 6.497e-03 -1.000 1.486e-02 -4.376 -0.295 -2.039 -3.533 -4.332 -4.979 -5.954 -6.646 -6.810
0.01471 0.00000 7.69897 6.9065170288 2.7826623917    6.902  3.666  3.6122  1.012    3  0.000  0.437     0.00     0.00     0.00     0.00     0.00 -1    -1e-30      0.00 7.105e-01 2.746e-01 2.130e-03 1.226e-03 6.497e-03 -1.000 1.486e-02 -4.395 -0.289 -2.045 -3.544 -4.346 -4.996 -5.974 -6.669 -6.833
0.01471 0.00000 7.69897 6.9066314697 2.7826628685    6.902  3.700  3.6088  0.964    3  0.000  0.422     0.00     0.00     0.00     0.00     0.00 -1    -1e-30      0.00 7.105e-01 2.746e-01 2.056e-03 1.317e-03 6.497e-03 -1.000 1.486e-02 -4.481 -0.258 -2.069 -3.590 -4.407 -5.073 -6.068 -6.772 -6.942
0.01471 0.00000 7.69897 6.9068603516 2.7826633453    6.903  3.738  3.6049  0.911    3  0.000  0.407     0.00     0.00     0.00     0.00     0.00 -1    -1e-30      0.00 7.104e-01 2.748e-01 1.981e-03 1.417e-03 6.487e-03 -1.000 1.486e-02 -4.575 -0.223 -2.092 -3.637 -4.471 -5.157 -6.170 -6.885 -7.061
0.01471 0.00000 7.69897 6.9073162079 2.7826645374    6.903  3.777  3.6009  0.856    3  0.000  0.398     0.00     0.00     0.00     0.00     0.00 -1    -1e-30      0.00 7.089e-01 2.762e-01 1.908e-03 1.586e-03 6.397e-03 -1.000 1.486e-02 -4.672 -0.187 -2.116 -3.685 -4.537 -5.243 -6.277 -7.003 -7.185
0.01471 0.00000 7.69897 6.9078736305 2.7826657295    6.904  3.817  3.5970  0.800    3  0.000  0.393     0.00     0.00     0.00     0.00     0.00 -1    -1e-30      0.00 7.055e-01 2.797e-01 1.842e-03 1.803e-03 6.243e-03 -1.000 1.486e-02 -4.772 -0.159 -2.140 -3.730 -4.601 -5.331 -6.385 -7.122 -7.310
0.01471 0.00000 7.69897 6.9084815979 2.7826673985    6.904  3.856  3.5933  0.746    3  0.000  0.392     0.00     0.00     0.00     0.00     0.00 -1    -1e-30      0.00 7.002e-01 2.849e-01 1.784e-03 2.026e-03 6.070e-03 -1.000 1.486e-02 -4.871 -0.137 -2.166 -3.776 -4.666 -5.420 -6.493 -7.239 -7.433
0.01471 0.00000 7.69897 6.9090890884 2.7826688290    6.905  3.892  3.5901  0.697    3  0.000  0.391     0.00     0.00     0.00     0.00     0.00 -1    -1e-30      0.00 6.946e-01 2.905e-01 1.740e-03 2.205e-03 5.928e-03 -1.000 1.486e-02 -4.961 -0.120 -2.191 -3.820 -4.725 -5.499 -6.589 -7.345 -7.544
0.01471 0.00000 7.69897 6.9097881317 2.7826704979    6.906  3.925  3.5872  0.653    3  0.000  0.391     0.00     0.00     0.00     0.00     0.00 -1    -1e-30      0.00 6.894e-01 2.957e-01 1.707e-03 2.341e-03 5.819e-03 -1.000 1.486e-02 -5.042 -0.113 -2.211 -3.853 -4.773 -5.571 -6.677 -7.440 -7.644
0.01471 0.00000 7.69897 6.9118514061 2.7826755047    6.908  3.962  3.5839  0.603    3  0.000  0.391     0.00     0.00     0.00     0.00     0.00 -1    -1e-30      0.00 6.842e-01 3.009e-01 1.680e-03 2.455e-03 5.727e-03 -1.000 1.486e-02 -5.136 -0.105 -2.235 -3.892 -4.829 -5.654 -6.779 -7.550 -7.759
0.01471 0.00000 7.69897 6.9185867310 2.7826919556    6.914  3.948  3.5856  0.624    4  0.000  0.391     0.00     0.00     0.00     0.00     0.00 -1    -1e-30      0.00 6.843e-01 3.009e-01 1.680e-03 2.455e-03 5.727e-03 -1.000 1.486e-02 -5.100 -0.118 -2.234 -3.884 -4.813 -5.624 -6.739 -7.505 -7.712
0.01471 0.00000 7.69897 6.9301600456 2.7827200890    6.926  3.914  3.5893  0.673    4  0.000  0.391     0.00     0.00     0.00     0.00     0.00 -1    -1e-30      0.00 6.843e-01 3.009e-01 1.680e-03 2.455e-03 5.727e-03 -1.000 1.486e-02 -5.015 -0.140 -2.225 -3.860 -4.770 -5.551 -6.646 -7.403 -7.604
0.01471 0.00000 7.69897 6.9387111664 2.7827405930    6.934  3.880  3.5927  0.721    4  0.000  0.391     0.00     0.00     0.00     0.00     0.00 -1    -1e-30      0.00 6.843e-01 3.009e-01 1.680e-03 2.455e-03 5.727e-03 -1.000 1.486e-02 -4.931 -0.166 -2.210 -3.827 -4.720 -5.478 -6.554 -7.302 -7.497
0.01471 0.00000 7.69897 6.9462575912 2.7827589512    6.942  3.847  3.5961  0.769    4  0.000  0.391     0.00     0.00     0.00     0.00     0.00 -1    -1e-30      0.00 6.843e-01 3.009e-01 1.680e-03 2.455e-03 5.727e-03 -1.000 1.486e-02 -4.847 -0.192 -2.194 -3.792 -4.668 -5.404 -6.463 -7.201 -7.391
0.01471 0.00000 7.69897 6.9545836449 2.7827789783    6.950  3.809  3.6001  0.824    4  0.000  0.391     0.00     0.00     0.00     0.00     0.00 -1    -1e-30      0.00 6.843e-01 3.009e-01 1.680e-03 2.455e-03 5.727e-03 -1.000 1.486e-02 -4.751 -0.222 -2.175 -3.752 -4.609 -5.320 -6.358 -7.086 -7.269
0.01471 0.00000 7.69897 6.9618949890 2.7827966213    6.957  3.776  3.6036  0.871    4  0.000  0.391     0.00     0.00     0.00     0.00     0.00 -1    -1e-30      0.00 6.843e-01 3.008e-01 1.680e-03 2.455e-03 5.727e-03 -1.000 1.486e-02 -4.669 -0.256 -2.157 -3.713 -4.555 -5.247 -6.268 -6.986 -7.164
0.01471 0.00000 7.69897 6.9720520973 2.7828207016    6.967  3.735  3.6081  0.930    4  0.000  0.391     0.00     0.00     0.00     0.00     0.00 -1    -1e-30      0.00 6.843e-01 3.008e-01 1.680e-03 2.455e-03 5.727e-03 -1.000 1.486e-02 -4.568 -0.304 -2.138 -3.668 -4.489 -5.158 -6.157 -6.862 -7.033
0.01471 0.00000 7.69897 6.9839768410 2.7828493118    6.979  3.699  3.6127  0.986    4  0.000  0.391     0.00     0.00     0.00     0.00     0.00 -1    -1e-30      0.00 6.843e-01 3.008e-01 1.680e-03 2.455e-03 5.727e-03 -1.000 1.486e-02 -4.478 -0.366 -2.130 -3.632 -4.432 -5.081 -6.057 -6.749 -6.914
0.01471 0.00000 7.69897 7.0000000000 2.7828872204    6.996  3.676  3.6179  1.030    4  0.000  0.391     0.00     0.00     0.00     0.00     0.00 -1    -1e-30      0.00 6.843e-01 3.008e-01 1.680e-03 2.455e-03 5.727e-03 -1.000 1.486e-02 -4.420 -0.463 -2.156 -3.630 -4.409 -5.037 -5.990 -6.665 -6.823
0.01471 0.00000 7.69897 7.0055456161 2.7829003334    7.002  3.669  3.6195  1.045    4  0.000  0.391     0.00     0.00     0.00     0.00     0.00 -1    -1e-30      0.00 6.843e-01 3.008e-01 1.680e-03 2.455e-03 5.727e-03 -1.000 1.486e-02 -4.402 -0.495 -2.164 -3.629 -4.402 -5.023 -5.968 -6.638 -6.794
0.01471 0.00000 7.69897 7.0171852112 2.7829277515    7.013  3.661  3.6228  1.066    4  0.000  0.391     0.00     0.00     0.00     0.00     0.00 -1    -1e-30      0.00 6.843e-01 3.008e-01 1.681e-03 2.455e-03 5.727e-03 -1.000 1.486e-02 -4.383 -0.570 -2.195 -3.642 -4.403 -5.012 -5.942 -6.602 -6.754
0.01471 0.00000 7.69897 7.0275735855 2.7829523087    7.024  3.677  3.6276  1.070    5  0.000  0.391     0.00     0.00     0.00     0.00     0.00 -1    -1e-30      0.00 6.844e-01 3.008e-01 1.681e-03 2.455e-03 5.727e-03 -1.000 1.486e-02 -4.423 -0.733 -2.304 -3.729 -4.472 -5.064 -5.974 -6.617 -6.764
0.01471 0.00000 7.69897 7.0367712975 2.7829737663    7.033  3.704  3.6344  1.071    5  0.000  0.391     0.00     0.00     0.00     0.00     0.00 -1    -1e-30      0.00 6.844e-01 3.008e-01 1.681e-03 2.455e-03 5.727e-03 -1.000 1.486e-02 -4.490 -0.971 -2.463 -3.857 -4.577 -5.147 -6.027 -6.648 -6.788
0.01471 0.00000 7.69897 7.0395789146 2.7829804420    7.036  3.730  3.6409  1.072    5  0.000  0.391     0.00     0.00     0.00     0.00     0.00 -1    -1e-30      0.00 6.844e-01 3.008e-01 1.681e-03 2.455e-03 5.727e-03 -1.000 1.486e-02 -4.554 -1.202 -2.614 -3.978 -4.675 -5.226 -6.078 -6.678 -6.810
0.01471 0.00000 7.69897 7.0408844948 2.7829833031    7.037  3.746  3.6462  1.076    5  0.000  0.391     0.00     0.00     0.00     0.00     0.00 -1    -1e-30      0.00 6.844e-01 3.008e-01 1.681e-03 2.455e-03 5.727e-03 -1.000 1.486e-02 -4.596 -1.379 -2.724 -4.062 -4.743 -5.279 -6.109 -6.692 -6.819
0.01471 0.00000 7.69897 7.0413155556 2.7829844952    7.038  3.752  3.6494  1.083    5  0.000  0.391     0.00     0.00     0.00     0.00     0.00 -1    -1e-30      0.00 6.844e-01 3.008e-01 1.681e-03 2.455e-03 5.727e-03 -1.000 1.486e-02 -4.611 -1.479 -2.782 -4.103 -4.773 -5.301 -6.117 -6.691 -6.814
0.01471 0.00000 7.69897 7.0415358543 2.7829849720    7.038  3.756  3.6513  1.087    5  0.000  0.391     0.00     0.00     0.00     0.00     0.00 -1    -1e-30      0.00 6.844e-01 3.008e-01 1.681e-03 2.455e-03 5.727e-03 -1.000 1.486e-02 -4.619 -1.536 -2.814 -4.125 -4.790 -5.312 -6.120 -6.688 -6.809
0.01471 0.00000 7.69897 7.0417504311 2.7829854488    7.038  3.759  3.6533  1.092    5  0.000  0.391     0.00     0.00     0.00     0.00     0.00 -1    -1e-30      0.00 6.844e-01 3.008e-01 1.681e-03 2.455e-03 5.727e-03 -1.000 1.486e-02 -4.626 -1.595 -2.847 -4.147 -4.806 -5.323 -6.122 -6.685 -6.804
0.01471 0.00000 7.69897 7.0419268608 2.7829859257    7.038  3.761  3.6550  1.096    5  0.000  0.391     0.00     0.00     0.00     0.00     0.00 -1    -1e-30      0.00 6.844e-01 3.008e-01 1.681e-03 2.455e-03 5.727e-03 -1.000 1.486e-02 -4.632 -1.644 -2.873 -4.165 -4.819 -5.332 -6.124 -6.683 -6.800
0.01471 0.00000 7.69897 7.0420889854 2.7829861641    7.038  3.763  3.6565  1.100    5  0.000  0.391     0.00     0.00     0.00     0.00     0.00 -1    -1e-30      0.00 6.844e-01 3.008e-01 1.681e-03 2.455e-03 5.727e-03 -1.000 1.486e-02 -4.638 -1.688 -2.898 -4.181 -4.831 -5.341 -6.126 -6.680 -6.796
0.01471 0.00000 7.69897 7.0422515869 2.7829866409    7.039  3.765  3.6587  1.107    5  0.000  0.391     0.00     0.00     0.00     0.00     0.00 -1    -1e-30      0.00 6.844e-01 3.008e-01 1.681e-03 2.455e-03 5.727e-03 -1.000 1.486e-02 -4.644 -1.746 -2.931 -4.202 -4.846 -5.350 -6.126 -6.675 -6.788
0.01471 0.00000 7.69897 7.0424203873 2.7829868793    7.039  3.768  3.6620  1.118    5  0.000  0.391     0.00     0.00     0.00     0.00     0.00 -1    -1e-30      0.00 6.844e-01 3.008e-01 1.681e-03 2.455e-03 5.727e-03 -1.000 1.486e-02 -4.650 -1.802 -2.973 -4.227 -4.864 -5.363 -6.125 -6.669 -6.776
0.01471 0.00000 7.69897 7.0425992012 2.7829873562    7.039  3.771  3.6655  1.129    5  0.000  0.391     0.00     0.00     0.00     0.00     0.00 -1    -1e-30      0.00 6.844e-01 3.008e-01 1.681e-03 2.455e-03 5.727e-03 -1.000 1.486e-02 -4.657 -1.859 -3.015 -4.252 -4.883 -5.376 -6.124 -6.662 -6.763
0.01471 0.00000 7.69897 7.0427932739 2.7829878330    7.039  3.773  3.6700  1.144    5  0.000  0.391     0.00     0.00     0.00     0.00     0.00 -1    -1e-30      0.00 6.844e-01 3.008e-01 1.681e-03 2.455e-03 5.727e-03 -1.000 1.486e-02 -4.663 -1.928 -3.066 -4.282 -4.905 -5.391 -6.120 -6.651 -6.744
0.01471 0.00000 7.69897 7.0430078506 2.7829883099    7.039  3.776  3.6751  1.162    5  0.000  0.391     0.00     0.00     0.00     0.00     0.00 -1    -1e-30      0.00 6.844e-01 3.008e-01 1.681e-03 2.455e-03 5.727e-03 -1.000 1.486e-02 -4.670 -2.009 -3.123 -4.314 -4.926 -5.405 -6.114 -6.636 -6.722
0.01471 0.00000 7.69897 7.0432481766 2.7829887867    7.039  3.779  3.6814  1.184    5  0.000  0.391     0.00     0.00     0.00     0.00     0.00 -1    -1e-30      0.00 6.844e-01 3.008e-01 1.681e-03 2.455e-03 5.727e-03 -1.000 1.486e-02 -4.677 -2.109 -3.191 -4.350 -4.949 -5.420 -6.104 -6.615 -6.693
0.01471 0.00000 7.69897 7.0435233116 2.7829895020    7.040  3.782  3.6888  1.211    5  0.000  0.391     0.00     0.00     0.00     0.00     0.00 -1    -1e-30      0.00 6.844e-01 3.008e-01 1.681e-03 2.455e-03 5.727e-03 -1.000 1.486e-02 -4.684 -2.251 -3.273 -4.393 -4.975 -5.434 -6.089 -6.583 -6.654
0.01471 0.00000 7.69897 7.0438456535 2.7829902172    7.040  3.785  3.6975  1.243    5  0.000  0.391     0.00     0.00     0.00     0.00     0.00 -1    -1e-30      0.00 6.844e-01 3.008e-01 1.681e-03 2.455e-03 5.727e-03 -1.000 1.486e-02 -4.691 -2.449 -3.374 -4.443 -5.002 -5.445 -6.067 -6.538 -6.604
0.01471 0.00000 7.69897 7.0442328453 2.7829911709    7.040  3.788  3.7071  1.278    5  0.000  0.391     0.00     0.00     0.00     0.00     0.00 -1    -1e-30      0.00 6.844e-01 3.008e-01 1.681e-03 2.455e-03 5.727e-03 -1.000 1.486e-02 -4.700 -2.658 -3.483 -4.496 -5.029 -5.454 -6.040 -6.484 -6.547
0.01471 0.00000 7.69897 7.0447149277 2.7829923630    7.041  3.792  3.7179  1.317    5  0.000  0.391     0.00     0.00     0.00     0.00     0.00 -1    -1e-30      0.00 6.844e-01 3.008e-01 1.681e-03 2.455e-03 5.727e-03 -1.000 1.486e-02 -4.709 -2.878 -3.603 -4.553 -5.055 -5.460 -6.009 -6.423 -6.483
0.01471 0.00000 7.69897 7.0453352928 2.7829937935    7.042  3.797  3.7298  1.360    5  0.000  0.391     0.00     0.00     0.00     0.00     0.00 -1    -1e-30      0.00 6.844e-01 3.008e-01 1.681e-03 2.455e-03 5.727e-03 -1.000 1.486e-02 -4.721 -3.106 -3.733 -4.612 -5.082 -5.464 -5.973 -6.353 -6.413
0.01471 0.00000 7.69897 7.0461549759 2.7829957008    7.042  3.802  3.7426  1.406    5  0.000  0.391     0.00     0.00     0.00     0.00     0.00 -1    -1e-30      0.00 6.844e-01 3.008e-01 1.681e-03 2.455e-03 5.727e-03 -1.000 1.486e-02 -4.736 -3.330 -3.869 -4.671 -5.106 -5.463 -5.933 -6.279 -6.336
0.01471 0.00000 7.69897 7.0472269058 2.7829980850    7.044  3.810  3.7576  1.458    5  0.000  0.391     0.00     0.00     0.00     0.00     0.00 -1    -1e-30      0.00 6.844e-01 3.008e-01 1.681e-03 2.455e-03 5.727e-03 -1.000 1.486e-02 -4.755 -3.583 -4.022 -4.734 -5.127 -5.455 -5.883 -6.192 -6.245
0.01471 0.00000 7.69897 7.0485529900 2.7830011845    7.045  3.818  3.7782  1.533    5  0.000  0.391     0.00     0.00     0.00     0.00     0.00 -1    -1e-30      0.00 6.844e-01 3.008e-01 1.681e-03 2.455e-03 5.727e-03 -1.000 1.486e-02 -4.774 -3.882 -4.226 -4.807 -5.140 -5.423 -5.794 -6.053 -6.099
0.01471 0.00000 7.69897 7.0500755310 2.7830047607    7.046  3.825  3.8003  1.615    5  0.000  0.391     0.00     0.00     0.00     0.00     0.00 -1    -1e-30      0.00 6.844e-01 3.008e-01 1.681e-03 2.455e-03 5.727e-03 -1.000 1.486e-02 -4.791 -4.136 -4.414 -4.865 -5.135 -5.373 -5.689 -5.900 -5.937
0.01471 0.00000 7.69897 7.0517477989 2.7830085754    7.048  3.831  3.8192  1.684    5  0.000  0.391     0.00     0.00     0.00     0.00     0.00 -1    -1e-30      0.00 6.844e-01 3.008e-01 1.681e-03 2.454e-03 5.727e-03 -1.000 1.486e-02 -4.807 -4.298 -4.550 -4.904 -5.127 -5.328 -5.599 -5.773 -5.804
0.01471 0.00000 7.69897 7.0535545349 2.7830128670    7.050  3.837  3.8356  1.744    5  0.000  0.391     0.00     0.00     0.00     0.00     0.00 -1    -1e-30      0.00 6.844e-01 3.008e-01 1.681e-03 2.454e-03 5.727e-03 -1.000 1.486e-02 -4.821 -4.416 -4.657 -4.933 -5.116 -5.287 -5.521 -5.664 -5.692
0.01471 0.00000 7.69897 7.0554881096 2.7830173969    7.052  3.842  3.8508  1.799    5  0.000  0.391     0.00     0.00     0.00     0.00     0.00 -1    -1e-30      0.00 6.844e-01 3.008e-01 1.681e-03 2.454e-03 5.727e-03 -1.000 1.486e-02 -4.836 -4.517 -4.747 -4.955 -5.102 -5.245 -5.446 -5.563 -5.588
0.01471 0.00000 7.69897 7.0576357841 2.7830224037    7.054  3.848  3.8656  1.853    5  0.000  0.391     0.00     0.00     0.00     0.00     0.00 -1    -1e-30      0.00 6.844e-01 3.008e-01 1.681e-03 2.454e-03 5.727e-03 -1.000 1.486e-02 -4.851 -4.608 -4.822 -4.971 -5.086 -5.202 -5.373 -5.467 -5.488
0.01471 0.00000 7.69897 7.0599522591 2.7830276489    7.056  3.854  3.8796  1.903    5  0.000  0.391     0.00     0.00     0.00     0.00     0.00 -1    -1e-30      0.00 6.844e-01 3.008e-01 1.681e-03 2.454e-03 5.727e-03 -1.000 1.486e-02 -4.865 -4.687 -4.878 -4.981 -5.069 -5.162 -5.304 -5.379 -5.396
0.01471 0.00000 7.69897 7.0623230934 2.7830331326    7.059  3.859  3.8919  1.947    5  0.000  0.391     0.00     0.00     0.00     0.00     0.00 -1    -1e-30      0.00 6.844e-01 3.008e-01 1.681e-03 2.454e-03 5.727e-03 -1.000 1.486e-02 -4.878 -4.753 -4.916 -4.983 -5.052 -5.127 -5.244 -5.304 -5.318
0.01471 0.00000 7.69897 7.0659546852 2.7830417156    7.062  3.866  3.9064  1.999    5  0.000  0.391     0.00     0.00     0.00     0.00     0.00 -1    -1e-30      0.00 6.844e-01 3.007e-01 1.681e-03 2.454e-03 5.727e-03 -1.000 1.486e-02 -4.894 -4.827 -4.945 -4.977 -5.025 -5.082 -5.172 -5.217 -5.227
0.01471 0.00000 7.69897 7.0704784393 2.7830522060    7.067  3.871  3.9167  2.035    5  0.000  0.391     0.00     0.00     0.00     0.00     0.00 -1    -1e-30      0.00 6.844e-01 3.007e-01 1.681e-03 2.454e-03 5.727e-03 -1.000 1.486e-02 -4.907 -4.875 -4.957 -4.969 -5.006 -5.051 -5.122 -5.159 -5.165
0.01471 0.00000 7.69897 7.0766482353 2.7830662727    7.073  3.876  3.9250  2.063    5  0.000  0.391     0.00     0.00     0.00     0.00     0.00 -1    -1e-30      0.00 6.844e-01 3.007e-01 1.681e-03 2.454e-03 5.727e-03 -1.000 1.486e-02 -4.921 -4.913 -4.964 -4.962 -4.990 -5.028 -5.084 -5.114 -5.118
0.01471 0.00000 7.69897 7.0810790062 2.7830765247    7.078  3.878  3.9217  2.049    5  0.000  0.391     0.00     0.00     0.00     0.00     0.00 -1    -1e-30      0.00 6.844e-01 3.007e-01 1.681e-03 2.454e-03 5.727e-03 -1.000 1.486e-02 -4.924 -4.908 -4.972 -4.975 -5.006 -5.047 -5.108 -5.141 -5.146
0.01471 0.00000 7.69897 7.0898995399 2.7830967903    7.086  3.880  3.9146  2.018    6  0.000  0.391     0.00     0.00     0.00     0.00     0.00 -1    -1e-30      0.00 6.844e-01 3.007e-01 1.681e-03 2.454e-03 5.727e-03 -1.000 1.485e-02 -4.931 -4.893 -4.982 -4.998 -5.036 -5.084 -5.159 -5.197 -5.204
0.01471 0.00000 7.69897 7.0965967178 2.7831122875    7.093  3.883  3.9086  1.993    6  0.000  0.391     0.00     0.00     0.00     0.00     0.00 -1    -1e-30      0.00 6.844e-01 3.007e-01 1.681e-03 2.454e-03 5.727e-03 -1.000 1.485e-02 -4.937 -4.879 -4.989 -5.016 -5.061 -5.115 -5.201 -5.244 -5.253
0.01471 0.00000 7.69897 7.1066579819 2.7831351757    7.103  3.886  3.8999  1.955    6  0.000  0.391     0.00     0.00     0.00     0.00     0.00 -1    -1e-30      0.00 6.844e-01 3.007e-01 1.681e-03 2.454e-03 5.727e-03 -1.000 1.485e-02 -4.945 -4.855 -4.993 -5.040 -5.097 -5.161 -5.263 -5.314 -5.326
0.01471 0.00000 7.69897 7.1148891449 2.7831540108    7.111  3.889  3.8927  1.924    6  0.000  0.391     0.00     0.00     0.00     0.00     0.00 -1    -1e-30      0.00 6.844e-01 3.007e-01 1.681e-03 2.454e-03 5.727e-03 -1.000 1.485e-02 -4.952 -4.833 -4.992 -5.057 -5.124 -5.198 -5.313 -5.372 -5.386
0.01471 0.00000 7.69897 7.1205911636 2.7831671238    7.117  3.891  3.8869  1.899    6  0.000  0.391     0.00     0.00     0.00     0.00     0.00 -1    -1e-30      0.00 6.845e-01 3.007e-01 1.681e-03 2.453e-03 5.727e-03 -1.000 1.485e-02 -4.957 -4.813 -4.987 -5.067 -5.143 -5.225 -5.352 -5.418 -5.433
0.01471 0.00000 7.69897 7.1242408752 2.7831752300    7.121  3.891  3.8821  1.880    6  0.000  0.391     0.00     0.00     0.00     0.00     0.00 -1    -1e-30      0.00 6.845e-01 3.007e-01 1.681e-03 2.453e-03 5.727e-03 -1.000 1.485e-02 -4.959 -4.795 -4.979 -5.073 -5.157 -5.246 -5.382 -5.454 -5.470
0.01471 0.00000 7.69897 7.1279802322 2.7831838131    7.125  3.892  3.8765  1.857    6  0.000  0.391     0.00     0.00     0.00     0.00     0.00 -1    -1e-30      0.00 6.845e-01 3.007e-01 1.681e-03 2.453e-03 5.727e-03 -1.000 1.485e-02 -4.960 -4.771 -4.966 -5.077 -5.171 -5.269 -5.417 -5.496 -5.514
0.01471 0.00000 7.69897 7.1309094429 2.7831904888    7.128  3.892  3.8716  1.837    6  0.000  0.391     0.00     0.00     0.00     0.00     0.00 -1    -1e-30      0.00 6.845e-01 3.007e-01 1.681e-03 2.453e-03 5.727e-03 -1.000 1.485e-02 -4.961 -4.749 -4.954 -5.080 -5.183 -5.289 -5.447 -5.532 -5.552
0.01471 0.00000 7.69897 7.1328611374 2.7831947803    7.130  3.892  3.8676  1.821    6  0.000  0.391     0.00     0.00     0.00     0.00     0.00 -1    -1e-30      0.00 6.845e-01 3.007e-01 1.681e-03 2.453e-03 5.727e-03 -1.000 1.485e-02 -4.961 -4.730 -4.942 -5.081 -5.192 -5.304 -5.470 -5.561 -5.582
0.01471 0.00000 7.69897 7.1350603104 2.7831997871    7.132  3.892  3.8630  1.803    6  0.000  0.391     0.00     0.00     0.00     0.00     0.00 -1    -1e-30      0.00 6.845e-01 3.007e-01 1.681e-03 2.453e-03 5.727e-03 -1.000 1.485e-02 -4.961 -4.707 -4.926 -5.082 -5.202 -5.322 -5.498 -5.595 -5.617
0.01471 0.00000 7.69897 7.1367788315 2.7832036018    7.133  3.892  3.8588  1.786    6  0.000  0.391     0.00     0.00     0.00     0.00     0.00 -1    -1e-30      0.00 6.845e-01 3.007e-01 1.681e-03 2.453e-03 5.727e-03 -1.000 1.485e-02 -4.960 -4.685 -4.911 -5.082 -5.210 -5.338 -5.522 -5.626 -5.649
0.01471 0.00000 7.69897 7.1383275986 2.7832071781    7.135  3.892  3.8547  1.770    6  0.000  0.391     0.00     0.00     0.00     0.00     0.00 -1    -1e-30      0.00 6.845e-01 3.007e-01 1.681e-03 2.453e-03 5.727e-03 -1.000 1.485e-02 -4.959 -4.663 -4.892 -5.080 -5.218 -5.352 -5.545 -5.656 -5.680
0.01471 0.00000 7.69897 7.1396765709 2.7832102776    7.136  3.893  3.8514  1.756    6  0.000  0.391     0.00     0.00     0.00     0.00     0.00 -1    -1e-30      0.00 6.845e-01 3.007e-01 1.681e-03 2.453e-03 5.727e-03 -1.000 1.485e-02 -4.962 -4.647 -4.879 -5.082 -5.227 -5.368 -5.568 -5.683 -5.708
0.01471 0.00000 7.69897 7.1408505440 2.7832129002    7.138  3.894  3.8485  1.744    6  0.000  0.391     0.00     0.00     0.00     0.00     0.00 -1    -1e-30      0.00 6.845e-01 3.007e-01 1.681e-03 2.453e-03 5.727e-03 -1.000 1.485e-02 -4.965 -4.635 -4.869 -5.084 -5.235 -5.381 -5.587 -5.708 -5.733
0.01471 0.00000 7.69897 7.1419134140 2.7832152843    7.139  3.897  3.8530  1.759    6  0.000  0.391     0.00     0.00     0.00     0.00     0.00 -1    -1e-30      0.00 6.845e-01 3.007e-01 1.681e-03 2.453e-03 5.727e-03 -1.000 1.485e-02 -4.972 -4.666 -4.897 -5.093 -5.234 -5.372 -5.568 -5.682 -5.706
0.01471 0.00000 7.69897 7.1421833038 2.7832159996    7.139  3.897  3.8535  1.760    6  0.000  0.391     0.00     0.00     0.00     0.00     0.00 -1    -1e-30      0.00 6.845e-01 3.007e-01 1.681e-03 2.453e-03 5.727e-03 -1.000 1.485e-02 -4.973 -4.670 -4.900 -5.094 -5.234 -5.371 -5.566 -5.679 -5.703
0.01471 0.00000 7.69897 7.1422791481 2.7832162380    7.139  3.897  3.8536  1.761    6  0.000  0.391     0.00     0.00     0.00     0.00     0.00 -1    -1e-30      0.00 6.845e-01 3.007e-01 1.681e-03 2.453e-03 5.727e-03 -1.000 1.485e-02 -4.974 -4.671 -4.901 -5.094 -5.234 -5.371 -5.566 -5.678 -5.702
0.01471 0.00000 7.69897 7.1423683167 2.7832162380    7.139  3.897  3.8539  1.762    6  0.000  0.391     0.00     0.00     0.00     0.00     0.00 -1    -1e-30      0.00 6.845e-01 3.007e-01 1.681e-03 2.453e-03 5.727e-03 -1.000 1.485e-02 -4.974 -4.673 -4.903 -5.094 -5.234 -5.370 -5.564 -5.676 -5.700
0.01471 0.00000 7.69897 7.1424431801 2.7832164764    7.139  3.897  3.8542  1.763    6  0.000  0.391     0.00     0.00     0.00     0.00     0.00 -1    -1e-30      0.00 6.845e-01 3.007e-01 1.681e-03 2.453e-03 5.727e-03 -1.000 1.485e-02 -4.974 -4.675 -4.904 -5.094 -5.233 -5.368 -5.562 -5.673 -5.697
0.01471 0.00000 7.69897 7.1425147057 2.7832167149    7.139  3.897  3.8545  1.764    6  0.000  0.391     0.00     0.00     0.00     0.00     0.00 -1    -1e-30      0.00 6.845e-01 3.007e-01 1.681e-03 2.453e-03 5.727e-03 -1.000 1.485e-02 -4.973 -4.676 -4.905 -5.094 -5.232 -5.367 -5.560 -5.671 -5.695
0.01471 0.00000 7.69897 7.1425862312 2.7832169533    7.139  3.897  3.8548  1.766    6  0.000  0.391     0.00     0.00     0.00     0.00     0.00 -1    -1e-30      0.00 6.845e-01 3.007e-01 1.681e-03 2.453e-03 5.727e-03 -1.000 1.485e-02 -4.973 -4.677 -4.906 -5.094 -5.231 -5.365 -5.558 -5.668 -5.692
0.01471 0.00000 7.69897 7.1426610947 2.7832169533    7.139  3.897  3.8551  1.767    6  0.000  0.391     0.00     0.00     0.00     0.00     0.00 -1    -1e-30      0.00 6.845e-01 3.007e-01 1.681e-03 2.453e-03 5.727e-03 -1.000 1.485e-02 -4.972 -4.678 -4.907 -5.093 -5.230 -5.364 -5.556 -5.666 -5.689
0.01471 0.00000 7.69897 7.1427450180 2.7832171917    7.139  3.897  3.8554  1.768    6  0.000  0.391     0.00     0.00     0.00     0.00     0.00 -1    -1e-30      0.00 6.845e-01 3.007e-01 1.681e-03 2.453e-03 5.727e-03 -1.000 1.485e-02 -4.972 -4.679 -4.907 -5.093 -5.229 -5.362 -5.554 -5.663 -5.686
0.01471 0.00000 7.69897 7.1428427696 2.7832174301    7.140  3.896  3.8556  1.770    6  0.000  0.391     0.00     0.00     0.00     0.00     0.00 -1    -1e-30      0.00 6.845e-01 3.007e-01 1.681e-03 2.453e-03 5.727e-03 -1.000 1.485e-02 -4.971 -4.679 -4.907 -5.092 -5.227 -5.360 -5.551 -5.660 -5.684
0.01471 0.00000 7.69897 7.1430125237 2.7832179070    7.140  3.896  3.8557  1.771    6  0.000  0.391     0.00     0.00     0.00     0.00     0.00 -1    -1e-30      0.00 6.845e-01 3.007e-01 1.681e-03 2.453e-03 5.727e-03 -1.000 1.485e-02 -4.969 -4.678 -4.906 -5.090 -5.225 -5.358 -5.549 -5.658 -5.681
0.01471 0.00000 7.69897 7.1436977386 2.7832193375    7.140  3.894  3.8543  1.767    6  0.000  0.391     0.00     0.00     0.00     0.00     0.00 -1    -1e-30      0.00 6.845e-01 3.007e-01 1.681e-03 2.453e-03 5.727e-03 -1.000 1.485e-02 -4.966 -4.667 -4.896 -5.086 -5.225 -5.360 -5.554 -5.665 -5.689
0.01471 0.00000 7.69897 7.1454806328 2.7832233906    7.142  3.894  3.8491  1.746    6  0.000  0.391     0.00     0.00     0.00     0.00     0.00 -1    -1e-30      0.00 6.845e-01 3.007e-01 1.681e-03 2.453e-03 5.727e-03 -1.000 1.485e-02 -4.966 -4.639 -4.873 -5.085 -5.235 -5.380 -5.584 -5.704 -5.729
0.01471 0.00000 7.69897 7.1490106583 2.7832312584    7.146  3.894  3.8395  1.709    6  0.000  0.391     0.00     0.00     0.00     0.00     0.00 -1    -1e-30      0.00 6.845e-01 3.007e-01 1.681e-03 2.453e-03 5.727e-03 -1.000 1.485e-02 -4.964 -4.583 -4.825 -5.080 -5.252 -5.414 -5.639 -5.775 -5.802
0.01471 0.00000 7.69897 7.1523404121 2.7832388878    7.149  3.892  3.8280  1.664    6  0.000  0.391     0.00     0.00     0.00     0.00     0.00 -1    -1e-30      0.00 6.845e-01 3.007e-01 1.681e-03 2.453e-03 5.727e-03 -1.000 1.485e-02 -4.961 -4.509 -4.759 -5.069 -5.269 -5.452 -5.703 -5.859 -5.889
0.01471 0.00000 7.69897 7.1552004814 2.7832453251    7.152  3.890  3.8157  1.617    6  0.000  0.391     0.00     0.00     0.00     0.00     0.00 -1    -1e-30      0.00 6.845e-01 3.007e-01 1.682e-03 2.453e-03 5.727e-03 -1.000 1.485e-02 -4.956 -4.421 -4.682 -5.051 -5.281 -5.488 -5.767 -5.947 -5.979
0.01471 0.00000 7.69897 7.1574578285 2.7832503319    7.154  3.888  3.8047  1.575    6  0.000  0.391     0.00     0.00     0.00     0.00     0.00 -1    -1e-30      0.00 6.845e-01 3.007e-01 1.682e-03 2.453e-03 5.727e-03 -1.000 1.485e-02 -4.951 -4.325 -4.606 -5.034 -5.292 -5.520 -5.825 -6.026 -6.062
0.01471 0.00000 7.69897 7.1590399742 2.7832539082    7.156  3.887  3.7960  1.542    6  0.000  0.391     0.00     0.00     0.00     0.00     0.00 -1    -1e-30      0.00 6.845e-01 3.007e-01 1.682e-03 2.453e-03 5.727e-03 -1.000 1.485e-02 -4.947 -4.249 -4.541 -5.015 -5.296 -5.542 -5.868 -6.087 -6.126
0.01471 0.00000 7.69897 7.1608176231 2.7832579613    7.158  3.885  3.7847  1.499    6  0.000  0.391     0.00     0.00     0.00     0.00     0.00 -1    -1e-30      0.00 6.845e-01 3.007e-01 1.682e-03 2.453e-03 5.727e-03 -1.000 1.485e-02 -4.941 -4.124 -4.450 -4.989 -5.302 -5.571 -5.925 -6.168 -6.211
0.01471 0.00000 7.69897 7.1623582840 2.7832612991    7.159  3.882  3.7736  1.457    6  0.000  0.391     0.00     0.00     0.00     0.00     0.00 -1    -1e-30      0.00 6.845e-01 3.007e-01 1.682e-03 2.453e-03 5.727e-03 -1.000 1.485e-02 -4.935 -3.973 -4.345 -4.958 -5.305 -5.598 -5.982 -6.252 -6.299
0.01471 0.00000 7.69897 7.1635508537 2.7832639217    7.160  3.880  3.7640  1.421    6  0.000  0.391     0.00     0.00     0.00     0.00     0.00 -1    -1e-30      0.00 6.845e-01 3.007e-01 1.682e-03 2.453e-03 5.727e-03 -1.000 1.485e-02 -4.930 -3.839 -4.253 -4.927 -5.303 -5.618 -6.028 -6.320 -6.371
0.01471 0.00000 7.69897 7.1646265984 2.7832663059    7.161  3.878  3.7544  1.385    6  0.000  0.391     0.00     0.00     0.00     0.00     0.00 -1    -1e-30      0.00 6.845e-01 3.007e-01 1.682e-03 2.453e-03 5.727e-03 -1.000 1.485e-02 -4.924 -3.701 -4.165 -4.896 -5.297 -5.631 -6.067 -6.382 -6.436
0.01471 0.00000 7.69897 7.1655597687 2.7832684517    7.162  3.875  3.7451  1.350    6  0.000  0.391     0.00     0.00     0.00     0.00     0.00 -1    -1e-30      0.00 6.845e-01 3.007e-01 1.682e-03 2.453e-03 5.727e-03 -1.000 1.485e-02 -4.918 -3.542 -4.072 -4.862 -5.290 -5.642 -6.104 -6.442 -6.499
0.01471 0.00000 7.69897 7.1663751602 2.7832703590    7.163  3.873  3.7364  1.318    6  0.000  0.391     0.00     0.00     0.00     0.00     0.00 -1    -1e-30      0.00 6.845e-01 3.007e-01 1.682e-03 2.453e-03 5.727e-03 -1.000 1.485e-02 -4.912 -3.379 -3.979 -4.826 -5.280 -5.649 -6.138 -6.499 -6.558
0.01471 0.00000 7.69897 7.1670870781 2.7832720280    7.164  3.870  3.7282  1.288    6  0.000  0.391     0.00     0.00     0.00     0.00     0.00 -1    -1e-30      0.00 6.845e-01 3.007e-01 1.682e-03 2.453e-03 5.727e-03 -1.000 1.485e-02 -4.905 -3.239 -3.896 -4.790 -5.266 -5.651 -6.165 -6.548 -6.608
0.01471 0.00000 7.69897 7.1678576469 2.7832736969    7.165  3.867  3.7188  1.254    6  0.000  0.391     0.00     0.00     0.00     0.00     0.00 -1    -1e-30      0.00 6.845e-01 3.007e-01 1.682e-03 2.453e-03 5.727e-03 -1.000 1.485e-02 -4.897 -3.059 -3.793 -4.745 -5.246 -5.649 -6.194 -6.604 -6.665
0.01471 0.00000 7.69897 7.1683955193 2.7832748890    7.165  3.864  3.7120  1.229    6  0.000  0.391     0.00     0.00     0.00     0.00     0.00 -1    -1e-30      0.00 6.845e-01 3.007e-01 1.682e-03 2.453e-03 5.727e-03 -1.000 1.485e-02 -4.890 -2.920 -3.716 -4.708 -5.229 -5.645 -6.214 -6.643 -6.705
0.01471 0.00000 7.69897 7.1688790321 2.7832758427    7.166  3.861  3.7062  1.209    6  0.000  0.391     0.00     0.00     0.00     0.00     0.00 -1    -1e-30      0.00 6.845e-01 3.007e-01 1.682e-03 2.453e-03 5.727e-03 -1.000 1.485e-02 -4.883 -2.797 -3.649 -4.675 -5.212 -5.639 -6.229 -6.674 -6.737
0.01471 0.00000 7.69897 7.1693358421 2.7832770348    7.166  3.858  3.7002  1.188    6  0.000  0.391     0.00     0.00     0.00     0.00     0.00 -1    -1e-30      0.00 6.845e-01 3.007e-01 1.682e-03 2.453e-03 5.727e-03 -1.000 1.485e-02 -4.876 -2.667 -3.579 -4.640 -5.193 -5.632 -6.243 -6.706 -6.770
0.01471 0.00000 7.69897 7.1697969437 2.7832779884    7.167  3.855  3.6942  1.167    6  0.000  0.391     0.00     0.00     0.00     0.00     0.00 -1    -1e-30      0.00 6.845e-01 3.007e-01 1.682e-03 2.453e-03 5.727e-03 -1.000 1.485e-02 -4.868 -2.528 -3.506 -4.603 -5.173 -5.622 -6.256 -6.735 -6.803
0.01471 0.00000 7.69897 7.1702914238 2.7832791805    7.167  3.851  3.6873  1.144    6  0.000  0.391     0.00     0.00     0.00     0.00     0.00 -1    -1e-30      0.00 6.845e-01 3.007e-01 1.682e-03 2.453e-03 5.727e-03 -1.000 1.485e-02 -4.857 -2.363 -3.421 -4.557 -5.146 -5.608 -6.269 -6.766 -6.838
0.01471 0.00000 7.69897 7.1709337234 2.7832806110    7.168  3.845  3.6785  1.114    6  0.000  0.391     0.00     0.00     0.00     0.00     0.00 -1    -1e-30      0.00 6.845e-01 3.007e-01 1.682e-03 2.453e-03 5.727e-03 -1.000 1.485e-02 -4.842 -2.207 -3.321 -4.502 -5.109 -5.584 -6.279 -6.794 -6.876
0.01471 0.00000 7.69897 7.1717648506 2.7832822800    7.169  3.837  3.6671  1.077    6  0.000  0.391     0.00     0.00     0.00     0.00     0.00 -1    -1e-30      0.00 6.845e-01 3.007e-01 1.682e-03 2.453e-03 5.727e-03 -1.000 1.485e-02 -4.821 -2.023 -3.189 -4.425 -5.054 -5.545 -6.287 -6.821 -6.920
0.01471 0.00000 7.69897 7.1725311279 2.7832841873    7.169  3.827  3.6568  1.045    6  0.000  0.391     0.00     0.00     0.00     0.00     0.00 -1    -1e-30      0.00 6.845e-01 3.007e-01 1.682e-03 2.453e-03 5.727e-03 -1.000 1.485e-02 -4.799 -1.834 -3.057 -4.344 -4.994 -5.503 -6.288 -6.839 -6.955
0.01471 0.00000 7.69897 7.1742258072 2.7832880020    7.171  3.809  3.6408  1.000    6  0.000  0.391     0.00     0.00     0.00     0.00     0.00 -1    -1e-30      0.00 6.845e-01 3.006e-01 1.682e-03 2.453e-03 5.727e-03 -1.000 1.485e-02 -4.752 -1.362 -2.801 -4.175 -4.874 -5.426 -6.280 -6.877 -7.011
0.01471 0.00000 7.69897 7.1852483749 2.7833125591    7.182  3.800  3.6097  0.885    6  0.000  0.391     0.00     0.00     0.00     0.00     0.00 -1    -1e-30      0.00 6.845e-01 3.006e-01 1.682e-03 2.453e-03 5.727e-03 -1.000 1.484e-02 -4.730 -0.469 -2.316 -3.848 -4.665 -5.326 -6.319 -7.015 -7.186
0.01471 0.00000 7.69897 7.1880817413 2.7833187580    7.185  3.834  3.6038  0.828    6  0.000  0.391     0.00     0.00     0.00     0.00     0.00 -1    -1e-30      0.00 6.845e-01 3.006e-01 1.682e-03 2.453e-03 5.727e-03 -1.000 1.484e-02 -4.814 -0.373 -2.295 -3.859 -4.701 -5.393 -6.415 -7.129 -7.308
0.01471 0.00000 7.69897 7.1884179115 2.7833194733    7.185  3.844  3.6023  0.812    6  0.000  0.391     0.00     0.00     0.00     0.00     0.00 -1    -1e-30      0.00 6.845e-01 3.006e-01 1.682e-03 2.453e-03 5.727e-03 -1.000 1.484e-02 -4.840 -0.352 -2.295 -3.867 -4.716 -5.416 -6.444 -7.163 -7.344
0.01471 0.00000 7.69897 7.1884531975 2.7833197117    7.185  3.846  3.6020  0.808    6  0.000  0.391     0.00     0.00     0.00     0.00     0.00 -1    -1e-30      0.00 6.845e-01 3.006e-01 1.682e-03 2.453e-03 5.727e-03 -1.000 1.484e-02 -4.846 -0.349 -2.295 -3.869 -4.719 -5.421 -6.450 -7.170 -7.352
0.01471 0.00000 7.69897 7.1888179779 2.7833204269    7.186  3.853  3.6014  0.799    6  0.000  0.391     0.00     0.00     0.00     0.00     0.00 -1    -1e-30      0.00 6.845e-01 3.006e-01 1.682e-03 2.453e-03 5.727e-03 -1.000 1.484e-02 -4.862 -0.343 -2.300 -3.877 -4.730 -5.435 -6.468 -7.189 -7.372
0.01471 0.00000 7.69897 7.1890478134 2.7833209038    7.186  3.863  3.6002  0.784    6  0.000  0.391     0.00     0.00     0.00     0.00     0.00 -1    -1e-30      0.00 6.845e-01 3.006e-01 1.682e-03 2.452e-03 5.727e-03 -1.000 1.484e-02 -4.888 -0.331 -2.304 -3.888 -4.747 -5.457 -6.496 -7.221 -7.405
0.01471 0.00000 7.69897 7.1891803741 2.7833211422    7.186  3.870  3.5994  0.774    7  0.000  0.391     0.00     0.00     0.00     0.00     0.00 -1    -1e-30      0.00 6.845e-01 3.006e-01 1.682e-03 2.452e-03 5.727e-03 -1.000 1.484e-02 -4.906 -0.324 -2.308 -3.896 -4.758 -5.474 -6.516 -7.243 -7.429
0.01471 0.00000 7.69897 7.1893882751 2.7833216190    7.186  3.880  3.5985  0.760    7  0.000  0.391     0.00     0.00     0.00     0.00     0.00 -1    -1e-30      0.00 6.845e-01 3.006e-01 1.682e-03 2.453e-03 5.727e-03 -1.000 1.484e-02 -4.930 -0.317 -2.313 -3.906 -4.773 -5.495 -6.542 -7.272 -7.459
0.01471 0.00000 7.69897 7.1896557808 2.7833223343    7.187  3.890  3.5974  0.746    7  0.000  0.391     0.00     0.00     0.00     0.00     0.00 -1    -1e-30      0.00 6.845e-01 3.006e-01 1.680e-03 2.454e-03 5.727e-03 -1.000 1.484e-02 -4.956 -0.310 -2.318 -3.917 -4.789 -5.517 -6.570 -7.303 -7.492
0.01471 0.00000 7.69897 7.1899166107 2.7833228111    7.187  3.898  3.5966  0.735    7  0.000  0.390     0.00     0.00     0.00     0.00     0.00 -1    -1e-30      0.00 6.845e-01 3.006e-01 1.678e-03 2.457e-03 5.727e-03 -1.000 1.484e-02 -4.974 -0.303 -2.321 -3.925 -4.800 -5.533 -6.591 -7.325 -7.515
0.01471 0.00000 7.69897 7.1902561188 2.7833235264    7.187  3.905  3.5958  0.724    7  0.000  0.390     0.00     0.00     0.00     0.00     0.00 -1    -1e-30      0.00 6.845e-01 3.006e-01 1.676e-03 2.459e-03 5.727e-03 -1.000 1.484e-02 -4.994 -0.295 -2.323 -3.932 -4.811 -5.550 -6.612 -7.349 -7.540
0.01471 0.00000 7.69897 7.1906442642 2.7833244801    7.188  3.913  3.5949  0.713    7  0.000  0.390     0.00     0.00     0.00     0.00     0.00 -1    -1e-30      0.00 6.845e-01 3.006e-01 1.674e-03 2.461e-03 5.727e-03 -1.000 1.486e-02 -5.013 -0.287 -2.326 -3.938 -4.823 -5.567 -6.633 -7.372 -7.565
0.01471 0.00000 7.69897 7.1910352707 2.7833254337    7.188  3.920  3.5940  0.702    7  0.000  0.389     0.00     0.00     0.00     0.00     0.00 -1    -1e-30      0.00 6.845e-01 3.006e-01 1.673e-03 2.463e-03 5.727e-03 -1.000 1.486e-02 -5.031 -0.279 -2.327 -3.945 -4.833 -5.582 -6.653 -7.395 -7.589
0.01471 0.00000 7.69897 7.1913995743 2.7833261490    7.188  3.927  3.5932  0.692    7  0.000  0.389     0.00     0.00     0.00     0.00     0.00 -1    -1e-30      0.00 6.845e-01 3.006e-01 1.671e-03 2.467e-03 5.725e-03 -1.000 1.486e-02 -5.048 -0.271 -2.329 -3.950 -4.842 -5.596 -6.671 -7.415 -7.611
0.01471 0.00000 7.69897 7.1917328835 2.7833268642    7.189  3.934  3.5924  0.683    7  0.000  0.389     0.00     0.00     0.00     0.00     0.00 -1    -1e-30      0.00 6.843e-01 3.008e-01 1.669e-03 2.474e-03 5.720e-03 -1.000 1.486e-02 -5.064 -0.262 -2.330 -3.955 -4.851 -5.611 -6.690 -7.436 -7.633
0.01471 0.00000 7.69897 7.1922311783 2.7833280563    7.189  3.941  3.5917  0.673    7  0.000  0.389     0.00     0.00     0.00     0.00     0.00 -1    -1e-30      0.00 6.829e-01 3.022e-01 1.665e-03 2.488e-03 5.709e-03 -1.000 1.486e-02 -5.081 -0.256 -2.332 -3.962 -4.861 -5.625 -6.708 -7.456 -7.654
0.01471 0.00000 7.69897 7.1936807632 2.7833311558    7.191  3.965  3.5890  0.638    7  0.000  0.389     0.00     0.00     0.00     0.00     0.00 -1    -1e-30      0.00 6.796e-01 3.056e-01 1.657e-03 2.520e-03 5.684e-03 -1.000 1.485e-02 -5.141 -0.235 -2.339 -3.982 -4.894 -5.677 -6.774 -7.529 -7.731
0.01471 0.00000 7.69897 7.1960048676 2.7833364010    7.193  4.030  3.5819  0.544    7  0.000  0.388     0.00     0.00     0.00     0.00     0.00 -1    -1e-30      0.00 6.792e-01 3.059e-01 1.655e-03 2.526e-03 5.679e-03 -1.000 1.486e-02 -5.306 -0.192 -2.355 -4.028 -4.977 -5.818 -6.954 -7.729 -7.942
0.01471 0.00000 7.69897 7.1991624832 2.7833433151    7.196  4.081  3.5769  0.474    7  0.000  0.388     0.00     0.00     0.00     0.00     0.00 -1    -1e-30      0.00 6.783e-01 3.068e-01 1.651e-03 2.537e-03 5.671e-03 -1.000 1.486e-02 -5.432 -0.174 -2.366 -4.056 -5.034 -5.925 -7.093 -7.880 -8.101
0.01471 0.00000 7.69897 7.1996765137 2.7833445072    7.197  4.083  3.5768  0.472    7  0.000  0.388     0.00     0.00     0.00     0.00     0.00 -1    -1e-30      0.00 6.782e-01 3.069e-01 1.651e-03 2.539e-03 5.669e-03 -1.000 1.486e-02 -5.437 -0.176 -2.368 -4.059 -5.037 -5.931 -7.099 -7.886 -8.108
0.01471 0.00000 7.69897 7.2000446320 2.7833452225    7.197  4.081  3.5771  0.474    7  0.000  0.388     0.00     0.00     0.00     0.00     0.00 -1    -1e-30      0.00 6.781e-01 3.071e-01 1.650e-03 2.541e-03 5.668e-03 -1.000 1.486e-02 -5.433 -0.178 -2.370 -4.060 -5.037 -5.927 -7.094 -7.880 -8.101
0.01471 0.00000 7.69897 7.2003145218 2.7833459377    7.197  4.078  3.5774  0.479    7  0.000  0.388     0.00     0.00     0.00     0.00     0.00 -1    -1e-30      0.00 6.780e-01 3.071e-01 1.649e-03 2.542e-03 5.668e-03 -1.000 1.486e-02 -5.426 -0.180 -2.371 -4.061 -5.036 -5.921 -7.086 -7.871 -8.092
0.01471 0.00000 7.69897 7.2008676529 2.7833471298    7.198  4.085  3.5768  0.470    7  0.000  0.387     0.00     0.00     0.00     0.00     0.00 -1    -1e-30      0.00 6.780e-01 3.072e-01 1.648e-03 2.544e-03 5.667e-03 -1.000 1.486e-02 -5.441 -0.178 -2.372 -4.063 -5.041 -5.935 -7.103 -7.890 -8.112
0.01471 0.00000 7.69897 7.2014961243 2.7833485603    7.198  4.099  3.5753  0.450    7  0.000  0.387     0.00     0.00     0.00     0.00     0.00 -1    -1e-30      0.00 6.779e-01 3.072e-01 1.647e-03 2.546e-03 5.667e-03 -1.000 1.486e-02 -5.477 -0.172 -2.370 -4.065 -5.054 -5.964 -7.142 -7.933 -8.157
0.01471 0.00000 7.69897 7.2039260864 2.7833538055    7.201  4.133  3.5718  0.402    7  0.000  0.386     0.00     0.00     0.00     0.00     0.00 -1    -1e-30      0.00 6.778e-01 3.073e-01 1.639e-03 2.555e-03 5.666e-03 -1.000 1.486e-02 -5.562 -0.159 -2.370 -4.075 -5.085 -6.036 -7.237 -8.035 -8.266
0.01471 0.00000 7.69897 7.2044229507 2.7833549976    7.201  4.140  3.5711  0.392    7  0.000  0.385     0.00     0.00     0.00     0.00     0.00 -1    -1e-30      0.00 6.778e-01 3.074e-01 1.637e-03 2.557e-03 5.665e-03 -1.000 1.486e-02 -5.580 -0.156 -2.370 -4.077 -5.092 -6.051 -7.257 -8.057 -8.289
0.01471 0.00000 7.69897 7.2064414024 2.7833595276    7.203  4.159  3.5691  0.365    7  0.000  0.384     0.00     0.00     0.00     0.00     0.00 -1    -1e-30      0.00 6.776e-01 3.075e-01 1.631e-03 2.566e-03 5.664e-03 -1.000 1.486e-02 -5.628 -0.153 -2.368 -4.079 -5.107 -6.092 -7.311 -8.115 -8.350
0.01471 0.00000 7.69897 7.2074213028 2.7833616734    7.204  4.174  3.5676  0.344    7  0.000  0.383     0.00     0.00     0.00     0.00     0.00 -1    -1e-30      0.00 6.776e-01 3.076e-01 1.628e-03 2.570e-03 5.664e-03 -1.000 1.486e-02 -5.665 -0.150 -2.361 -4.074 -5.114 -6.121 -7.352 -8.160 -8.397
0.01471 0.00000 7.69897 7.2135663033 2.7833752632    7.211  4.231  3.5619  0.264    7  0.000  0.380     0.00     0.00     0.00     0.00     0.00 -1    -1e-30      0.00 6.773e-01 3.079e-01 1.614e-03 2.591e-03 5.660e-03 -1.000 1.486e-02 -5.808 -0.148 -2.344 -4.062 -5.147 -6.236 -7.511 -8.331 -8.578
0.01471 0.00000 7.69897 7.2265882492 2.7834038734    7.224  4.339  3.5537  0.125    7  0.000  0.379     0.00     0.00     0.00     0.00     0.00 -1    -1e-30      0.00 6.239e-01 3.613e-01 1.480e-03 3.156e-03 5.207e-03 -1.000 1.481e-02 -6.077 -0.193 -2.350 -4.067 -5.230 -6.456 -7.807 -8.641 -8.902
